10941	0.3256279335159648	0.3817426653554743	0.2926294011285609
10942	0.36918438539670734	0.3701896732392054	0.2606259413640873
10943	0.24079804287990159	0.36701228761244115	0.39218966950765727
10944	0.37108782627694403	0.371529104907321	0.25738306881573497
10945	0.36918438539670734	0.3701896732392054	0.2606259413640873
10946	0.3557494588625551	0.3746341621850535	0.2696163789523914
10947	0.2584250610904545	0.38152259733928684	0.36005234157025867
10948	0.29630522673158277	0.3780905064612511	0.32560426680716614
10949	0.3574453792425243	0.37783529230331536	0.2647193284541603
10950	0.38199507012893413	0.3878099347426664	0.23019499512839955
10951	0.2661426653680303	0.3877074252059849	0.3461499094259848
10952	0.3069431879545376	0.37153745411056005	0.3215193579349022
10953	0.378798150176502	0.3701781691985464	0.25102368062495156
10954	0.21387485748615537	0.304068404314006	0.4820567381998386
10955	0.3198056828510055	0.3201859793772095	0.3600083377717849
10956	0.371753385082278	0.3779405088159048	0.2503061061018171
10957	0.3845140001379303	0.37488316394029464	0.24060283592177495
10958	0.3754418069365629	0.3749537843562538	0.2496044087071833
10959	0.3756646706550993	0.37460818607711494	0.24972714326778583
10960	0.3256279335159648	0.3817426653554743	0.2926294011285609
10961	0.2856685118597235	0.38353365571266523	0.3307978324276113
10962	0.3962260016267249	0.37461800919016663	0.2291559891831085
10963	0.2693759742095631	0.38582185749120845	0.34480216829922844
10964	0.24555114117353616	0.37096742739281796	0.3834814314336458
10965	0.3682323846090761	0.3702876358238953	0.2614799795670287
10966	0.36918438539670734	0.3701896732392054	0.2606259413640873
10967	0.36918438539670734	0.3701896732392054	0.2606259413640873
10968	0.36918438539670734	0.3701896732392054	0.2606259413640873
10969	0.3557494588625551	0.3746341621850535	0.2696163789523914
10970	0.36918438539670734	0.3701896732392054	0.2606259413640873
10971	0.3069431879545376	0.37153745411056005	0.3215193579349022
10972	0.3254255823319817	0.3819584396092475	0.2926159780587708
10973	0.3557494588625551	0.3746341621850535	0.2696163789523914
10974	0.36918438539670734	0.3701896732392054	0.2606259413640873
10975	0.2914823387232821	0.3727777767328575	0.33573988454386033
10976	0.3069431879545376	0.37153745411056005	0.3215193579349022
10977	0.34805854955218374	0.37465085725765224	0.27729059319016414
10978	0.36918438539670734	0.3701896732392054	0.2606259413640873
10979	0.3069431879545376	0.37153745411056005	0.3215193579349022
10980	0.12101362687657619	0.3367302571590474	0.5422561159643764
10981	0.18735903975898704	0.3671360987122342	0.4455048615287788
10982	0.36230912341633253	0.37012140590269904	0.2675694706809684
10983	0.36918438539670734	0.3701896732392054	0.2606259413640873
10984	0.33429199296716255	0.37176013354477777	0.2939478734880598
10985	0.35237325353707516	0.3717574335992727	0.2758693128636521
10986	0.35237325353707516	0.3717574335992727	0.2758693128636521
10987	0.3591467003375155	0.2989654300089746	0.3418878696535099
10988	0.36865250741507555	0.3700111737168013	0.2613363188681232
10989	0.24425426012325535	0.3768180114040233	0.3789277284727214
10990	0.3721549174092309	0.3755382935874706	0.2523067890032985
10991	0.36918438539670734	0.3701896732392054	0.2606259413640873
10992	0.17063217790025725	0.3702581124452156	0.45910970965452713
10993	0.25290650400728687	0.3777417654202119	0.3693517305725012
10994	0.36918438539670734	0.3701896732392054	0.2606259413640873
10995	0.16362717866130522	0.3567648944237991	0.4796079269148957
10996	0.37194252340694217	0.37191554429894497	0.25614193229411286
10997	0.36918438539670734	0.3701896732392054	0.2606259413640873
10998	0.2531768266232017	0.37752029917484464	0.36930287420195373
10999	0.36918438539670734	0.3701896732392054	0.2606259413640873
11000	0.36918438539670734	0.3701896732392054	0.2606259413640873
11001	0.36918438539670734	0.3701896732392054	0.2606259413640873
11002	0.36230912341633253	0.37012140590269904	0.2675694706809684
11003	0.36918438539670734	0.3701896732392054	0.2606259413640873
11004	0.3593184044713862	0.379234164701544	0.26144743082706984
11005	0.3733263395096522	0.37094254593099507	0.25573111455935277
11006	0.36918438539670734	0.3701896732392054	0.2606259413640873
11007	0.37108782627694403	0.371529104907321	0.25738306881573497
11008	0.37108782627694403	0.371529104907321	0.25738306881573497
11009	0.22929865244782266	0.3670816832927751	0.4036196642594023
11010	0.37108782627694403	0.371529104907321	0.25738306881573497
11011	0.3682323846090761	0.3702876358238953	0.2614799795670287
11012	0.369668616973605	0.3769676965017392	0.25336368652465574
11013	0.36918438539670734	0.3701896732392054	0.2606259413640873
11014	0.36918438539670734	0.3701896732392054	0.2606259413640873
11015	0.36918438539670734	0.3701896732392054	0.2606259413640873
11016	0.36918438539670734	0.3701896732392054	0.2606259413640873
11017	0.26109648931775303	0.3881835282255271	0.3507199824567199
11018	0.36327326500699464	0.3715949335917315	0.26513180140127385
11019	0.36918438539670734	0.3701896732392054	0.2606259413640873
11020	0.2531768266232017	0.37752029917484464	0.36930287420195373
11021	0.3754418069365629	0.3749537843562538	0.2496044087071833
11022	0.3619785124180128	0.3796645557596516	0.25835693182233554
11023	0.36918438539670734	0.3701896732392054	0.2606259413640873
11024	0.2967397896545853	0.3831348710707096	0.32012533927470516
11025	0.36918438539670734	0.3701896732392054	0.2606259413640873
11026	0.23954614719430922	0.37734199358935777	0.38311185921633295
11027	0.3634214208708327	0.3720899503981972	0.26448862873097007
11028	0.36918438539670734	0.3701896732392054	0.2606259413640873
11029	0.36918438539670734	0.3701896732392054	0.2606259413640873
11030	0.36918438539670734	0.3701896732392054	0.2606259413640873
11031	0.29313424894930723	0.383007397763959	0.32385835328673385
11032	0.24113095112650454	0.3850873983735425	0.373781650499953
11033	0.36329218544741904	0.36428142868640373	0.2724263858661773
11034	0.24960439646917942	0.3746943855467819	0.3757012179840387
11035	0.28639084352571637	0.37280301349101647	0.34080614298326717
11036	0.31958025988674515	0.37509766908860864	0.3053220710246463
11037	0.31958025988674515	0.37509766908860864	0.3053220710246463
11038	0.28639084352571637	0.37280301349101647	0.34080614298326717
11039	0.36787023399232277	0.36969832142944087	0.2624314445782363
11040	0.37063455511165444	0.3714379374255372	0.25792750746280824
11041	0.36918438539670734	0.3701896732392054	0.2606259413640873
11042	0.2994165039304784	0.38683188964789117	0.3137516064216304
11043	0.2147821362071134	0.376894642872372	0.40832322092051454
11044	0.24475579830705607	0.3812115073773321	0.37403269431561187
11045	0.36918438539670734	0.3701896732392054	0.2606259413640873
11046	0.36918438539670734	0.3701896732392054	0.2606259413640873
11047	0.36918438539670734	0.3701896732392054	0.2606259413640873
11048	0.36230912341633253	0.37012140590269904	0.2675694706809684
11049	0.36918438539670734	0.3701896732392054	0.2606259413640873
11050	0.3682323846090761	0.3702876358238953	0.2614799795670287
11051	0.3641687382678413	0.3722052150898402	0.2636260466423185
11052	0.36918438539670734	0.3701896732392054	0.2606259413640873
11053	0.22486853879961785	0.3812323968407046	0.39389906435967753
11054	0.3449426286130507	0.38010137384308634	0.27495599754386285
11055	0.33742774972972844	0.3776305561656185	0.28494169410465303
11056	0.34414801880758344	0.3780486126452817	0.2778033685471348
11057	0.37108782627694403	0.371529104907321	0.25738306881573497
11058	0.36918438539670734	0.3701896732392054	0.2606259413640873
11059	0.2547810129615534	0.37648208290011803	0.36873690413832844
11060	0.33429199296716255	0.37176013354477777	0.2939478734880598
11061	0.36918438539670734	0.3701896732392054	0.2606259413640873
11062	0.29878961357925066	0.3828628921477519	0.3183474942729974
11063	0.36125346003782066	0.36865351495996723	0.27009302500221205
11064	0.36241999574497735	0.3626085068645139	0.2749714973905088
11065	0.3682323846090761	0.3702876358238953	0.2614799795670287
11066	0.37046906964365406	0.3697184023276136	0.2598125280287323
11067	0.3069431879545376	0.37153745411056005	0.3215193579349022
11068	0.36918438539670734	0.3701896732392054	0.2606259413640873
11069	0.36918438539670734	0.3701896732392054	0.2606259413640873
11070	0.3682323846090761	0.3702876358238953	0.2614799795670287
11071	0.10567026759537958	0.3233018367529005	0.5710278956517201
11072	0.36918438539670734	0.3701896732392054	0.2606259413640873
11073	0.28160790093089066	0.38107113831712297	0.3373209607519863
11074	0.34089391773151434	0.3791297255471821	0.27997635672130355
11075	0.33429199296716255	0.37176013354477777	0.2939478734880598
11076	0.36918438539670734	0.3701896732392054	0.2606259413640873
11077	0.37194252340694217	0.37191554429894497	0.25614193229411286
11078	0.2967397896545853	0.3831348710707096	0.32012533927470516
11079	0.36918438539670734	0.3701896732392054	0.2606259413640873
11080	0.37194252340694217	0.37191554429894497	0.25614193229411286
11081	0.266365333210621	0.3792749021950284	0.3543597645943505
11082	0.2967397896545853	0.3831348710707096	0.32012533927470516
11083	0.3557494588625551	0.3746341621850535	0.2696163789523914
11084	0.36918438539670734	0.3701896732392054	0.2606259413640873
11085	0.2523677678170069	0.37917160144753914	0.36846063073545393
11086	0.36918438539670734	0.3701896732392054	0.2606259413640873
11087	0.36918438539670734	0.3701896732392054	0.2606259413640873
11088	0.1685366690307535	0.3523727551855169	0.4790905757837295
11089	0.27378602115228245	0.3720580069964481	0.35415597185126957
11090	0.3682323846090761	0.3702876358238953	0.2614799795670287
11091	0.3756646706550993	0.37460818607711494	0.24972714326778583
11092	0.1533565647446088	0.35866499117342293	0.4879784440819684
11093	0.33742774972972844	0.3776305561656185	0.28494169410465303
11094	0.36918438539670734	0.3701896732392054	0.2606259413640873
11095	0.36918438539670734	0.3701896732392054	0.2606259413640873
11096	0.36918438539670734	0.3701896732392054	0.2606259413640873
11097	0.17230094340058374	0.3605156155230847	0.46718344107633153
11098	0.25560463819393203	0.37662550552959123	0.3677698562764767
11099	0.30773827158786987	0.38218756774070006	0.31007416067143007
11100	0.3265370844836864	0.3438543578185505	0.3296085576977632
11101	0.24619264392611162	0.3758559028245824	0.3779514532493059
11102	0.3069431879545376	0.37153745411056005	0.3215193579349022
11103	0.36918438539670734	0.3701896732392054	0.2606259413640873
11104	0.36918438539670734	0.3701896732392054	0.2606259413640873
11105	0.3789957169903917	0.3753883679343544	0.24561591507525385
11106	0.36230912341633253	0.37012140590269904	0.2675694706809684
11107	0.24785783733338124	0.37011754702684113	0.3820246156397775
11108	0.37194252340694217	0.37191554429894497	0.25614193229411286
11109	0.3634214208708327	0.3720899503981972	0.26448862873097007
11110	0.2612134382727963	0.38854522449355156	0.3502413372336522
11111	0.36230912341633253	0.37012140590269904	0.2675694706809684
11112	0.3634214208708327	0.3720899503981972	0.26448862873097007
11113	0.350669925499246	0.35698851116273017	0.2923415633380238
11114	0.36918438539670734	0.3701896732392054	0.2606259413640873
11115	0.36918438539670734	0.3701896732392054	0.2606259413640873
11116	0.36918438539670734	0.3701896732392054	0.2606259413640873
11117	0.36918438539670734	0.3701896732392054	0.2606259413640873
11118	0.24475579830705607	0.3812115073773321	0.37403269431561187
11119	0.254866564837664	0.3811284973454676	0.3640049378168684
11120	0.36220398601916254	0.3685728440098325	0.269223169971005
11121	0.36230912341633253	0.37012140590269904	0.2675694706809684
11122	0.36918438539670734	0.3701896732392054	0.2606259413640873
11123	0.1939865102199758	0.3730795627474281	0.4329339270325961
11124	0.3065513247918521	0.3825252477309957	0.31092342747715207
11125	0.36918438539670734	0.3701896732392054	0.2606259413640873
11126	0.3274970733961834	0.3833466129156709	0.2891563136881456
11127	0.26059588672290657	0.3710598457311414	0.36834426754595206
11128	0.24929625103867142	0.3755227749176656	0.37518097404366296
11129	0.36918438539670734	0.3701896732392054	0.2606259413640873
11130	0.3254255823319817	0.3819584396092475	0.2926159780587708
11131	0.3254255823319817	0.3819584396092475	0.2926159780587708
11132	0.3614005496002575	0.3704086153109128	0.2681908350888296
11133	0.36918438539670734	0.3701896732392054	0.2606259413640873
11134	0.3845140001379303	0.37488316394029464	0.24060283592177495
11135	0.36918438539670734	0.3701896732392054	0.2606259413640873
11136	0.17230094340058374	0.3605156155230847	0.46718344107633153
11137	0.36948051032574464	0.3642740541585635	0.26624543551569185
11138	0.1962301365248643	0.37230736263404945	0.4314625008410862
11139	0.3065513247918521	0.3825252477309957	0.31092342747715207
11140	0.3065513247918521	0.3825252477309957	0.31092342747715207
11141	0.3065513247918521	0.3825252477309957	0.31092342747715207
11142	0.36918438539670734	0.3701896732392054	0.2606259413640873
11143	0.3333634341227223	0.3717843099134891	0.29485225596378856
11144	0.3641256235279185	0.36996148023285796	0.26591289623922354
11145	0.35909754144218603	0.3701515437498775	0.2707509148079364
11146	0.35909754144218603	0.3701515437498775	0.2707509148079364
11147	0.3565073542382764	0.37791800438768586	0.26557464137403775
11148	0.37046906964365406	0.3697184023276136	0.2598125280287323
11149	0.32698488570249357	0.3830140203672589	0.2900010939302476
11150	0.37194252340694217	0.37191554429894497	0.25614193229411286
11151	0.36918438539670734	0.3701896732392054	0.2606259413640873
11152	0.3754418069365629	0.3749537843562538	0.2496044087071833
11153	0.266365333210621	0.3792749021950284	0.3543597645943505
11154	0.36918438539670734	0.3701896732392054	0.2606259413640873
11155	0.26059588672290657	0.3710598457311414	0.36834426754595206
11156	0.16255658027826164	0.34012689887735925	0.49731652084437916
11157	0.36918438539670734	0.3701896732392054	0.2606259413640873
11158	0.17388282248960887	0.35550560692859884	0.4706115705817924
11159	0.26374672467040505	0.37973569336293295	0.35651758196666195
11160	0.3549699758428367	0.3773122165775602	0.2677178075796031
11161	0.26059588672290657	0.3710598457311414	0.36834426754595206
11162	0.36918438539670734	0.3701896732392054	0.2606259413640873
11163	0.2547810129615534	0.37648208290011803	0.36873690413832844
11164	0.30654059694353886	0.37609766379716797	0.31736173925929323
11165	0.2967397896545853	0.3831348710707096	0.32012533927470516
11166	0.24425426012325535	0.3768180114040233	0.3789277284727214
11167	0.36918438539670734	0.3701896732392054	0.2606259413640873
11168	0.378798150176502	0.3701781691985464	0.25102368062495156
11169	0.3670749186082721	0.30387833472474607	0.32904674666698186
11170	0.36918438539670734	0.3701896732392054	0.2606259413640873
11171	0.36918438539670734	0.3701896732392054	0.2606259413640873
11172	0.36918438539670734	0.3701896732392054	0.2606259413640873
11173	0.3574453792425243	0.37783529230331536	0.2647193284541603
11174	0.23438649404907846	0.3793244111280507	0.3862890948228708
11175	0.33438328196706246	0.3860010328656737	0.2796156851672639
11176	0.26053324516923837	0.37953581596870173	0.3599309388620598
11177	0.36918438539670734	0.3701896732392054	0.2606259413640873
11178	0.3559078048423618	0.37723371678425466	0.2668584783733836
11179	0.36230912341633253	0.37012140590269904	0.2675694706809684
11180	0.36918438539670734	0.3701896732392054	0.2606259413640873
11181	0.37722537152136215	0.37636377373817104	0.24641085474046676
11182	0.3557494588625551	0.3746341621850535	0.2696163789523914
11183	0.14748444679268954	0.348406298574878	0.5041092546324325
11184	0.2444496765041609	0.3753364224041381	0.380213901091701
11185	0.36918438539670734	0.3701896732392054	0.2606259413640873
11186	0.36918438539670734	0.3701896732392054	0.2606259413640873
11187	0.3557494588625551	0.3746341621850535	0.2696163789523914
11188	0.36918438539670734	0.3701896732392054	0.2606259413640873
11189	0.34089391773151434	0.3791297255471821	0.27997635672130355
11190	0.2619302473655639	0.3776981347025584	0.3603716179318777
11191	0.26059588672290657	0.3710598457311414	0.36834426754595206
11192	0.23209734139941868	0.3993676614277999	0.3685349971727814
11193	0.266365333210621	0.3792749021950284	0.3543597645943505
11194	0.36918438539670734	0.3701896732392054	0.2606259413640873
11195	0.3065513247918521	0.3825252477309957	0.31092342747715207
11196	0.36918438539670734	0.3701896732392054	0.2606259413640873
11197	0.36918438539670734	0.3701896732392054	0.2606259413640873
11198	0.36918438539670734	0.3701896732392054	0.2606259413640873
11199	0.37194252340694217	0.37191554429894497	0.25614193229411286
11200	0.3574453792425243	0.37783529230331536	0.2647193284541603
11201	0.36918438539670734	0.3701896732392054	0.2606259413640873
11202	0.3682323846090761	0.3702876358238953	0.2614799795670287
11203	0.2515662359080567	0.38558285785591095	0.3628509062360323
11204	0.35237325353707516	0.3717574335992727	0.2758693128636521
11205	0.35637616141811534	0.3762662830542146	0.26735755552767004
11206	0.35637616141811534	0.3762662830542146	0.26735755552767004
11207	0.33429199296716255	0.37176013354477777	0.2939478734880598
11208	0.299820936512422	0.37682980392726095	0.32334925956031707
11209	0.36918438539670734	0.3701896732392054	0.2606259413640873
11210	0.3084106835323272	0.3842567279567819	0.3073325885108909
11211	0.27495223723488155	0.3901258698244948	0.3349218929406237
11212	0.36918438539670734	0.3701896732392054	0.2606259413640873
11213	0.36918438539670734	0.3701896732392054	0.2606259413640873
11214	0.2756502722701449	0.3877040723931615	0.33664565533669366
11215	0.3789957169903917	0.3753883679343544	0.24561591507525385
11216	0.36918438539670734	0.3701896732392054	0.2606259413640873
11217	0.36918438539670734	0.3701896732392054	0.2606259413640873
11218	0.36918438539670734	0.3701896732392054	0.2606259413640873
11219	0.36918438539670734	0.3701896732392054	0.2606259413640873
11220	0.36918438539670734	0.3701896732392054	0.2606259413640873
11221	0.24175144513392002	0.3792156396740266	0.37903291519205345
11222	0.3845140001379303	0.37488316394029464	0.24060283592177495
11223	0.2661426653680303	0.3877074252059849	0.3461499094259848
11224	0.3500684552796794	0.37104447476417607	0.27888706995614454
11225	0.36948051032574464	0.3642740541585635	0.26624543551569185
11226	0.3845140001379303	0.37488316394029464	0.24060283592177495
11227	0.16860806584764143	0.37031446883655667	0.4610774653158018
11228	0.357642661337546	0.37605174287280696	0.2663055957896471
11229	0.2378200421044471	0.2943966915451557	0.46778326635039724
11230	0.36918438539670734	0.3701896732392054	0.2606259413640873
11231	0.2532885759069026	0.3859851907249487	0.36072623336814863
11232	0.3756646706550993	0.37460818607711494	0.24972714326778583
11233	0.36918438539670734	0.3701896732392054	0.2606259413640873
11234	0.29878961357925066	0.3828628921477519	0.3183474942729974
11235	0.3714226264483729	0.36961638434901284	0.25896098920261434
11236	0.2967397896545853	0.3831348710707096	0.32012533927470516
11237	0.3614005496002575	0.3704086153109128	0.2681908350888296
11238	0.24425426012325535	0.3768180114040233	0.3789277284727214
11239	0.36918438539670734	0.3701896732392054	0.2606259413640873
11240	0.1539136510007713	0.3514339911570594	0.4946523578421694
11241	0.3539949527225324	0.2942261850351222	0.35177886224234545
11242	0.3539949527225324	0.2942261850351222	0.35177886224234545
11243	0.19551355937054465	0.36660076315129064	0.43788567747816465
11244	0.36230912341633253	0.37012140590269904	0.2675694706809684
11245	0.36918438539670734	0.3701896732392054	0.2606259413640873
11246	0.36918438539670734	0.3701896732392054	0.2606259413640873
11247	0.37194252340694217	0.37191554429894497	0.25614193229411286
11248	0.26059588672290657	0.3710598457311414	0.36834426754595206
11249	0.36230912341633253	0.37012140590269904	0.2675694706809684
11250	0.2741842293248768	0.36808060866961306	0.35773516200551014
11251	0.23918540081816492	0.3846795531520183	0.3761350460298168
11252	0.37108782627694403	0.371529104907321	0.25738306881573497
11253	0.36918438539670734	0.3701896732392054	0.2606259413640873
11254	0.36230912341633253	0.37012140590269904	0.2675694706809684
11255	0.37194252340694217	0.37191554429894497	0.25614193229411286
11256	0.3754418069365629	0.3749537843562538	0.2496044087071833
11257	0.3065043353537102	0.3823629311078837	0.31113273353840604
11258	0.337993591755645	0.3582460882616604	0.30376031998269476
11259	0.36918438539670734	0.3701896732392054	0.2606259413640873
11260	0.36918438539670734	0.3701896732392054	0.2606259413640873
11261	0.3557494588625551	0.3746341621850535	0.2696163789523914
11262	0.3557494588625551	0.3746341621850535	0.2696163789523914
11263	0.36918438539670734	0.3701896732392054	0.2606259413640873
11264	0.3065513247918521	0.3825252477309957	0.31092342747715207
11265	0.36918438539670734	0.3701896732392054	0.2606259413640873
11266	0.25932153868684743	0.38613529620502957	0.3545431651081229
11267	0.3557494588625551	0.3746341621850535	0.2696163789523914
11268	0.36918438539670734	0.3701896732392054	0.2606259413640873
11269	0.3557494588625551	0.3746341621850535	0.2696163789523914
11270	0.17217099827273727	0.35423432163253943	0.47359468009472333
11271	0.26159350003498544	0.379020029089087	0.3593864708759275
11272	0.36918438539670734	0.3701896732392054	0.2606259413640873
11273	0.36918438539670734	0.3701896732392054	0.2606259413640873
11274	0.26059588672290657	0.3710598457311414	0.36834426754595206
11275	0.36918438539670734	0.3701896732392054	0.2606259413640873
11276	0.36918438539670734	0.3701896732392054	0.2606259413640873
11277	0.2592841671278296	0.36449482652936604	0.3762210063428044
11278	0.36918438539670734	0.3701896732392054	0.2606259413640873
11279	0.36329218544741904	0.36428142868640373	0.2724263858661773
11280	0.3756646706550993	0.37460818607711494	0.24972714326778583
11281	0.36918438539670734	0.3701896732392054	0.2606259413640873
11282	0.36918438539670734	0.3701896732392054	0.2606259413640873
11283	0.36918438539670734	0.3701896732392054	0.2606259413640873
11284	0.26159350003498544	0.379020029089087	0.3593864708759275
11285	0.36918438539670734	0.3701896732392054	0.2606259413640873
11286	0.36918438539670734	0.3701896732392054	0.2606259413640873
11287	0.2832792439938141	0.3739031202428305	0.34281763576335533
11288	0.36918438539670734	0.3701896732392054	0.2606259413640873
11289	0.3333634341227223	0.3717843099134891	0.29485225596378856
11290	0.15185975663861248	0.3669549342271705	0.48118530913421703
11291	0.36918438539670734	0.3701896732392054	0.2606259413640873
11292	0.37194252340694217	0.37191554429894497	0.25614193229411286
11293	0.39496050552429257	0.3677222596745472	0.23731723480116018
11294	0.25290650400728687	0.3777417654202119	0.3693517305725012
11295	0.36329563601755316	0.36428488881525367	0.2724194751671932
11296	0.35067432036750384	0.3776424059173311	0.271683273715165
11297	0.3574453792425243	0.37783529230331536	0.2647193284541603
11298	0.37108782627694403	0.371529104907321	0.25738306881573497
11299	0.36422158472826943	0.37150594782152224	0.2642724674502082
11300	0.3614005496002575	0.3704086153109128	0.2681908350888296
11301	0.23680961229398773	0.3845349783894852	0.3786554093165271
11302	0.36918438539670734	0.3701896732392054	0.2606259413640873
11303	0.2967397896545853	0.3831348710707096	0.32012533927470516
11304	0.2661426653680303	0.3877074252059849	0.3461499094259848
11305	0.36918438539670734	0.3701896732392054	0.2606259413640873
11306	0.36918438539670734	0.3701896732392054	0.2606259413640873
11307	0.36918438539670734	0.3701896732392054	0.2606259413640873
11308	0.3274970733961834	0.3833466129156709	0.2891563136881456
11309	0.3274970733961834	0.3833466129156709	0.2891563136881456
11310	0.266365333210621	0.3792749021950284	0.3543597645943505
11311	0.36918438539670734	0.3701896732392054	0.2606259413640873
11312	0.33429199296716255	0.37176013354477777	0.2939478734880598
11313	0.2520884397802652	0.37759322477583007	0.3703183354439048
11314	0.3578501747996518	0.37407517845313876	0.2680746467472094
11315	0.3438982718466793	0.3676907802962641	0.2884109478570566
11316	0.3845140001379303	0.37488316394029464	0.24060283592177495
11317	0.3682323846090761	0.3702876358238953	0.2614799795670287
11318	0.37806695584599803	0.3767280893964496	0.24520495475755244
11319	0.3753606995743957	0.375077109689036	0.24956219073656832
11320	0.19126372916657233	0.3738048430652379	0.4349314277681897
11321	0.19126372916657233	0.3738048430652379	0.4349314277681897
11322	0.36860152483321457	0.3750387952936437	0.25635967987314173
11323	0.3754418069365629	0.3749537843562538	0.2496044087071833
11324	0.36918438539670734	0.3701896732392054	0.2606259413640873
11325	0.3845140001379303	0.37488316394029464	0.24060283592177495
11326	0.37194252340694217	0.37191554429894497	0.25614193229411286
11327	0.36918438539670734	0.3701896732392054	0.2606259413640873
11328	0.3634214208708327	0.3720899503981972	0.26448862873097007
11329	0.24345117993230023	0.376649716802457	0.3798991032652427
11330	0.3682323846090761	0.3702876358238953	0.2614799795670287
11331	0.36918438539670734	0.3701896732392054	0.2606259413640873
11332	0.36918438539670734	0.3701896732392054	0.2606259413640873
11333	0.36918438539670734	0.3701896732392054	0.2606259413640873
11334	0.2967397896545853	0.3831348710707096	0.32012533927470516
11335	0.26105152930274794	0.38456024715466935	0.35438822354258265
11336	0.3069431879545376	0.37153745411056005	0.3215193579349022
11337	0.36230912341633253	0.37012140590269904	0.2675694706809684
11338	0.3741815108046121	0.371323729354413	0.2544947598409749
11339	0.36918438539670734	0.3701896732392054	0.2606259413640873
11340	0.3754418069365629	0.3749537843562538	0.2496044087071833
11341	0.36329218544741904	0.36428142868640373	0.2724263858661773
11342	0.36918438539670734	0.3701896732392054	0.2606259413640873
11343	0.36918438539670734	0.3701896732392054	0.2606259413640873
11344	0.2967397896545853	0.3831348710707096	0.32012533927470516
11345	0.36918438539670734	0.3701896732392054	0.2606259413640873
11346	0.378798150176502	0.3701781691985464	0.25102368062495156
11347	0.3943891258956353	0.3734525704678416	0.23215830363652315
11348	0.4006420292637731	0.37727928671301136	0.22207868402321546
11349	0.36918438539670734	0.3701896732392054	0.2606259413640873
11350	0.3352778087947	0.3682643263155918	0.29645786488970816
11351	0.20777470496788472	0.37938888537880083	0.41283640965331436
11352	0.28466162639990916	0.3786562445079844	0.3366821290921065
11353	0.36918438539670734	0.3701896732392054	0.2606259413640873
11354	0.36918438539670734	0.3701896732392054	0.2606259413640873
11355	0.2444496765041609	0.3753364224041381	0.380213901091701
11356	0.23351622983463408	0.3765567764194864	0.38992699374587947
11357	0.3756646706550993	0.37460818607711494	0.24972714326778583
11358	0.2236811421398521	0.369914703320406	0.4064041545397419
11359	0.2661426653680303	0.3877074252059849	0.3461499094259848
11360	0.24425426012325535	0.3768180114040233	0.3789277284727214
11361	0.3756646706550993	0.37460818607711494	0.24972714326778583
11362	0.36918438539670734	0.3701896732392054	0.2606259413640873
11363	0.25243525269770645	0.3773845002863892	0.37018024701590435
11364	0.22869258550308144	0.29289348232437384	0.4784139321725448
11365	0.3701365359683904	0.37163306346587704	0.25823040056573254
11366	0.2442891412853493	0.3732925122809452	0.38241834643370554
11367	0.36918438539670734	0.3701896732392054	0.2606259413640873
11368	0.2532540868688715	0.37753242884562926	0.3692134842854992
11369	0.2843723523538142	0.38995623962954645	0.3256714080166394
11370	0.3756646706550993	0.37460818607711494	0.24972714326778583
11371	0.287852632859995	0.38242432564138384	0.32972304149862114
11372	0.36871429902821773	0.384776333501612	0.24650936747017024
11373	0.36918438539670734	0.3701896732392054	0.2606259413640873
11374	0.2099551240142038	0.28993271334678267	0.5001121626390135
11375	0.36948051032574464	0.3642740541585635	0.26624543551569185
11376	0.24425426012325535	0.3768180114040233	0.3789277284727214
11377	0.2661426653680303	0.3877074252059849	0.3461499094259848
11378	0.36918438539670734	0.3701896732392054	0.2606259413640873
11379	0.24425426012325535	0.3768180114040233	0.3789277284727214
11380	0.3584865213579759	0.3733613568868908	0.2681521217551332
11381	0.2661426653680303	0.3877074252059849	0.3461499094259848
11382	0.36918438539670734	0.3701896732392054	0.2606259413640873
11383	0.2967397896545853	0.3831348710707096	0.32012533927470516
11384	0.2974219904895296	0.3816835923285759	0.3208944171818944
11385	0.3514700174489072	0.3701095614758522	0.2784204210752405
11386	0.3514700174489072	0.3701095614758522	0.2784204210752405
11387	0.360694690060984	0.3665360927938124	0.2727692171452036
11388	0.36918438539670734	0.3701896732392054	0.2606259413640873
11389	0.36230912341633253	0.37012140590269904	0.2675694706809684
11390	0.3457635523205059	0.37862672345243686	0.2756097242270573
11391	0.20609368234354092	0.38424102801854354	0.4096652896379155
11392	0.20609368234354092	0.38424102801854354	0.4096652896379155
11393	0.3069431879545376	0.37153745411056005	0.3215193579349022
11394	0.36918438539670734	0.3701896732392054	0.2606259413640873
11395	0.36918438539670734	0.3701896732392054	0.2606259413640873
11396	0.36918438539670734	0.3701896732392054	0.2606259413640873
11397	0.36918438539670734	0.3701896732392054	0.2606259413640873
11398	0.36918438539670734	0.3701896732392054	0.2606259413640873
11399	0.2675649326592221	0.3889462320780775	0.34348883526270035
11400	0.37108782627694403	0.371529104907321	0.25738306881573497
11401	0.3065043353537102	0.3823629311078837	0.31113273353840604
11402	0.19417243486409444	0.3726792972433425	0.4331482678925631
11403	0.24425426012325535	0.3768180114040233	0.3789277284727214
11404	0.2967397896545853	0.3831348710707096	0.32012533927470516
11405	0.36918438539670734	0.3701896732392054	0.2606259413640873
11406	0.36918438539670734	0.3701896732392054	0.2606259413640873
11407	0.3538836742707939	0.3538580050683432	0.29225832066086277
11408	0.3509611475687259	0.35191681359024696	0.2971220388410271
11409	0.25560463819393203	0.37662550552959123	0.3677698562764767
11410	0.3069431879545376	0.37153745411056005	0.3215193579349022
11411	0.3741815108046121	0.371323729354413	0.2544947598409749
11412	0.3714226264483729	0.36961638434901284	0.25896098920261434
11413	0.33429199296716255	0.37176013354477777	0.2939478734880598
11414	0.3682323846090761	0.3702876358238953	0.2614799795670287
11415	0.3069431879545376	0.37153745411056005	0.3215193579349022
11416	0.3198735033695971	0.37417995088921474	0.30594654574118807
11417	0.157176753896174	0.34214833356486524	0.5006749125389608
11418	0.36918438539670734	0.3701896732392054	0.2606259413640873
11419	0.36918438539670734	0.3701896732392054	0.2606259413640873
11420	0.3756646706550993	0.37460818607711494	0.24972714326778583
11421	0.24425426012325535	0.3768180114040233	0.3789277284727214
11422	0.3682323846090761	0.3702876358238953	0.2614799795670287
11423	0.36329218544741904	0.36428142868640373	0.2724263858661773
11424	0.36918438539670734	0.3701896732392054	0.2606259413640873
11425	0.36918438539670734	0.3701896732392054	0.2606259413640873
11426	0.3557494588625551	0.3746341621850535	0.2696163789523914
11427	0.36918438539670734	0.3701896732392054	0.2606259413640873
11428	0.37099133065715395	0.3720219059358235	0.2569867634070225
11429	0.24461373954778004	0.28915144507837126	0.46623481537384875
11430	0.36918438539670734	0.3701896732392054	0.2606259413640873
11431	0.2661426653680303	0.3877074252059849	0.3461499094259848
11432	0.36918438539670734	0.3701896732392054	0.2606259413640873
11433	0.3559558012275734	0.38491732902017345	0.2591268697522531
11434	0.36918438539670734	0.3701896732392054	0.2606259413640873
11435	0.36918438539670734	0.3701896732392054	0.2606259413640873
11436	0.2444496765041609	0.3753364224041381	0.380213901091701
11437	0.15886679798785658	0.3463855875001284	0.49474761451201504
11438	0.2561850087337859	0.36941361628699443	0.37440137497921966
11439	0.110468867551038	0.3250072557951798	0.5645238766537821
11440	0.19092438563933256	0.3650951179737551	0.4439804963869123
11441	0.24425426012325535	0.3768180114040233	0.3789277284727214
11442	0.36918438539670734	0.3701896732392054	0.2606259413640873
11443	0.36918438539670734	0.3701896732392054	0.2606259413640873
11444	0.36918438539670734	0.3701896732392054	0.2606259413640873
11445	0.24425426012325535	0.3768180114040233	0.3789277284727214
11446	0.36918438539670734	0.3701896732392054	0.2606259413640873
11447	0.36918438539670734	0.3701896732392054	0.2606259413640873
11448	0.3557494588625551	0.3746341621850535	0.2696163789523914
11449	0.26059588672290657	0.3710598457311414	0.36834426754595206
11450	0.36918438539670734	0.3701896732392054	0.2606259413640873
11451	0.11160776659489363	0.3378442116458942	0.5505480217592121
11452	0.34063257819340426	0.37729161834909475	0.282075803457501
11453	0.33706809152572154	0.3738023306870694	0.289129577787209
11454	0.26187945601427015	0.38468328968473914	0.3534372543009908
11455	0.25560463819393203	0.37662550552959123	0.3677698562764767
11456	0.36918438539670734	0.3701896732392054	0.2606259413640873
11457	0.26059588672290657	0.3710598457311414	0.36834426754595206
11458	0.20404598556975043	0.3741493410681614	0.4218046733620881
11459	0.2565852702636212	0.3785682021818022	0.3648465275545766
11460	0.23172928275862903	0.3771654609260921	0.39110525631527887
11461	0.36918438539670734	0.3701896732392054	0.2606259413640873
11462	0.37194252340694217	0.37191554429894497	0.25614193229411286
11463	0.3591467003375155	0.2989654300089746	0.3418878696535099
11464	0.36918438539670734	0.3701896732392054	0.2606259413640873
11465	0.17040991926160384	0.36966031992932585	0.4599297608090703
11466	0.36918438539670734	0.3701896732392054	0.2606259413640873
11467	0.3682323846090761	0.3702876358238953	0.2614799795670287
11468	0.36918438539670734	0.3701896732392054	0.2606259413640873
11469	0.36918438539670734	0.3701896732392054	0.2606259413640873
11470	0.33429199296716255	0.37176013354477777	0.2939478734880598
11471	0.36918438539670734	0.3701896732392054	0.2606259413640873
11472	0.19364394830915385	0.37292325034651275	0.43343280134433343
11473	0.2205831205778312	0.3830292518866506	0.3963876275355181
11474	0.36918438539670734	0.3701896732392054	0.2606259413640873
11475	0.36918438539670734	0.3701896732392054	0.2606259413640873
11476	0.3845140001379303	0.37488316394029464	0.24060283592177495
11477	0.24475579830705607	0.3812115073773321	0.37403269431561187
11478	0.34440882862486105	0.37759241742399596	0.277998753951143
11479	0.3056600901649607	0.38250040551939907	0.3118395043156401
11480	0.3682323846090761	0.3702876358238953	0.2614799795670287
11481	0.3446475566888796	0.3697440411454299	0.28560840216569044
11482	0.3514700174489072	0.3701095614758522	0.2784204210752405
11483	0.34409710529538035	0.3789082447807337	0.27699464992388595
11484	0.3632902473966007	0.3642794855211045	0.2724302670822947
11485	0.36532104997249937	0.3734627358597194	0.26121621416778135
11486	0.36918438539670734	0.3701896732392054	0.2606259413640873
11487	0.14600693486233363	0.344766121956084	0.5092269431815823
11488	0.14600693486233363	0.344766121956084	0.5092269431815823
11489	0.36918438539670734	0.3701896732392054	0.2606259413640873
11490	0.36918438539670734	0.3701896732392054	0.2606259413640873
11491	0.36918438539670734	0.3701896732392054	0.2606259413640873
11492	0.3505272522328863	0.3701690169883901	0.2793037307787237
11493	0.36918438539670734	0.3701896732392054	0.2606259413640873
11494	0.33429199296716255	0.37176013354477777	0.2939478734880598
11495	0.36918438539670734	0.3701896732392054	0.2606259413640873
11496	0.2557716821274255	0.38440378339078984	0.35982453448178464
11497	0.36918438539670734	0.3701896732392054	0.2606259413640873
11498	0.07917213184859012	0.2867346149461349	0.634093253205275
11499	0.1275506161924044	0.3179667479718449	0.5544826358357507
11500	0.3559078048423618	0.37723371678425466	0.2668584783733836
11501	0.29780720682167316	0.3808268139504454	0.3213659792278815
11502	0.29780720682167316	0.3808268139504454	0.3213659792278815
11503	0.1391411943180068	0.33972207469048854	0.5211367309915046
11504	0.3845140001379303	0.37488316394029464	0.24060283592177495
11505	0.36918438539670734	0.3701896732392054	0.2606259413640873
11506	0.34765226863006554	0.3820191731724481	0.2703285581974864
11507	0.3682323846090761	0.3702876358238953	0.2614799795670287
11508	0.1939865102199758	0.3730795627474281	0.4329339270325961
11509	0.37194252340694217	0.37191554429894497	0.25614193229411286
11510	0.37194252340694217	0.37191554429894497	0.25614193229411286
11511	0.21423425358369608	0.38656776127835235	0.3991979851379517
11512	0.2668853913563351	0.3869773900381074	0.34613721860555746
11513	0.36918438539670734	0.3701896732392054	0.2606259413640873
11514	0.20911095711514208	0.3639985075029942	0.4268905353818638
11515	0.36918438539670734	0.3701896732392054	0.2606259413640873
11516	0.36918438539670734	0.3701896732392054	0.2606259413640873
11517	0.3449426286130507	0.38010137384308634	0.27495599754386285
11518	0.15973138804141046	0.3556954851528296	0.4845731268057599
11519	0.25243525269770645	0.3773845002863892	0.37018024701590435
11520	0.37108782627694403	0.371529104907321	0.25738306881573497
11521	0.36918438539670734	0.3701896732392054	0.2606259413640873
11522	0.2766772720980991	0.3692177289848677	0.35410499891703323
11523	0.36918438539670734	0.3701896732392054	0.2606259413640873
11524	0.2974219904895296	0.3816835923285759	0.3208944171818944
11525	0.35735527458842853	0.37468911692391205	0.2679556084876594
11526	0.29600627242829036	0.3746583553203245	0.32933537225138515
11527	0.24425426012325535	0.3768180114040233	0.3789277284727214
11528	0.36918438539670734	0.3701896732392054	0.2606259413640873
11529	0.2549726759597651	0.3796165667510661	0.3654107572891688
11530	0.26059588672290657	0.3710598457311414	0.36834426754595206
11531	0.36918438539670734	0.3701896732392054	0.2606259413640873
11532	0.36918438539670734	0.3701896732392054	0.2606259413640873
11533	0.3574453792425243	0.37783529230331536	0.2647193284541603
11534	0.36918438539670734	0.3701896732392054	0.2606259413640873
11535	0.33429199296716255	0.37176013354477777	0.2939478734880598
11536	0.35237325353707516	0.3717574335992727	0.2758693128636521
11537	0.36918438539670734	0.3701896732392054	0.2606259413640873
11538	0.2967397896545853	0.3831348710707096	0.32012533927470516
11539	0.36918438539670734	0.3701896732392054	0.2606259413640873
11540	0.3165395645337869	0.32172773301924384	0.36173270244696937
11541	0.3594647429974336	0.3707556977557297	0.26977955924683666
11542	0.2670779722263993	0.38749352525765063	0.3454285025159502
11543	0.36329218544741904	0.36428142868640373	0.2724263858661773
11544	0.36918438539670734	0.3701896732392054	0.2606259413640873
11545	0.27198856127993415	0.3948489995557826	0.3331624391642832
11546	0.3557494588625551	0.3746341621850535	0.2696163789523914
11547	0.346700612443836	0.3734803671427494	0.27981902041341455
11548	0.26730526784939207	0.30145832438833825	0.43123640776226974
11549	0.19417243486409444	0.3726792972433425	0.4331482678925631
11550	0.3065043353537102	0.3823629311078837	0.31113273353840604
11551	0.36918438539670734	0.3701896732392054	0.2606259413640873
11552	0.3588864098333433	0.3765387463861892	0.2645748437804674
11553	0.36918438539670734	0.3701896732392054	0.2606259413640873
11554	0.24425426012325535	0.3768180114040233	0.3789277284727214
11555	0.3714226264483729	0.36961638434901284	0.25896098920261434
11556	0.25560463819393203	0.37662550552959123	0.3677698562764767
11557	0.36918438539670734	0.3701896732392054	0.2606259413640873
11558	0.20912580360219432	0.37764224744592323	0.41323194895188237
11559	0.20404598556975043	0.3741493410681614	0.4218046733620881
11560	0.3557494588625551	0.3746341621850535	0.2696163789523914
11561	0.36918438539670734	0.3701896732392054	0.2606259413640873
11562	0.36918438539670734	0.3701896732392054	0.2606259413640873
11563	0.35976360759876275	0.3655582000701113	0.274678192331126
11564	0.36852176138068016	0.37516201236747226	0.2563162262518476
11565	0.3557494588625551	0.3746341621850535	0.2696163789523914
11566	0.36918438539670734	0.3701896732392054	0.2606259413640873
11567	0.23916950692621897	0.37251075923298665	0.38831973384079443
11568	0.2531768266232017	0.37752029917484464	0.36930287420195373
11569	0.2531768266232017	0.37752029917484464	0.36930287420195373
11570	0.2531768266232017	0.37752029917484464	0.36930287420195373
11571	0.3682323846090761	0.3702876358238953	0.2614799795670287
11572	0.33250098380951953	0.3912141429827932	0.2762848732076872
11573	0.36918438539670734	0.3701896732392054	0.2606259413640873
11574	0.24425426012325535	0.3768180114040233	0.3789277284727214
11575	0.3069431879545376	0.37153745411056005	0.3215193579349022
11576	0.24844199913387152	0.3781631946006716	0.37339480626545685
11577	0.15049640878757048	0.3524430172236308	0.4970605739887987
11578	0.36918438539670734	0.3701896732392054	0.2606259413640873
11579	0.36918438539670734	0.3701896732392054	0.2606259413640873
11580	0.36918438539670734	0.3701896732392054	0.2606259413640873
11581	0.16658687053729468	0.36076770060327723	0.47264542885942806
11582	0.36918438539670734	0.3701896732392054	0.2606259413640873
11583	0.36918438539670734	0.3701896732392054	0.2606259413640873
11584	0.2967397896545853	0.3831348710707096	0.32012533927470516
11585	0.36918438539670734	0.3701896732392054	0.2606259413640873
11586	0.15554799926260915	0.35262569705912544	0.4918263036782654
11587	0.357642661337546	0.37605174287280696	0.2663055957896471
11588	0.36918438539670734	0.3701896732392054	0.2606259413640873
11589	0.380686820713115	0.3714547824864079	0.24785839680047717
11590	0.36918438539670734	0.3701896732392054	0.2606259413640873
11591	0.3557494588625551	0.3746341621850535	0.2696163789523914
11592	0.35255360660064977	0.36571065689991883	0.2817357364994315
11593	0.2657797162959968	0.38694304922455436	0.34727723447944897
11594	0.3688227324914001	0.36960195177113164	0.2615753157374683
11595	0.3701365359683904	0.37163306346587704	0.25823040056573254
11596	0.36918438539670734	0.3701896732392054	0.2606259413640873
11597	0.36918438539670734	0.3701896732392054	0.2606259413640873
11598	0.30019968653762374	0.3726954166480181	0.32710489681435817
11599	0.30019968653762374	0.3726954166480181	0.32710489681435817
11600	0.266365333210621	0.3792749021950284	0.3543597645943505
11601	0.36918438539670734	0.3701896732392054	0.2606259413640873
11602	0.24425426012325535	0.3768180114040233	0.3789277284727214
11603	0.35237325353707516	0.3717574335992727	0.2758693128636521
11604	0.36230912341633253	0.37012140590269904	0.2675694706809684
11605	0.3343213281000074	0.37832974699861455	0.28734892490137803
11606	0.3943891258956353	0.3734525704678416	0.23215830363652315
11607	0.3069431879545376	0.37153745411056005	0.3215193579349022
11608	0.3756646706550993	0.37460818607711494	0.24972714326778583
11609	0.32272420892015413	0.36645852501480825	0.3108172660650377
11610	0.36918438539670734	0.3701896732392054	0.2606259413640873
11611	0.28355902944941913	0.303939744993964	0.412501225556617
11612	0.2549726759597651	0.3796165667510661	0.3654107572891688
11613	0.37194252340694217	0.37191554429894497	0.25614193229411286
11614	0.2967397896545853	0.3831348710707096	0.32012533927470516
11615	0.36918438539670734	0.3701896732392054	0.2606259413640873
11616	0.3756646706550993	0.37460818607711494	0.24972714326778583
11617	0.36918438539670734	0.3701896732392054	0.2606259413640873
11618	0.3682323846090761	0.3702876358238953	0.2614799795670287
11619	0.37108782627694403	0.371529104907321	0.25738306881573497
11620	0.32872965334308135	0.3732778036572383	0.29799254299968037
11621	0.36918438539670734	0.3701896732392054	0.2606259413640873
11622	0.3069431879545376	0.37153745411056005	0.3215193579349022
11623	0.3533875688462489	0.365589484141902	0.2810229470118492
11624	0.36918438539670734	0.3701896732392054	0.2606259413640873
11625	0.23246885062677516	0.35498185904908586	0.4125492903241389
11626	0.3753606995743957	0.375077109689036	0.24956219073656832
11627	0.2194320560773787	0.3850589168801106	0.3955090270425108
11628	0.3132629215320925	0.3871156048756632	0.2996214735922443
11629	0.37194252340694217	0.37191554429894497	0.25614193229411286
11630	0.36918438539670734	0.3701896732392054	0.2606259413640873
11631	0.36230912341633253	0.37012140590269904	0.2675694706809684
11632	0.26059588672290657	0.3710598457311414	0.36834426754595206
11633	0.18763044517772356	0.36728737163919106	0.44508218318308523
11634	0.2983516286754734	0.3795968233554351	0.32205154796909163
11635	0.36918438539670734	0.3701896732392054	0.2606259413640873
11636	0.37190557738177193	0.37027091793979117	0.2578235046784369
11637	0.360694690060984	0.3665360927938124	0.2727692171452036
11638	0.2764639944858752	0.391909086048608	0.3316269194655167
11639	0.3449426286130507	0.38010137384308634	0.27495599754386285
11640	0.24461373954778004	0.28915144507837126	0.46623481537384875
11641	0.36918438539670734	0.3701896732392054	0.2606259413640873
11642	0.3773070905423328	0.376240233503447	0.24645267595422024
11643	0.36918438539670734	0.3701896732392054	0.2606259413640873
11644	0.36918438539670734	0.3701896732392054	0.2606259413640873
11645	0.36918438539670734	0.3701896732392054	0.2606259413640873
11646	0.37635890416660617	0.3763645577101808	0.24727653812321293
11647	0.36918438539670734	0.3701896732392054	0.2606259413640873
11648	0.36918438539670734	0.3701896732392054	0.2606259413640873
11649	0.23858321346890565	0.37321155774611886	0.3882052287849754
11650	0.35187053534941043	0.38397746679870015	0.2641519978518894
11651	0.36918438539670734	0.3701896732392054	0.2606259413640873
11652	0.26792531133473646	0.38970728044879993	0.34236740821646355
11653	0.16741439256464366	0.35029119163059314	0.4822944158047633
11654	0.25560463819393203	0.37662550552959123	0.3677698562764767
11655	0.3619785124180128	0.3796645557596516	0.25835693182233554
11656	0.36918438539670734	0.3701896732392054	0.2606259413640873
11657	0.23766141596051255	0.37476539465478764	0.38757318938469987
11658	0.3614005496002575	0.3704086153109128	0.2681908350888296
11659	0.35433599145849815	0.38053080248485466	0.26513320605664725
11660	0.15397008439980955	0.3514668875278247	0.4945630280723658
11661	0.36918438539670734	0.3701896732392054	0.2606259413640873
11662	0.2967397896545853	0.3831348710707096	0.32012533927470516
11663	0.36918438539670734	0.3701896732392054	0.2606259413640873
11664	0.24425426012325535	0.3768180114040233	0.3789277284727214
11665	0.36918438539670734	0.3701896732392054	0.2606259413640873
11666	0.36918438539670734	0.3701896732392054	0.2606259413640873
11667	0.3065513247918521	0.3825252477309957	0.31092342747715207
11668	0.36918438539670734	0.3701896732392054	0.2606259413640873
11669	0.25585156838506384	0.3707006056298275	0.3734478259851088
11670	0.35237325353707516	0.3717574335992727	0.2758693128636521
11671	0.2967397896545853	0.3831348710707096	0.32012533927470516
11672	0.36918438539670734	0.3701896732392054	0.2606259413640873
11673	0.36918438539670734	0.3701896732392054	0.2606259413640873
11674	0.293805920540697	0.3043585930038475	0.40183548645545536
11675	0.3557494588625551	0.3746341621850535	0.2696163789523914
11676	0.36918438539670734	0.3701896732392054	0.2606259413640873
11677	0.36230912341633253	0.37012140590269904	0.2675694706809684
11678	0.36918438539670734	0.3701896732392054	0.2606259413640873
11679	0.36918438539670734	0.3701896732392054	0.2606259413640873
11680	0.36918438539670734	0.3701896732392054	0.2606259413640873
11681	0.3845140001379303	0.37488316394029464	0.24060283592177495
11682	0.22597999731625318	0.3818073212652544	0.3922126814184924
11683	0.17869354304964122	0.37571544207221774	0.44559101487814107
11684	0.24425426012325535	0.3768180114040233	0.3789277284727214
11685	0.11932316759273628	0.33155857723331833	0.5491182551739453
11686	0.09481361737985827	0.3113261152318109	0.5938602673883308
11687	0.2852213703978927	0.38440995978988207	0.33036866981222524
11688	0.3775316762166487	0.37589406154226684	0.24657426224108445
11689	0.25290650400728687	0.3777417654202119	0.3693517305725012
11690	0.36918438539670734	0.3701896732392054	0.2606259413640873
11691	0.3559078048423618	0.37723371678425466	0.2668584783733836
11692	0.3176122715896874	0.3184771287327499	0.36391059967756273
11693	0.36918438539670734	0.3701896732392054	0.2606259413640873
11694	0.2661426653680303	0.3877074252059849	0.3461499094259848
11695	0.3632664070709793	0.3642555802731953	0.2724780126558254
11696	0.36918438539670734	0.3701896732392054	0.2606259413640873
11697	0.36918438539670734	0.3701896732392054	0.2606259413640873
11698	0.36696097248509607	0.35861035988952156	0.2744286676253825
11699	0.36918438539670734	0.3701896732392054	0.2606259413640873
11700	0.3634214208708327	0.3720899503981972	0.26448862873097007
