21257	0.3527616989739394	0.3542546851902568	0.29298361583580385
21258	0.3542390728658253	0.35517020387783654	0.29059072325633817
21259	0.28925254310154075	0.3558778573658919	0.35486959953256725
21260	0.3972450574028405	0.33015925746014596	0.27259568513701354
21261	0.329913303556019	0.3630556828195547	0.30703101362442636
21262	0.329913303556019	0.3630556828195547	0.30703101362442636
21263	0.27527851481191085	0.3623887280127799	0.3623327571753093
21264	0.31670825927704754	0.37021022922796154	0.313081511494991
21265	0.3550514236727999	0.3548909490602461	0.290057627266954
21266	0.331039793667345	0.3425621694672894	0.3263980368653655
21267	0.2562899438402241	0.34993029228573946	0.3937797638740365
21268	0.35263778026629894	0.3536455901629238	0.2937166295707773
21269	0.3542390728658253	0.35517020387783654	0.29059072325633817
21270	0.3554400784454541	0.35599663390508807	0.2885632876494579
21271	0.3554400784454541	0.35599663390508807	0.2885632876494579
21272	0.353844250241224	0.3544793855743243	0.2916763641844517
21273	0.3655938956344014	0.3532229767522494	0.2811831276133491
21274	0.35542650083032107	0.35529527141273326	0.28927822775694567
21275	0.34798819643989354	0.34643399578713624	0.30557780777297017
21276	0.3554400784454541	0.35599663390508807	0.2885632876494579
21277	0.3226531060442346	0.3231583229812839	0.3541885709744815
21278	0.2899893393713641	0.36978330904083817	0.34022735158779766
21279	0.3699296918990553	0.3196547087504015	0.31041559935054314
21280	0.3280796117511262	0.32121780842371617	0.3507025798251578
21281	0.3298523338424409	0.32287958607992967	0.34726808007762955
21282	0.2832227896475935	0.324133263211933	0.39264394714047357
21283	0.36250376831744385	0.32038398760934356	0.31711224407321253
21284	0.3539646874525439	0.35484776359738673	0.2911875489500694
21285	0.3554400784454541	0.35599663390508807	0.2885632876494579
21286	0.3608613819276777	0.36243145287498074	0.27670716519734156
21287	0.3554400784454541	0.35599663390508807	0.2885632876494579
21288	0.2949911435575218	0.3587280419943362	0.34628081444814196
21289	0.3542390728658253	0.35517020387783654	0.29059072325633817
21290	0.3528884392653179	0.35417212021371264	0.2929394405209695
21291	0.35448672986663904	0.35569484954487357	0.28981842058848734
21292	0.2877474109795018	0.37539436799805026	0.33685822102244795
21293	0.324358354681912	0.36183956825360303	0.3138020770644851
21294	0.3026694383584361	0.34196433657589476	0.35536622506566906
21295	0.33008631703494645	0.3654095981021359	0.3045040848629175
21296	0.33008631703494645	0.3654095981021359	0.3045040848629175
21297	0.3554400784454541	0.35599663390508807	0.2885632876494579
21298	0.3477654797249378	0.369901839618119	0.28233268065694306
21299	0.3554400784454541	0.35599663390508807	0.2885632876494579
21300	0.3577946876673	0.3431451237698498	0.2990601885628502
21301	0.3191835745996894	0.3579891284180113	0.3228272969822994
21302	0.31522006341908637	0.37804182478509624	0.3067381117958174
21303	0.3554400784454541	0.35599663390508807	0.2885632876494579
21304	0.3482015735603723	0.3493882729134588	0.30241015352616896
21305	0.3876919228918121	0.3470072349616818	0.2653008421465062
21306	0.353844250241224	0.3544793855743243	0.2916763641844517
21307	0.28784319016949533	0.35637757542837795	0.3557792344021267
21308	0.353844250241224	0.3544793855743243	0.2916763641844517
21309	0.33137534384974116	0.3651842007861884	0.30344045536407044
21310	0.27527851481191085	0.3623887280127799	0.3623327571753093
21311	0.3554400784454541	0.35599663390508807	0.2885632876494579
21312	0.27527851481191085	0.3623887280127799	0.3623327571753093
21313	0.34274923914323463	0.34328592289929255	0.31396483795747276
21314	0.3487411027484285	0.34882795268354944	0.3024309445680221
21315	0.31709072881620276	0.3714055590831947	0.31150371210060257
21316	0.27481267175995844	0.3636700301992465	0.361517298040795
21317	0.3554400784454541	0.35599663390508807	0.2885632876494579
21318	0.3550514236727999	0.3548909490602461	0.290057627266954
21319	0.3175789905698971	0.3316296842625014	0.3507913251676016
21320	0.2862314188711233	0.35404335623124755	0.3597252248976291
21321	0.22998804033120826	0.3632070175134188	0.406804942155373
21322	0.30417456550178806	0.3638020465164737	0.33202338798173814
21323	0.3554400784454541	0.35599663390508807	0.2885632876494579
21324	0.3310140896506106	0.3657638747755204	0.3032220355738689
21325	0.2961633888121856	0.3597718288417226	0.34406478234609184
21326	0.3608613819276777	0.36243145287498074	0.27670716519734156
21327	0.3554400784454541	0.35599663390508807	0.2885632876494579
21328	0.3554400784454541	0.35599663390508807	0.2885632876494579
21329	0.21436389374724937	0.3525539788564542	0.43308212739629653
21330	0.24377794781216564	0.322600603076259	0.4336214491115753
21331	0.26489714849000623	0.36305936269932604	0.3720434888106677
21332	0.38560758850443666	0.35791300991201597	0.2564794015835473
21333	0.3550185202742784	0.35370456648146087	0.2912769132442607
21334	0.31709072881620276	0.3714055590831947	0.31150371210060257
21335	0.3554400784454541	0.35599663390508807	0.2885632876494579
21336	0.3618575565135509	0.34808628529524527	0.2900561581912039
21337	0.3411798247699741	0.36014315961968524	0.2986770156103406
21338	0.2314569321134928	0.32618949131908576	0.4423535765674214
21339	0.2748741273850015	0.36351312480764886	0.36161274780734964
21340	0.3554400784454541	0.35599663390508807	0.2885632876494579
21341	0.31709072881620276	0.3714055590831947	0.31150371210060257
21342	0.28925254310154075	0.3558778573658919	0.35486959953256725
21343	0.3308795681965758	0.35840856140269933	0.31071187040072495
21344	0.3699296918990553	0.3196547087504015	0.31041559935054314
21345	0.3554400784454541	0.35599663390508807	0.2885632876494579
21346	0.3572380340196149	0.34197543758131344	0.3007865283990716
21347	0.353274413580553	0.35308100924568275	0.2936445771737642
21348	0.3554400784454541	0.35599663390508807	0.2885632876494579
21349	0.3547405829759817	0.35628402295336226	0.2889753940706561
21350	0.34915748057949214	0.34970419861685714	0.30113832080365077
21351	0.343530759694836	0.3585172252251538	0.2979520150800103
21352	0.345113278051509	0.3600864006839087	0.29480032126458233
21353	0.3491930343776122	0.3497398080858529	0.30106715753653485
21354	0.28784319016949533	0.35637757542837795	0.3557792344021267
21355	0.3608613819276777	0.36243145287498074	0.27670716519734156
21356	0.3608613819276777	0.36243145287498074	0.27670716519734156
21357	0.3537173301300385	0.3545621860321302	0.29172048383783145
21358	0.3554275527235476	0.35450812469609644	0.290064322580356
21359	0.3554275527235476	0.35450812469609644	0.290064322580356
21360	0.3408001304692724	0.36035386121062235	0.2988460083201052
21361	0.3549194898841961	0.3551516889508314	0.28992882116497254
21362	0.27762401703550443	0.3481155599789652	0.37426042298553036
21363	0.35900482190183425	0.3424867820220876	0.29850839607607815
21364	0.3709325043248966	0.3602644263091273	0.26880306936597603
21365	0.3554400784454541	0.35599663390508807	0.2885632876494579
21366	0.3554400784454541	0.35599663390508807	0.2885632876494579
21367	0.28784319016949533	0.35637757542837795	0.3557792344021267
21368	0.3554400784454541	0.35599663390508807	0.2885632876494579
21369	0.28784319016949533	0.35637757542837795	0.3557792344021267
21370	0.3539646874525439	0.35484776359738673	0.2911875489500694
21371	0.2963244559748866	0.3596450769600087	0.3440304670651046
21372	0.3293280172206127	0.3502907749902146	0.32038120778917273
21373	0.33620237718865653	0.33672880985597026	0.3270688129553732
21374	0.3477654797249378	0.369901839618119	0.28233268065694306
21375	0.3554400784454541	0.35599663390508807	0.2885632876494579
21376	0.3554400784454541	0.35599663390508807	0.2885632876494579
21377	0.3554400784454541	0.35599663390508807	0.2885632876494579
21378	0.3608613819276777	0.36243145287498074	0.27670716519734156
21379	0.3554400784454541	0.35599663390508807	0.2885632876494579
21380	0.3549069634395772	0.3541175262434736	0.2909755103169491
21381	0.3365098442016304	0.3562658239496729	0.3072243318486967
21382	0.353844250241224	0.3544793855743243	0.2916763641844517
21383	0.3554400784454541	0.35599663390508807	0.2885632876494579
21384	0.27905411787533924	0.36191373013852635	0.3590321519861345
21385	0.27481267175995844	0.3636700301992465	0.361517298040795
21386	0.2949737068579622	0.37808380881003484	0.32694248433200296
21387	0.28784319016949533	0.35637757542837795	0.3557792344021267
21388	0.3538237865751865	0.35298924502678625	0.2931869683980274
21389	0.3554275527235476	0.35450812469609644	0.290064322580356
21390	0.353844250241224	0.3544793855743243	0.2916763641844517
21391	0.3535463874023396	0.3555249276264131	0.29092868497124735
21392	0.2920659025534542	0.35734392913905816	0.3505901683074877
21393	0.24484810778844898	0.36690895453150907	0.3882429376800419
21394	0.3211905042676727	0.36451677509485503	0.3142927206374723
21395	0.3231047416638063	0.3341324430034218	0.3427628153327719
21396	0.3542390728658253	0.35517020387783654	0.29059072325633817
21397	0.36933168983437004	0.34832416354415646	0.2823441466214735
21398	0.3554400784454541	0.35599663390508807	0.2885632876494579
21399	0.3411977042207463	0.36085921730112624	0.29794307847812734
21400	0.3550344624045048	0.3551931340655459	0.2897724035299492
21401	0.2830984665730535	0.36314954724443066	0.3537519861825158
21402	0.35508936277502734	0.3553451388624131	0.28956549836255957
21403	0.27481267175995844	0.3636700301992465	0.361517298040795
21404	0.2961633888121856	0.3597718288417226	0.34406478234609184
21405	0.3446344326452752	0.3552631428492814	0.30010242450544333
21406	0.3446344326452752	0.3552631428492814	0.30010242450544333
21407	0.27527851481191085	0.3623887280127799	0.3623327571753093
21408	0.3554400784454541	0.35599663390508807	0.2885632876494579
21409	0.3554400784454541	0.35599663390508807	0.2885632876494579
21410	0.3554400784454541	0.35599663390508807	0.2885632876494579
21411	0.3554400784454541	0.35599663390508807	0.2885632876494579
21412	0.3554400784454541	0.35599663390508807	0.2885632876494579
21413	0.3554400784454541	0.35599663390508807	0.2885632876494579
21414	0.23740703739892935	0.3141697357225777	0.448423226878493
21415	0.315732393073953	0.3162267734135975	0.36804083351244954
21416	0.3504684325374812	0.3421087939016059	0.3074227735609129
21417	0.3554400784454541	0.35599663390508807	0.2885632876494579
21418	0.355101992539658	0.3546800208373935	0.2902179866229485
21419	0.3554400784454541	0.35599663390508807	0.2885632876494579
21420	0.36046688980025626	0.3613693947572392	0.2781637154425044
21421	0.3640746557787425	0.3532446750373676	0.28268066918388995
21422	0.35895336971686537	0.34101789869836435	0.3000287315847703
21423	0.3477654797249378	0.369901839618119	0.28233268065694306
21424	0.3554400784454541	0.35599663390508807	0.2885632876494579
21425	0.3114237818183528	0.36787578691101935	0.32070043127062775
21426	0.39163840142284956	0.3269228190335898	0.28143877954356056
21427	0.3554400784454541	0.35599663390508807	0.2885632876494579
21428	0.3554400784454541	0.35599663390508807	0.2885632876494579
21429	0.292327317825501	0.36010074525344493	0.3475719369210541
21430	0.27481267175995844	0.3636700301992465	0.361517298040795
21431	0.27527851481191085	0.3623887280127799	0.3623327571753093
21432	0.3554400784454541	0.35599663390508807	0.2885632876494579
21433	0.3550514236727999	0.3548909490602461	0.290057627266954
21434	0.25641303291060547	0.3393210902222255	0.40426587686716897
21435	0.2705835955105513	0.3476031469520529	0.3818132575373958
21436	0.30631479377069126	0.33648433309531267	0.357200873133996
21437	0.3554400784454541	0.35599663390508807	0.2885632876494579
21438	0.3220360216450762	0.36467647193674035	0.31328750641818337
21439	0.27880170205395877	0.3551866995929597	0.3660115983530815
21440	0.35431479907504226	0.35281966309598456	0.29286553782897323
21441	0.36885768764205157	0.3474779576924735	0.2836643546654749
21442	0.36885768764205157	0.3474779576924735	0.2836643546654749
21443	0.27612435660180734	0.34989676187533936	0.3739788815228534
21444	0.35542650083032107	0.35529527141273326	0.28927822775694567
21445	0.34754791842491284	0.3481717521110237	0.3042803294640634
21446	0.3577946876673	0.3431451237698498	0.2990601885628502
21447	0.35508936277502734	0.3553451388624131	0.28956549836255957
21448	0.35348974911141673	0.3538253020220733	0.29268494886650986
21449	0.3554400784454541	0.35599663390508807	0.2885632876494579
21450	0.3554400784454541	0.35599663390508807	0.2885632876494579
21451	0.27527851481191085	0.3623887280127799	0.3623327571753093
21452	0.3554400784454541	0.35599663390508807	0.2885632876494579
21453	0.3554400784454541	0.35599663390508807	0.2885632876494579
21454	0.3608613819276777	0.36243145287498074	0.27670716519734156
21455	0.3554400784454541	0.35599663390508807	0.2885632876494579
21456	0.2961633888121856	0.3597718288417226	0.34406478234609184
21457	0.3655938956344014	0.3532229767522494	0.2811831276133491
21458	0.20462262707705728	0.36030073627939785	0.4350766366435449
21459	0.3608807002580413	0.3609480791905853	0.2781712205513734
21460	0.3554275527235476	0.35450812469609644	0.290064322580356
21461	0.3554400784454541	0.35599663390508807	0.2885632876494579
21462	0.3577626896819641	0.34245153458686045	0.29978577573117543
21463	0.2961633888121856	0.3597718288417226	0.34406478234609184
21464	0.27905411787533924	0.36191373013852635	0.3590321519861345
21465	0.3554400784454541	0.35599663390508807	0.2885632876494579
21466	0.28840401801089727	0.3549494339965024	0.3566465479926003
21467	0.25438670691364706	0.35285621463778616	0.3927570784485669
21468	0.332490958480141	0.35088138512563194	0.31662765639422696
21469	0.3473958091212969	0.369022836549978	0.2835813543287251
21470	0.33878585340178713	0.35752445734456995	0.30368968925364304
21471	0.320961207543992	0.36267570310727254	0.3163630893487354
21472	0.33297356448136134	0.3431595701763219	0.3238668653423168
21473	0.27905411787533924	0.36191373013852635	0.3590321519861345
21474	0.3554400784454541	0.35599663390508807	0.2885632876494579
21475	0.3554400784454541	0.35599663390508807	0.2885632876494579
21476	0.3554400784454541	0.35599663390508807	0.2885632876494579
21477	0.27527851481191085	0.3623887280127799	0.3623327571753093
21478	0.3712532245005692	0.36157914758733145	0.2671676279120994
21479	0.27118686674401565	0.3508449912865704	0.37796814196941403
21480	0.34739571510267053	0.3470834906003876	0.30552079429694184
21481	0.3554400784454541	0.35599663390508807	0.2885632876494579
21482	0.3215881967893073	0.3654485773714396	0.3129632258392531
21483	0.3161830606330244	0.3696724563242049	0.31414448304277065
21484	0.35034232881500676	0.356826484673948	0.29283118651104517
21485	0.3577946876673	0.3431451237698498	0.2990601885628502
21486	0.1471609325307059	0.3271768912299919	0.5256621762393021
21487	0.20457786132927408	0.34446253051866016	0.4509596081520658
21488	0.31167739182233173	0.3841498256994913	0.3041727824781771
21489	0.31882660058078277	0.37002354777391006	0.3111498516453073
21490	0.3482833643828052	0.3467727290752642	0.30494390654193054
21491	0.3191835745996894	0.3579891284180113	0.3228272969822994
21492	0.3577946876673	0.3431451237698498	0.2990601885628502
21493	0.4002555894767245	0.35037101482898747	0.24937339569428807
21494	0.3683623753163509	0.3480490026677775	0.2835886220158716
21495	0.3577946876673	0.3431451237698498	0.2990601885628502
21496	0.3320057356306137	0.3638857090854214	0.30410855528396497
21497	0.3608613819276777	0.36243145287498074	0.27670716519734156
21498	0.3416133376224979	0.3560363615129758	0.3023503008645264
21499	0.3477654797249378	0.369901839618119	0.28233268065694306
21500	0.3441048354704564	0.354394361291116	0.30150080323842765
21501	0.27481267175995844	0.3636700301992465	0.361517298040795
21502	0.3554400784454541	0.35599663390508807	0.2885632876494579
21503	0.3554400784454541	0.35599663390508807	0.2885632876494579
21504	0.3554400784454541	0.35599663390508807	0.2885632876494579
21505	0.3554400784454541	0.35599663390508807	0.2885632876494579
21506	0.3543349479179201	0.35430874455925015	0.2913563075228298
21507	0.3446344326452752	0.3552631428492814	0.30010242450544333
21508	0.35432592981780175	0.3552606278750769	0.2904134423071213
21509	0.31709072881620276	0.3714055590831947	0.31150371210060257
21510	0.27905411787533924	0.36191373013852635	0.3590321519861345
21511	0.2961633888121856	0.3597718288417226	0.34406478234609184
21512	0.3411977042207463	0.36085921730112624	0.29794307847812734
21513	0.27767673022620637	0.3468126930984187	0.375510576675375
21514	0.35965422527371393	0.3401997008434705	0.30014607388281556
21515	0.2961633888121856	0.3597718288417226	0.34406478234609184
21516	0.2995522344518201	0.3570868604866111	0.34336090506156886
21517	0.36933168983437004	0.34832416354415646	0.2823441466214735
21518	0.27527851481191085	0.3623887280127799	0.3623327571753093
21519	0.3554400784454541	0.35599663390508807	0.2885632876494579
21520	0.3554275527235476	0.35450812469609644	0.290064322580356
21521	0.2207929687248267	0.359885781742768	0.4193212495324054
21522	0.293626818513969	0.3622295754499072	0.3441436060361237
21523	0.35542650083032107	0.35529527141273326	0.28927822775694567
21524	0.3554400784454541	0.35599663390508807	0.2885632876494579
21525	0.3554400784454541	0.35599663390508807	0.2885632876494579
21526	0.3554275527235476	0.35450812469609644	0.290064322580356
21527	0.37403989990461095	0.3488313610596221	0.2771287390357669
21528	0.27905411787533924	0.36191373013852635	0.3590321519861345
21529	0.3554400784454541	0.35599663390508807	0.2885632876494579
21530	0.3606790294576406	0.34265877213902485	0.2966621984033346
21531	0.3608613819276777	0.36243145287498074	0.27670716519734156
21532	0.27434922167290854	0.36248872685996875	0.3631620514671226
21533	0.3554400784454541	0.35599663390508807	0.2885632876494579
21534	0.3554400784454541	0.35599663390508807	0.2885632876494579
21535	0.27905411787533924	0.36191373013852635	0.3590321519861345
21536	0.3554400784454541	0.35599663390508807	0.2885632876494579
21537	0.34098532947373783	0.34179977491814584	0.3172148956081164
21538	0.3427796011360329	0.34331633255725513	0.313904066306712
21539	0.3486996897213544	0.34726901975236807	0.30403129052627764
21540	0.3608613819276777	0.36243145287498074	0.27670716519734156
21541	0.3537173301300385	0.3545621860321302	0.29172048383783145
21542	0.16147723603546177	0.3493223471222312	0.48920041684230703
21543	0.221510867694958	0.3645752918405786	0.4139138404644635
21544	0.35394009903533347	0.35320091505423773	0.2928589859104288
21545	0.3554400784454541	0.35599663390508807	0.2885632876494579
21546	0.33620237718865653	0.33672880985597026	0.3270688129553732
21547	0.25922772952849366	0.34465187261813957	0.39612039785336683
21548	0.28784319016949533	0.35637757542837795	0.3557792344021267
21549	0.4270958676867902	0.33942456907856816	0.23347956323464159
21550	0.353844250241224	0.3544793855743243	0.2916763641844517
21551	0.3549194898841961	0.3551516889508314	0.28992882116497254
21552	0.3554400784454541	0.35599663390508807	0.2885632876494579
21553	0.2961633888121856	0.3597718288417226	0.34406478234609184
21554	0.2127533807869995	0.3579316546512221	0.4293149645617785
21555	0.27527851481191085	0.3623887280127799	0.3623327571753093
21556	0.3554400784454541	0.35599663390508807	0.2885632876494579
21557	0.2748741273850015	0.36351312480764886	0.36161274780734964
21558	0.3554400784454541	0.35599663390508807	0.2885632876494579
21559	0.28657280237906907	0.34663993015275113	0.3667872674681799
21560	0.3608613819276777	0.36243145287498074	0.27670716519734156
21561	0.35448672986663904	0.35569484954487357	0.28981842058848734
21562	0.3608613819276777	0.36243145287498074	0.27670716519734156
21563	0.3554275527235476	0.35450812469609644	0.290064322580356
21564	0.34026688222600965	0.3592237339043061	0.3005093838696842
21565	0.3625414232026393	0.360343805562663	0.2771147712346977
21566	0.3625414232026393	0.360343805562663	0.2771147712346977
21567	0.33166368989129486	0.36264410921181206	0.30569220089689314
21568	0.31670825927704754	0.37021022922796154	0.313081511494991
21569	0.28740750457191067	0.35512126826628226	0.3574712271618071
21570	0.31709072881620276	0.3714055590831947	0.31150371210060257
21571	0.3554400784454541	0.35599663390508807	0.2885632876494579
21572	0.3554400784454541	0.35599663390508807	0.2885632876494579
21573	0.3554400784454541	0.35599663390508807	0.2885632876494579
21574	0.2787920865161365	0.3607750987107852	0.36043281477307837
21575	0.3554400784454541	0.35599663390508807	0.2885632876494579
21576	0.3504961869988798	0.3667197713666596	0.2827840416344605
21577	0.345113278051509	0.3600864006839087	0.29480032126458233
21578	0.21531385369401512	0.304724056497295	0.47996208980868993
21579	0.34335828761746817	0.3538050198787049	0.30283669250382705
21580	0.34496522446455413	0.355379544902718	0.29965523063272786
21581	0.284107952611379	0.3347122597155156	0.3811797876731054
21582	0.3512610666514601	0.33687901566533157	0.3118599176832084
21583	0.3554400784454541	0.35599663390508807	0.2885632876494579
21584	0.3416133376224979	0.3560363615129758	0.3023503008645264
21585	0.27527851481191085	0.3623887280127799	0.3623327571753093
21586	0.2744602721634005	0.3624886134169691	0.3630511144196304
21587	0.22197100338732098	0.3657379969705299	0.4122909996421491
21588	0.3604853783146218	0.36157781256903154	0.2779368091163468
21589	0.3554400784454541	0.35599663390508807	0.2885632876494579
21590	0.31709072881620276	0.3714055590831947	0.31150371210060257
21591	0.2687946904228041	0.3554732443422745	0.3757320652349215
21592	0.2922452565679397	0.3654208052478946	0.34233393818416574
21593	0.35790923563518295	0.3664472797223733	0.27564348464244387
21594	0.37433788002643487	0.35627985206935786	0.26938226790420733
21595	0.3537173301300385	0.3545621860321302	0.29172048383783145
21596	0.3537173301300385	0.3545621860321302	0.29172048383783145
21597	0.3554400784454541	0.35599663390508807	0.2885632876494579
21598	0.3554400784454541	0.35599663390508807	0.2885632876494579
21599	0.3608613819276777	0.36243145287498074	0.27670716519734156
21600	0.3430613355203386	0.3471371912927729	0.3098014731868885
21601	0.27527851481191085	0.3623887280127799	0.3623327571753093
21602	0.3554400784454541	0.35599663390508807	0.2885632876494579
21603	0.34429073599842114	0.35885859449484975	0.2968506695067291
21604	0.34429073599842114	0.35885859449484975	0.2968506695067291
21605	0.4111933824850638	0.3231076743981227	0.2656989431168135
21606	0.28925254310154075	0.3558778573658919	0.35486959953256725
21607	0.28925254310154075	0.3558778573658919	0.35486959953256725
21608	0.3338372420319654	0.3524965519981832	0.3136662059698514
21609	0.3497527377050444	0.3622744709704172	0.2879727913245384
21610	0.3554400784454541	0.35599663390508807	0.2885632876494579
21611	0.3549194898841961	0.3551516889508314	0.28992882116497254
21612	0.27527851481191085	0.3623887280127799	0.3623327571753093
21613	0.3554400784454541	0.35599663390508807	0.2885632876494579
21614	0.40256167892147976	0.337962740017239	0.25947558106128127
21615	0.3554400784454541	0.35599663390508807	0.2885632876494579
21616	0.3554400784454541	0.35599663390508807	0.2885632876494579
21617	0.3554400784454541	0.35599663390508807	0.2885632876494579
21618	0.3554400784454541	0.35599663390508807	0.2885632876494579
21619	0.28925254310154075	0.3558778573658919	0.35486959953256725
21620	0.3253806935615809	0.3418469782855776	0.3327723281528416
21621	0.3270512698866833	0.34352350541677606	0.32942522469654056
21622	0.34459577674407876	0.35921920028267446	0.2961850229732468
21623	0.3416133376224979	0.3560363615129758	0.3023503008645264
21624	0.3608613819276777	0.36243145287498074	0.27670716519734156
21625	0.3554400784454541	0.35599663390508807	0.2885632876494579
21626	0.35026174930117365	0.3434313306995326	0.30630691999929377
21627	0.2922638403854368	0.34232604479922635	0.3654101148153368
21628	0.3554400784454541	0.35599663390508807	0.2885632876494579
21629	0.2770177955428064	0.354357623719304	0.3686245807378895
21630	0.259483241938048	0.3500620360310765	0.3904547220308756
21631	0.35448672986663904	0.35569484954487357	0.28981842058848734
21632	0.2748741273850015	0.36351312480764886	0.36161274780734964
21633	0.2748741273850015	0.36351312480764886	0.36161274780734964
21634	0.3554400784454541	0.35599663390508807	0.2885632876494579
21635	0.3554400784454541	0.35599663390508807	0.2885632876494579
21636	0.3469273636221288	0.34578776184969573	0.3072848745281756
21637	0.3486996897213544	0.34726901975236807	0.30403129052627764
21638	0.29032088181062804	0.36941538859436346	0.34026372959500845
21639	0.3293172443626704	0.35027931640618865	0.320403439231141
21640	0.336191149901324	0.3367175649887179	0.32709128510995816
21641	0.3554400784454541	0.35599663390508807	0.2885632876494579
21642	0.3310140896506106	0.3657638747755204	0.3032220355738689
21643	0.3073289037429391	0.3750022019790115	0.31766889427804945
21644	0.345113278051509	0.3600864006839087	0.29480032126458233
21645	0.28784319016949533	0.35637757542837795	0.3557792344021267
21646	0.3550344624045048	0.3551931340655459	0.2897724035299492
21647	0.3554400784454541	0.35599663390508807	0.2885632876494579
21648	0.3566469753228923	0.35531834466904	0.28803468000806776
21649	0.36382230580089503	0.32194269175564183	0.3142350024434632
21650	0.2593030622818043	0.35521755287497014	0.38547938484322564
21651	0.3384232353698309	0.3511075826110023	0.31046918201916684
21652	0.3577946876673	0.3431451237698498	0.2990601885628502
21653	0.3554400784454541	0.35599663390508807	0.2885632876494579
21654	0.3554400784454541	0.35599663390508807	0.2885632876494579
21655	0.353844250241224	0.3544793855743243	0.2916763641844517
21656	0.3554400784454541	0.35599663390508807	0.2885632876494579
21657	0.2748741273850015	0.36351312480764886	0.36161274780734964
21658	0.2748741273850015	0.36351312480764886	0.36161274780734964
21659	0.3554400784454541	0.35599663390508807	0.2885632876494579
21660	0.3554400784454541	0.35599663390508807	0.2885632876494579
21661	0.2748741273850015	0.36351312480764886	0.36161274780734964
21662	0.3554400784454541	0.35599663390508807	0.2885632876494579
21663	0.3416133376224979	0.3560363615129758	0.3023503008645264
21664	0.2961633888121856	0.3597718288417226	0.34406478234609184
21665	0.3547405829759817	0.35628402295336226	0.2889753940706561
21666	0.3477654797249378	0.369901839618119	0.28233268065694306
21667	0.24798840241756936	0.36123187336027546	0.39077972422215523
21668	0.3343622191978219	0.3546990011450167	0.3109387796571615
21669	0.3549194898841961	0.3551516889508314	0.28992882116497254
21670	0.3554400784454541	0.35599663390508807	0.2885632876494579
21671	0.31632157876092276	0.3364564360633432	0.34722198517573405
21672	0.3226584468822442	0.3231636721808136	0.3541778809369422
21673	0.33178441806897335	0.3626292166936945	0.3055863652373322
21674	0.3161830606330244	0.3696724563242049	0.31414448304277065
21675	0.353844250241224	0.3544793855743243	0.2916763641844517
21676	0.2961633888121856	0.3597718288417226	0.34406478234609184
21677	0.3554400784454541	0.35599663390508807	0.2885632876494579
21678	0.28107112180115223	0.3269870999113751	0.3919417782874726
21679	0.2846109076499826	0.3641873693689582	0.3512017229810593
21680	0.31709072881620276	0.3714055590831947	0.31150371210060257
21681	0.31709072881620276	0.3714055590831947	0.31150371210060257
21682	0.27905411787533924	0.36191373013852635	0.3590321519861345
21683	0.329503393971298	0.33001933723150856	0.3404772687971935
21684	0.44186814328856294	0.3306725406018381	0.227459316109599
21685	0.34776698888919344	0.3691887868247222	0.2830442242860844
21686	0.3351864947113666	0.35612183244519624	0.3086916728434373
21687	0.33559169213981566	0.35663631481371416	0.3077719930464702
21688	0.27470677248513453	0.3620226397661487	0.3632705877487168
21689	0.3554275527235476	0.35450812469609644	0.290064322580356
21690	0.3554400784454541	0.35599663390508807	0.2885632876494579
21691	0.35554010216262544	0.35363567037339483	0.2908242274639798
21692	0.28800102768673025	0.35625362160030843	0.35574535071296126
21693	0.27527851481191085	0.3623887280127799	0.3623327571753093
21694	0.3554400784454541	0.35599663390508807	0.2885632876494579
21695	0.3554400784454541	0.35599663390508807	0.2885632876494579
21696	0.3477654797249378	0.369901839618119	0.28233268065694306
21697	0.3554400784454541	0.35599663390508807	0.2885632876494579
21698	0.35503947576414546	0.3555116722488405	0.28944885198701403
21699	0.3554400784454541	0.35599663390508807	0.2885632876494579
21700	0.3416133376224979	0.3560363615129758	0.3023503008645264
21701	0.3554275527235476	0.35450812469609644	0.290064322580356
21702	0.28925254310154075	0.3558778573658919	0.35486959953256725
21703	0.35254307206991137	0.3514330388436245	0.296023889086464
21704	0.3242679143566159	0.3551719990494192	0.32056008659396495
21705	0.26392812366736723	0.35658892413715126	0.3794829521954815
21706	0.3389077165017067	0.3536116039583036	0.3074806795399896
21707	0.3554400784454541	0.35599663390508807	0.2885632876494579
21708	0.2691902752735892	0.35932545368783136	0.3714842710385795
21709	0.2691902752735892	0.35932545368783136	0.3714842710385795
21710	0.2761834746375271	0.3497424673194269	0.3740740580430459
21711	0.3554275527235476	0.35450812469609644	0.290064322580356
21712	0.4255441053797337	0.3381050819201742	0.23635081270009203
21713	0.36933168983437004	0.34832416354415646	0.2823441466214735
21714	0.3546324506744475	0.35470740039156856	0.290660148933984
21715	0.33166368989129486	0.36264410921181206	0.30569220089689314
21716	0.31709072881620276	0.3714055590831947	0.31150371210060257
21717	0.33062254192738033	0.36485091283261634	0.3045265452400032
21718	0.28854871159790285	0.3529538466571614	0.35849744174493586
21719	0.26391513247109544	0.34618731078519793	0.3898975567437066
21720	0.3427796011360329	0.34331633255725513	0.313904066306712
21721	0.3427796011360329	0.34331633255725513	0.313904066306712
21722	0.3122836150342085	0.3381389809338699	0.34957740403192167
21723	0.31396683942845915	0.33988380899919335	0.3461493515723475
21724	0.3577946876673	0.3431451237698498	0.2990601885628502
21725	0.27500722009450185	0.3609786120384429	0.36401416786705515
21726	0.3552306159537813	0.35475203461647503	0.2900173494297436
21727	0.3560052682845013	0.34170941983969616	0.3022853118758025
21728	0.35035438906589456	0.34904920042493326	0.3005964105091722
21729	0.27484592454009826	0.35784217449923195	0.3673119009606698
21730	0.2246255120194875	0.3603203491863126	0.41505413879419983
21731	0.29371047891718716	0.3638413233669911	0.34244819771582174
21732	0.3608613819276777	0.36243145287498074	0.27670716519734156
21733	0.3554400784454541	0.35599663390508807	0.2885632876494579
21734	0.35448672986663904	0.35569484954487357	0.28981842058848734
21735	0.36931895506795115	0.34686799825984915	0.28381304667219975
21736	0.24972579163309302	0.34241733248312334	0.4078568758837837
21737	0.28784319016949533	0.35637757542837795	0.3557792344021267
21738	0.3608613819276777	0.36243145287498074	0.27670716519734156
21739	0.3554400784454541	0.35599663390508807	0.2885632876494579
21740	0.28925254310154075	0.3558778573658919	0.35486959953256725
21741	0.3213614947836694	0.3660079484783092	0.3126305567380215
21742	0.29493924991214765	0.3212025329211255	0.38385821716672675
21743	0.3479344942186956	0.3488490534035267	0.30321645237777756
21744	0.31574804240920906	0.3574641180396117	0.32678783955117924
21745	0.3554400784454541	0.35599663390508807	0.2885632876494579
21746	0.3554400784454541	0.35599663390508807	0.2885632876494579
21747	0.3554400784454541	0.35599663390508807	0.2885632876494579
21748	0.2674903402632178	0.35778165435347875	0.3747280053833036
21749	0.34282910177780385	0.3541200501591679	0.30305084806302823
21750	0.289141804198261	0.354266652764507	0.35659154303723195
21751	0.3554400784454541	0.35599663390508807	0.2885632876494579
21752	0.3542390728658253	0.35517020387783654	0.29059072325633817
21753	0.3365372240788378	0.3569845097363173	0.30647826618484486
21754	0.34387227831286604	0.35725963813031586	0.29886808355681815
21755	0.23417143404617324	0.3516451344201516	0.41418343153367526
21756	0.34121740687864777	0.34281360600476096	0.3159689871165913
21757	0.3353113919884356	0.33594579093708005	0.3287428170744844
21758	0.31709072881620276	0.3714055590831947	0.31150371210060257
21759	0.2539651548315242	0.3435895984852301	0.4024452466832456
21760	0.36630556291367794	0.36871188128163124	0.2649825558046908
21761	0.36630556291367794	0.36871188128163124	0.2649825558046908
21762	0.32074481689250384	0.3215109177547864	0.3577442653527097
21763	0.28421165586799235	0.3635872991852505	0.3522010449467571
21764	0.3652785841281714	0.35552337599848394	0.2791980398733447
21765	0.35458407623369625	0.3552549385143804	0.2901609852519234
21766	0.3554400784454541	0.35599663390508807	0.2885632876494579
21767	0.3554400784454541	0.35599663390508807	0.2885632876494579
21768	0.3554275527235476	0.35450812469609644	0.290064322580356
21769	0.3554275527235476	0.35450812469609644	0.290064322580356
21770	0.31709072881620276	0.3714055590831947	0.31150371210060257
21771	0.3577946876673	0.3431451237698498	0.2990601885628502
21772	0.2779318122326483	0.35991520076180716	0.3621529870055445
21773	0.33453483643737014	0.3521264828011966	0.31333868076143323
21774	0.3608613819276777	0.36243145287498074	0.27670716519734156
21775	0.3554400784454541	0.35599663390508807	0.2885632876494579
21776	0.28559278953414513	0.37821251051971305	0.3361946999461419
21777	0.35503947576414546	0.3555116722488405	0.28944885198701403
21778	0.3477846226951781	0.36838844770151563	0.28382692960330635
21779	0.3554275527235476	0.35450812469609644	0.290064322580356
21780	0.33137534384974116	0.3651842007861884	0.30344045536407044
21781	0.35380268004368226	0.3544131293674764	0.2917841905888415
21782	0.3577946876673	0.3431451237698498	0.2990601885628502
21783	0.3571355305705322	0.33569518219335226	0.3071692872361156
21784	0.34009875985555915	0.35910804755708986	0.300793192587351
21785	0.3554400784454541	0.35599663390508807	0.2885632876494579
21786	0.3157958482669535	0.35779665306483305	0.3264074986682134
21787	0.3469273636221288	0.34578776184969573	0.3072848745281756
21788	0.3321456737898396	0.3502211014458088	0.3176332247643515
21789	0.3554400784454541	0.35599663390508807	0.2885632876494579
21790	0.24590894576850278	0.344652834059256	0.40943822017224124
21791	0.31975106491693206	0.3612336724386091	0.3190152626444588
21792	0.32132701112158335	0.36293104180157265	0.31574194707684394
21793	0.3608613819276777	0.36243145287498074	0.27670716519734156
21794	0.3554400784454541	0.35599663390508807	0.2885632876494579
21795	0.3433974735647094	0.34709900797309023	0.3095035184622005
21796	0.2578748826400779	0.35281048903532447	0.3893146283245976
21797	0.3456037008087377	0.35630845548771456	0.29808784370354774
21798	0.4270958676867902	0.33942456907856816	0.23347956323464159
21799	0.2961633888121856	0.3597718288417226	0.34406478234609184
21800	0.3554400784454541	0.35599663390508807	0.2885632876494579
21801	0.3629578621555718	0.34231287814433703	0.2947292597000912
21802	0.33137534384974116	0.3651842007861884	0.30344045536407044
21803	0.3554400784454541	0.35599663390508807	0.2885632876494579
21804	0.3596376796238572	0.340211819453659	0.3001505009224838
21805	0.30206998692598086	0.3634761294161689	0.33445388365785017
21806	0.3630747756337515	0.34871822463413527	0.2882069997321131
21807	0.3536030866507704	0.3456054809364933	0.3007914324127363
21808	0.3938965290406599	0.3292011681852477	0.27690230277409245
21809	0.3437885656614467	0.3568857312843552	0.2993257030541982
21810	0.38355330308369623	0.3404694299869573	0.2759772669293464
21811	0.34826965395221376	0.3464532743638083	0.30527707168397805
21812	0.39387264758406093	0.3285452269692171	0.27758212544672195
21813	0.3398597269396611	0.35963185470521875	0.30050841835512015
21814	0.3554400784454541	0.35599663390508807	0.2885632876494579
21815	0.27905411787533924	0.36191373013852635	0.3590321519861345
21816	0.27839725538591975	0.35389011577912083	0.3677126288349594
21817	0.3437799727375003	0.3557457910897091	0.30047423617279057
21818	0.35245342367555244	0.35515515721728325	0.2923914191071643
21819	0.352050462616887	0.35466557483225847	0.2932839625508545
21820	0.3374908651030718	0.37053412287815796	0.29197501201877013
21821	0.33213455314362283	0.3636421937854771	0.3042232530709
21822	0.3554400784454541	0.35599663390508807	0.2885632876494579
21823	0.2961633888121856	0.3597718288417226	0.34406478234609184
21824	0.42383715467711125	0.3370254734544194	0.23913737186846937
21825	0.3537173301300385	0.3545621860321302	0.29172048383783145
21826	0.35034232881500676	0.356826484673948	0.29283118651104517
21827	0.3577946876673	0.3431451237698498	0.2990601885628502
21828	0.33559302677239927	0.3554745843392098	0.3089323888883909
21829	0.3189862517995762	0.35153110087161693	0.32948264732880694
21830	0.3429631823665601	0.3612448797030848	0.29579193793035513
21831	0.3577946876673	0.3431451237698498	0.2990601885628502
21832	0.35503947576414546	0.3555116722488405	0.28944885198701403
21833	0.3633694689894482	0.35826522437399494	0.27836530663655673
21834	0.2961633888121856	0.3597718288417226	0.34406478234609184
21835	0.3554400784454541	0.35599663390508807	0.2885632876494579
21836	0.35503947576414546	0.3555116722488405	0.28944885198701403
21837	0.2457374550279658	0.34271772468990513	0.411544820282129
21838	0.32372095771291914	0.3416998305981536	0.33457921168892735
21839	0.2725192911408265	0.3609412442482231	0.3665394646109504
21840	0.3554400784454541	0.35599663390508807	0.2885632876494579
21841	0.30005600230382473	0.35004164824498135	0.34990234945119386
21842	0.30012823495976443	0.3703488419339499	0.3295229231062856
21843	0.30012823495976443	0.3703488419339499	0.3295229231062856
21844	0.3608613819276777	0.36243145287498074	0.27670716519734156
21845	0.3549194898841961	0.3551516889508314	0.28992882116497254
21846	0.3365372240788378	0.3569845097363173	0.30647826618484486
21847	0.3554400784454541	0.35599663390508807	0.2885632876494579
21848	0.3554400784454541	0.35599663390508807	0.2885632876494579
21849	0.2748741273850015	0.36351312480764886	0.36161274780734964
21850	0.3554400784454541	0.35599663390508807	0.2885632876494579
21851	0.3554400784454541	0.35599663390508807	0.2885632876494579
21852	0.28784319016949533	0.35637757542837795	0.3557792344021267
21853	0.3694944357750921	0.337431622248078	0.29307394197682995
21854	0.2550277882552231	0.3666126842504096	0.37835952749436724
21855	0.35503947576414546	0.3555116722488405	0.28944885198701403
21856	0.3554400784454541	0.35599663390508807	0.2885632876494579
21857	0.3088094304411474	0.339228738065134	0.35196183149371857
21858	0.36518499386464826	0.35566904225787255	0.27914596387747914
21859	0.36518499386464826	0.35566904225787255	0.27914596387747914
21860	0.27905411787533924	0.36191373013852635	0.3590321519861345
21861	0.3554400784454541	0.35599663390508807	0.2885632876494579
21862	0.27481267175995844	0.3636700301992465	0.361517298040795
21863	0.3554400784454541	0.35599663390508807	0.2885632876494579
21864	0.2720608151957885	0.362221020366768	0.3657181644374434
21865	0.23545312574768323	0.3638149932303262	0.4007318810219907
21866	0.3554400784454541	0.35599663390508807	0.2885632876494579
21867	0.37167974928657893	0.35469173441495827	0.27362851629846285
21868	0.3427796011360329	0.34331633255725513	0.313904066306712
21869	0.31864707903848016	0.3520985781542881	0.3292543428072317
21870	0.3477654797249378	0.369901839618119	0.28233268065694306
21871	0.3537173301300385	0.3545621860321302	0.29172048383783145
21872	0.3608613819276777	0.36243145287498074	0.27670716519734156
21873	0.3554400784454541	0.35599663390508807	0.2885632876494579
21874	0.3378017956090629	0.33628753583256243	0.32591066855837464
21875	0.34456551164799637	0.3229981966476271	0.3324362917043765
21876	0.3633713089746512	0.3589605547348854	0.2776681362904633
21877	0.2692137043278501	0.35440474510565373	0.3763815505664963
21878	0.3491754226161305	0.3497221687475093	0.3011024086363602
21879	0.27527851481191085	0.3623887280127799	0.3623327571753093
21880	0.30623866807785943	0.3357507793122845	0.3580105526098561
21881	0.3535710089214639	0.3537390068390146	0.2926899842395215
21882	0.3335538288987752	0.35198338795957207	0.31446278314165266
21883	0.3182315652787124	0.3707726578238376	0.31099577689745
21884	0.28784319016949533	0.35637757542837795	0.3557792344021267
21885	0.28991361628511125	0.3627044688947503	0.34738191482013847
21886	0.28784319016949533	0.35637757542837795	0.3557792344021267
21887	0.24739094891864763	0.333512694908077	0.4190963561732754
21888	0.3365372240788378	0.3569845097363173	0.30647826618484486
21889	0.35504363089901914	0.35513205040582707	0.28982431869515385
21890	0.3535463874023396	0.3555249276264131	0.29092868497124735
21891	0.34063546472183326	0.3594222000586278	0.29994233521953895
21892	0.35542650083032107	0.35529527141273326	0.28927822775694567
21893	0.33373219859072834	0.3748438046901589	0.2914239967191129
21894	0.3411977042207463	0.36085921730112624	0.29794307847812734
21895	0.2961633888121856	0.3597718288417226	0.34406478234609184
21896	0.24927790695081511	0.36612812990828536	0.3845939631408996
21897	0.35503947576414546	0.3555116722488405	0.28944885198701403
21898	0.3103325861325033	0.35534264239094404	0.33432477147655265
21899	0.43399988410662577	0.32398511469729196	0.24201500119608224
21900	0.3856436118606631	0.3581150957151228	0.2562412924242141
21901	0.35509866911403226	0.3550127259681009	0.2898886049178667
21902	0.27905411787533924	0.36191373013852635	0.3590321519861345
21903	0.3554400784454541	0.35599663390508807	0.2885632876494579
21904	0.3608613819276777	0.36243145287498074	0.27670716519734156
21905	0.3554400784454541	0.35599663390508807	0.2885632876494579
21906	0.34567707762165534	0.3562516969214064	0.2980712254569382
21907	0.353844250241224	0.3544793855743243	0.2916763641844517
21908	0.3554400784454541	0.35599663390508807	0.2885632876494579
21909	0.3554400784454541	0.35599663390508807	0.2885632876494579
21910	0.3554400784454541	0.35599663390508807	0.2885632876494579
21911	0.3554400784454541	0.35599663390508807	0.2885632876494579
21912	0.3554400784454541	0.35599663390508807	0.2885632876494579
21913	0.36933168983437004	0.34832416354415646	0.2823441466214735
21914	0.296139519087538	0.34371636701403613	0.3601441138984258
21915	0.2902741115009767	0.3359743897686559	0.3737514987303674
21916	0.20456285587905743	0.3570416072021785	0.4383955369187641
21917	0.35448672986663904	0.35569484954487357	0.28981842058848734
21918	0.3554400784454541	0.35599663390508807	0.2885632876494579
21919	0.2748741273850015	0.36351312480764886	0.36161274780734964
21920	0.35503947576414546	0.3555116722488405	0.28944885198701403
21921	0.3554400784454541	0.35599663390508807	0.2885632876494579
21922	0.2951346759426519	0.3777319821368486	0.3271333419204994
21923	0.29828131396504304	0.37070271797505705	0.3310159680598999
21924	0.35684114429405567	0.3483670853001675	0.29479177040577687
21925	0.3554400784454541	0.35599663390508807	0.2885632876494579
21926	0.29907880555625477	0.3304760316968834	0.3704451627468619
21927	0.3554400784454541	0.35599663390508807	0.2885632876494579
21928	0.3550357677723357	0.3541896767760517	0.2907745554516126
21929	0.3365372240788378	0.3569845097363173	0.30647826618484486
21930	0.31709072881620276	0.3714055590831947	0.31150371210060257
21931	0.3554400784454541	0.35599663390508807	0.2885632876494579
21932	0.4014390193174767	0.35103448435624857	0.24752649632627471
21933	0.4270958676867902	0.33942456907856816	0.23347956323464159
21934	0.2596056119752626	0.3502735837518161	0.39012080427292123
21935	0.2592022181709328	0.3496469531372889	0.39115082869177836
21936	0.3545205740630737	0.354286110601156	0.2911933153357703
21937	0.35504363089901914	0.35513205040582707	0.28982431869515385
21938	0.3304578342633274	0.3642954237355667	0.30524674200110574
21939	0.353844250241224	0.3544793855743243	0.2916763641844517
21940	0.3554400784454541	0.35599663390508807	0.2885632876494579
21941	0.348960673545122	0.3692122456308516	0.2818270808240263
21942	0.358709944089756	0.3413737475668753	0.2999163083433688
21943	0.3394598142966234	0.35481875734158863	0.305721428361788
21944	0.27481267175995844	0.3636700301992465	0.361517298040795
21945	0.27481267175995844	0.3636700301992465	0.361517298040795
21946	0.3554400784454541	0.35599663390508807	0.2885632876494579
21947	0.2687946904228041	0.3554732443422745	0.3757320652349215
21948	0.3491386651311166	0.3496853537068616	0.3011759811620218
21949	0.353844250241224	0.3544793855743243	0.2916763641844517
21950	0.3554400784454541	0.35599663390508807	0.2885632876494579
21951	0.35503947576414546	0.3555116722488405	0.28944885198701403
21952	0.3554400784454541	0.35599663390508807	0.2885632876494579
21953	0.3554400784454541	0.35599663390508807	0.2885632876494579
21954	0.25342174386368016	0.3666156376853154	0.37996261845100443
21955	0.3537173301300385	0.3545621860321302	0.29172048383783145
21956	0.3554400784454541	0.35599663390508807	0.2885632876494579
21957	0.2952517565002192	0.35932412120652474	0.345424122293256
21958	0.3537173301300385	0.3545621860321302	0.29172048383783145
21959	0.3542390728658253	0.35517020387783654	0.29059072325633817
21960	0.3554400784454541	0.35599663390508807	0.2885632876494579
21961	0.3554400784454541	0.35599663390508807	0.2885632876494579
21962	0.31709072881620276	0.3714055590831947	0.31150371210060257
21963	0.3608613819276777	0.36243145287498074	0.27670716519734156
21964	0.3554400784454541	0.35599663390508807	0.2885632876494579
21965	0.3554400784454541	0.35599663390508807	0.2885632876494579
21966	0.3537173301300385	0.3545621860321302	0.29172048383783145
21967	0.35509866911403226	0.3550127259681009	0.2898886049178667
21968	0.35450500449062217	0.35441778284161674	0.291077212667761
21969	0.26195664556530707	0.354353731412076	0.383689623022617
21970	0.3554400784454541	0.35599663390508807	0.2885632876494579
21971	0.35503947576414546	0.3555116722488405	0.28944885198701403
21972	0.3554400784454541	0.35599663390508807	0.2885632876494579
21973	0.3543349479179201	0.35430874455925015	0.2913563075228298
21974	0.345113278051509	0.3600864006839087	0.29480032126458233
21975	0.345113278051509	0.3600864006839087	0.29480032126458233
21976	0.3418386677111546	0.3613069686508734	0.29685436363797196
21977	0.3554400784454541	0.35599663390508807	0.2885632876494579
21978	0.3554400784454541	0.35599663390508807	0.2885632876494579
21979	0.357553336444301	0.34252584361969063	0.2999208199360083
21980	0.23686251557443683	0.3661438238385131	0.39699366058705005
21981	0.3554400784454541	0.35599663390508807	0.2885632876494579
21982	0.2596770010770073	0.36484535598407297	0.3754776429389198
21983	0.34993489198510086	0.35601334098234744	0.2940517670325517
21984	0.31709072881620276	0.3714055590831947	0.31150371210060257
21985	0.3416133376224979	0.3560363615129758	0.3023503008645264
21986	0.29038903857044746	0.37104050391044285	0.3385704575191098
21987	0.29038903857044746	0.37104050391044285	0.3385704575191098
21988	0.27905411787533924	0.36191373013852635	0.3590321519861345
21989	0.3554400784454541	0.35599663390508807	0.2885632876494579
21990	0.3550344624045048	0.3551931340655459	0.2897724035299492
21991	0.2537562744951795	0.3688603544402468	0.3773833710645736
21992	0.33563649735847667	0.35700080960905	0.3073626930324733
21993	0.28767927070032745	0.3558691322154373	0.3564515970842351
21994	0.22646934723901324	0.3463108454368299	0.42721980732415693
21995	0.3554400784454541	0.35599663390508807	0.2885632876494579
21996	0.33137534384974116	0.3651842007861884	0.30344045536407044
21997	0.2880764696449584	0.35480696279012947	0.3571165675649121
21998	0.2883423435869828	0.3554105410086598	0.35624711540435744
21999	0.3483308822940376	0.36791894916798373	0.28375016853797863
22000	0.3554400784454541	0.35599663390508807	0.2885632876494579
22001	0.3554400784454541	0.35599663390508807	0.2885632876494579
22002	0.28784319016949533	0.35637757542837795	0.3557792344021267
22003	0.2748741273850015	0.36351312480764886	0.36161274780734964
22004	0.35900482190183425	0.3424867820220876	0.29850839607607815
22005	0.2691902752735892	0.35932545368783136	0.3714842710385795
22006	0.3446344326452752	0.3552631428492814	0.30010242450544333
22007	0.2843672217944779	0.36334621234209896	0.3522865658634232
22008	0.2130102580340436	0.35937540996328954	0.4276143320026669
22009	0.3361636157021768	0.33603949846443626	0.32779688583338706
22010	0.31613008314538377	0.28782514653553365	0.3960447703190827
22011	0.29607152967944605	0.35816903492309954	0.3457594353974544
22012	0.3554400784454541	0.35599663390508807	0.2885632876494579
22013	0.35968398186166645	0.36163223548493517	0.2786837826533984
22014	0.2870355310635581	0.3587883288247216	0.3541761401117203
22015	0.3554275527235476	0.35450812469609644	0.290064322580356
22016	0.30261033667466336	0.36528120161790195	0.3321084617074347
22017	0.26844064159149783	0.37841139390550127	0.35314796450300084
22018	0.27527851481191085	0.3623887280127799	0.3623327571753093
22019	0.3554400784454541	0.35599663390508807	0.2885632876494579
22020	0.3554400784454541	0.35599663390508807	0.2885632876494579
22021	0.3169338547492756	0.35718900339250254	0.3258771418582218
22022	0.3608613819276777	0.36243145287498074	0.27670716519734156
22023	0.43598076746167747	0.33240420043790786	0.23161503210041468
22024	0.3554400784454541	0.35599663390508807	0.2885632876494579
22025	0.3304150051386674	0.34739526288379524	0.32218973197753725
22026	0.21837206382720364	0.36689392751222816	0.41473400866056814
22027	0.29032088181062804	0.36941538859436346	0.34026372959500845
22028	0.34138179371714594	0.3550090134571765	0.30360919282567755
22029	0.3859663811068628	0.35871764840943954	0.25531597048369764
22030	0.34080178359200003	0.3599666020971492	0.2992316143108508
22031	0.2740439908214008	0.34033087902156034	0.3856251301570388
22032	0.2755899017385365	0.34736682364272153	0.3770432746187419
22033	0.35678382158909216	0.3421427343319805	0.30107344407892733
22034	0.2604892342504564	0.3531240660233441	0.3863866997261994
22035	0.26008871505517134	0.35249809279834154	0.3874131921464871
22036	0.28925254310154075	0.3558778573658919	0.35486959953256725
22037	0.3491722894278977	0.34971903065326515	0.3011086799188371
22038	0.358977555677207	0.3496233568324181	0.29139908749037496
22039	0.358977555677207	0.3496233568324181	0.29139908749037496
22040	0.3531319860863851	0.35362800312764586	0.2932400107859691
22041	0.35503947576414546	0.3555116722488405	0.28944885198701403
22042	0.26254376368627824	0.35152221577350656	0.38593402054021525
22043	0.3193699174747106	0.352556550955161	0.3280735315701284
22044	0.3566469753228923	0.35531834466904	0.28803468000806776
22045	0.3437004815231617	0.35789029814878187	0.2984092203280564
22046	0.3437004815231617	0.35789029814878187	0.2984092203280564
22047	0.3310140896506106	0.3657638747755204	0.3032220355738689
22048	0.3428170070502659	0.3584533343272689	0.29872965862246514
22049	0.3204170245260905	0.3645040220077391	0.3150789534661704
22050	0.3554400784454541	0.35599663390508807	0.2885632876494579
22051	0.28925254310154075	0.3558778573658919	0.35486959953256725
22052	0.249505525316062	0.35288732338989226	0.3976071512940457
22053	0.3554400784454541	0.35599663390508807	0.2885632876494579
22054	0.2176662889770597	0.3266525728236303	0.45568113819931
22055	0.28736276964923907	0.33303377680965757	0.37960345354110336
22056	0.376988752280602	0.28787393004423434	0.3351373176751637
22057	0.26323861473893956	0.3658446589868921	0.3709167262741684
22058	0.353844250241224	0.3544793855743243	0.2916763641844517
22059	0.21537926825148804	0.3440156188469426	0.4406051129015693
22060	0.34108178219901314	0.35482265302973254	0.3040955647712544
22061	0.27905411787533924	0.36191373013852635	0.3590321519861345
22062	0.3377528808706059	0.32392390973042307	0.3383232093989711
22063	0.2611412850579793	0.3243072137291226	0.4145515012128982
22064	0.3213857421123162	0.3689639627332046	0.3096502951544792
22065	0.2748741273850015	0.36351312480764886	0.36161274780734964
22066	0.31871436745965587	0.31700856231178315	0.36427707022856093
22067	0.35381687125401656	0.35540200200947747	0.2907811267365059
22068	0.3353691907679908	0.3540491108310476	0.31058169840096145
22069	0.3357774310891248	0.3545635787029989	0.30965899020787635
22070	0.28162930328186503	0.367441987887552	0.35092870883058297
22071	0.2514827331830946	0.36515042924093016	0.3833668375759752
22072	0.2514827331830946	0.36515042924093016	0.3833668375759752
22073	0.27481267175995844	0.3636700301992465	0.361517298040795
22074	0.3554400784454541	0.35599663390508807	0.2885632876494579
22075	0.2748741273850015	0.36351312480764886	0.36161274780734964
22076	0.2748741273850015	0.36351312480764886	0.36161274780734964
22077	0.3554400784454541	0.35599663390508807	0.2885632876494579
22078	0.2522831837202334	0.326680863827297	0.4210359524524696
22079	0.27905411787533924	0.36191373013852635	0.3590321519861345
22080	0.3554400784454541	0.35599663390508807	0.2885632876494579
22081	0.3554400784454541	0.35599663390508807	0.2885632876494579
22082	0.26200992348321855	0.31665852674120215	0.42133154977557935
22083	0.3392097459807648	0.3165954286789352	0.3441948253403001
22084	0.3545205740630737	0.354286110601156	0.2911933153357703
22085	0.35504363089901914	0.35513205040582707	0.28982431869515385
22086	0.3554400784454541	0.35599663390508807	0.2885632876494579
22087	0.3554400784454541	0.35599663390508807	0.2885632876494579
22088	0.26881276220693756	0.3554971437568309	0.37569009403623166
22089	0.3537173301300385	0.3545621860321302	0.29172048383783145
22090	0.3554400784454541	0.35599663390508807	0.2885632876494579
22091	0.2869353281159094	0.35590700132389647	0.35715767056019415
22092	0.3554400784454541	0.35599663390508807	0.2885632876494579
22093	0.31709072881620276	0.3714055590831947	0.31150371210060257
22094	0.35504363089901914	0.35513205040582707	0.28982431869515385
22095	0.3005616971649936	0.3764940938956853	0.32294420893932113
22096	0.3543349479179201	0.35430874455925015	0.2913563075228298
22097	0.3732849297417226	0.33955629607802146	0.2871587741802558
22098	0.3339280830969245	0.3552299995167176	0.3108419173863578
22099	0.33373219859072834	0.3748438046901589	0.2914239967191129
22100	0.28784319016949533	0.35637757542837795	0.3557792344021267
22101	0.27905411787533924	0.36191373013852635	0.3590321519861345
22102	0.3554400784454541	0.35599663390508807	0.2885632876494579
22103	0.3554400784454541	0.35599663390508807	0.2885632876494579
22104	0.3589727574446783	0.3417945632798564	0.2992326792754653
22105	0.36782927521642916	0.3666162353488495	0.2655544894347213
22106	0.36892861650494585	0.3474865667044077	0.28358481679064634
22107	0.2969212099953601	0.3574779657933597	0.3456008242112802
22108	0.28769796503142986	0.3549951403157734	0.35730689465279686
22109	0.3225670611799557	0.32244796401789044	0.35498497480215385
22110	0.3310140896506106	0.3657638747755204	0.3032220355738689
22111	0.3554400784454541	0.35599663390508807	0.2885632876494579
22112	0.35448672986663904	0.35569484954487357	0.28981842058848734
22113	0.3365372240788378	0.3569845097363173	0.30647826618484486
22114	0.3608807002580413	0.3609480791905853	0.2781712205513734
22115	0.2961633888121856	0.3597718288417226	0.34406478234609184
22116	0.27399235135144817	0.3630134954247958	0.36299415322375606
22117	0.35448672986663904	0.35569484954487357	0.28981842058848734
22118	0.35503947576414546	0.3555116722488405	0.28944885198701403
22119	0.3554400784454541	0.35599663390508807	0.2885632876494579
22120	0.2876177857502689	0.3431449577616171	0.3692372564881142
22121	0.4216851786241681	0.29330072388216116	0.28501409749367074
22122	0.4216851786241681	0.29330072388216116	0.28501409749367074
22123	0.3554400784454541	0.35599663390508807	0.2885632876494579
22124	0.3226561444277364	0.3602363140328013	0.31710754153946236
22125	0.3226561444277364	0.3602363140328013	0.31710754153946236
22126	0.3549194898841961	0.3551516889508314	0.28992882116497254
22127	0.3608613819276777	0.36243145287498074	0.27670716519734156
22128	0.22843113785166605	0.3616433836465741	0.4099254785017597
22129	0.3019927054121307	0.36374648480547417	0.33426080978239514
22130	0.3554400784454541	0.35599663390508807	0.2885632876494579
22131	0.3554400784454541	0.35599663390508807	0.2885632876494579
22132	0.26884122944179806	0.35553479085587664	0.3756239797023252
22133	0.3554400784454541	0.35599663390508807	0.2885632876494579
22134	0.35008638238458284	0.3203862738166922	0.32952734379872506
22135	0.3554400784454541	0.35599663390508807	0.2885632876494579
22136	0.3634631221652172	0.3488754416146727	0.28766143622011014
22137	0.3310140896506106	0.3657638747755204	0.3032220355738689
22138	0.3554400784454541	0.35599663390508807	0.2885632876494579
22139	0.27481267175995844	0.3636700301992465	0.361517298040795
22140	0.3554400784454541	0.35599663390508807	0.2885632876494579
22141	0.3634800491411686	0.3495670570908872	0.28695289376794414
22142	0.3577946876673	0.3431451237698498	0.2990601885628502
22143	0.27527851481191085	0.3623887280127799	0.3623327571753093
22144	0.27527851481191085	0.3623887280127799	0.3623327571753093
22145	0.3554400784454541	0.35599663390508807	0.2885632876494579
22146	0.36933612576162694	0.34832171353893754	0.2823421606994355
22147	0.3543349479179201	0.35430874455925015	0.2913563075228298
22148	0.2961633888121856	0.3597718288417226	0.34406478234609184
22149	0.2852404673276032	0.358002965917041	0.3567565667553557
22150	0.3437799727375003	0.3557457910897091	0.30047423617279057
22151	0.3554400784454541	0.35599663390508807	0.2885632876494579
22152	0.2852404673276032	0.358002965917041	0.3567565667553557
22153	0.3437799727375003	0.3557457910897091	0.30047423617279057
22154	0.2949911435575218	0.3587280419943362	0.34628081444814196
22155	0.3365372240788378	0.3569845097363173	0.30647826618484486
22156	0.3554400784454541	0.35599663390508807	0.2885632876494579
22157	0.3608613819276777	0.36243145287498074	0.27670716519734156
22158	0.3554400784454541	0.35599663390508807	0.2885632876494579
22159	0.3554400784454541	0.35599663390508807	0.2885632876494579
22160	0.3127109692290481	0.36596050075424674	0.3213285300167052
22161	0.27439461870519594	0.36188955885398766	0.3637158224408165
22162	0.35448672986663904	0.35569484954487357	0.28981842058848734
22163	0.35448672986663904	0.35569484954487357	0.28981842058848734
22164	0.3608613819276777	0.36243145287498074	0.27670716519734156
22165	0.27481267175995844	0.3636700301992465	0.361517298040795
22166	0.3477654797249378	0.369901839618119	0.28233268065694306
22167	0.34678753611095586	0.3423098655002244	0.31090259838881973
22168	0.34678753611095586	0.3423098655002244	0.31090259838881973
22169	0.3554400784454541	0.35599663390508807	0.2885632876494579
22170	0.3554400784454541	0.35599663390508807	0.2885632876494579
22171	0.2748741273850015	0.36351312480764886	0.36161274780734964
22172	0.35662688340317883	0.34146516785077324	0.3019079487460478
22173	0.3554400784454541	0.35599663390508807	0.2885632876494579
22174	0.3577946876673	0.3431451237698498	0.2990601885628502
22175	0.353844250241224	0.3544793855743243	0.2916763641844517
22176	0.3402038578266557	0.3568313132423147	0.30296482893102966
22177	0.309246470128002	0.3268383395948063	0.3639151902771916
22178	0.3608613819276777	0.36243145287498074	0.27670716519734156
22179	0.3554400784454541	0.35599663390508807	0.2885632876494579
22180	0.3550344624045048	0.3551931340655459	0.2897724035299492
22181	0.357370687571946	0.3420479886456727	0.30058132378238117
22182	0.3554400784454541	0.35599663390508807	0.2885632876494579
22183	0.3577946876673	0.3431451237698498	0.2990601885628502
22184	0.3577946876673	0.3431451237698498	0.2990601885628502
22185	0.3573746106340539	0.34266154120956455	0.29996384815638166
22186	0.27481267175995844	0.3636700301992465	0.361517298040795
22187	0.3554400784454541	0.35599663390508807	0.2885632876494579
22188	0.3543349479179201	0.35430874455925015	0.2913563075228298
22189	0.2069643077933375	0.36207624517783393	0.4309594470288285
22190	0.3554400784454541	0.35599663390508807	0.2885632876494579
22191	0.3537173301300385	0.3545621860321302	0.29172048383783145
22192	0.3554400784454541	0.35599663390508807	0.2885632876494579
22193	0.34882313804257775	0.3456417633459559	0.30553509861146644
22194	0.3554400784454541	0.35599663390508807	0.2885632876494579
22195	0.302214717832484	0.36471774980848254	0.33306753235903336
22196	0.30261033667466336	0.36528120161790195	0.3321084617074347
22197	0.2770982515382235	0.33460422249589844	0.38829752596587797
22198	0.2961633888121856	0.3597718288417226	0.34406478234609184
22199	0.3554400784454541	0.35599663390508807	0.2885632876494579
22200	0.35503947576414546	0.3555116722488405	0.28944885198701403
22201	0.3554400784454541	0.35599663390508807	0.2885632876494579
22202	0.35448552433879105	0.3529289184968301	0.2925855571643788
22203	0.27527851481191085	0.3623887280127799	0.3623327571753093
22204	0.24344928062461793	0.31993692365828347	0.4366137957170987
22205	0.3596906654294574	0.3416785943577455	0.2986307402127972
22206	0.3079705376494927	0.36884820934404017	0.3231812530064671
22207	0.28784319016949533	0.35637757542837795	0.3557792344021267
22208	0.3554400784454541	0.35599663390508807	0.2885632876494579
22209	0.21924222027061407	0.3394051496922869	0.441352630037099
22210	0.3573690052054015	0.3422862661758082	0.3003447286187904
22211	0.29723592168678803	0.3452949065418042	0.3574691717714077
22212	0.28925254310154075	0.3558778573658919	0.35486959953256725
22213	0.35432592981780175	0.3552606278750769	0.2904134423071213
22214	0.3442723099836136	0.3581461066983577	0.29758158331802875
22215	0.35468760948527117	0.3548595180791935	0.29045287243553525
22216	0.35508936277502734	0.3553451388624131	0.28956549836255957
22217	0.2748741273850015	0.36351312480764886	0.36161274780734964
22218	0.2748741273850015	0.36351312480764886	0.36161274780734964
22219	0.35731405457858983	0.34081468232445894	0.30187126309695134
22220	0.34460041543138165	0.3537552471925514	0.30164433737606705
22221	0.3655938956344014	0.3532229767522494	0.2811831276133491
22222	0.36174379055104616	0.3290441224996951	0.3092120869492588
22223	0.30631479377069126	0.33648433309531267	0.357200873133996
22224	0.29125702967097195	0.3461105993678894	0.36263237096113854
22225	0.2852404673276032	0.358002965917041	0.3567565667553557
22226	0.3437799727375003	0.3557457910897091	0.30047423617279057
22227	0.27905411787533924	0.36191373013852635	0.3590321519861345
22228	0.3554400784454541	0.35599663390508807	0.2885632876494579
22229	0.3554400784454541	0.35599663390508807	0.2885632876494579
22230	0.29027564464238775	0.354563556556236	0.35516079880137624
22231	0.24507219077402045	0.36644354598656315	0.38848426323941637
22232	0.32766167064647567	0.3564490696845375	0.31588925966898673
22233	0.3554400784454541	0.35599663390508807	0.2885632876494579
22234	0.3554400784454541	0.35599663390508807	0.2885632876494579
22235	0.3549194898841961	0.3551516889508314	0.28992882116497254
22236	0.35447186270560027	0.3549927536975723	0.2905353835968274
22237	0.30971745306985504	0.2956319504273601	0.3946505965027849
22238	0.3466077795619888	0.36906162829200584	0.28433059214600526
22239	0.3477654797249378	0.369901839618119	0.28233268065694306
22240	0.2748741273850015	0.36351312480764886	0.36161274780734964
22241	0.2748741273850015	0.36351312480764886	0.36161274780734964
22242	0.3554400784454541	0.35599663390508807	0.2885632876494579
22243	0.2612489805376484	0.3652192078653828	0.3735318115969688
22244	0.3429631823665601	0.3612448797030848	0.29579193793035513
22245	0.3429631823665601	0.3612448797030848	0.29579193793035513
22246	0.3554400784454541	0.35599663390508807	0.2885632876494579
22247	0.353844250241224	0.3544793855743243	0.2916763641844517
22248	0.3155788272429303	0.32890266581350175	0.355518506943568
22249	0.27527851481191085	0.3623887280127799	0.3623327571753093
22250	0.3416133376224979	0.3560363615129758	0.3023503008645264
22251	0.3543349479179201	0.35430874455925015	0.2913563075228298
