40860	0.24020415268298664	0.38240656652696514	0.3773892807900483
40861	0.37372990967724595	0.3745553279555319	0.2517147623672222
40862	0.39372695258594853	0.2532448375182236	0.3530282098958278
40863	0.3753310140261782	0.375868821295024	0.24880016467879776
40864	0.20902437654775485	0.34637990176221845	0.4445957216900267
40865	0.3679302583972161	0.36874286759051783	0.26332687401226607
40866	0.36397148511970806	0.39123523396671056	0.24479328091358146
40867	0.23312632382422474	0.3830095840205011	0.38386409215527423
40868	0.3755910732047311	0.37522868398392833	0.24918024281134057
40869	0.1420997185536004	0.234052534857225	0.6238477465891745
40870	0.37493062181470793	0.24583828724402118	0.3792310909412709
40871	0.3753310140261782	0.375868821295024	0.24880016467879776
40872	0.24142649450032427	0.38521549019765505	0.37335801530202073
40873	0.3753310140261782	0.375868821295024	0.24880016467879776
40874	0.38164361767350335	0.38017467920408593	0.2381817031224106
40875	0.38139504622458537	0.38052817425010993	0.23807677952530468
40876	0.14015437351762114	0.35347730940019034	0.5063683170821885
40877	0.24187625456910872	0.38390925582163477	0.37421448960925663
40878	0.36106575001700825	0.38031424095420363	0.25862000902878823
40879	0.3753310140261782	0.375868821295024	0.24880016467879776
40880	0.2484518335499353	0.3677509452246669	0.3837972212253978
40881	0.3755910732047311	0.37522868398392833	0.24918024281134057
40882	0.08750384642910414	0.2206229876464247	0.6918731659244711
40883	0.24280778227907843	0.3837383384847276	0.37345387923619394
40884	0.3753310140261782	0.375868821295024	0.24880016467879776
40885	0.3753310140261782	0.375868821295024	0.24880016467879776
40886	0.241749013211796	0.38382467378036583	0.37442631300783824
40887	0.38164361767350335	0.38017467920408593	0.2381817031224106
40888	0.24128988194247813	0.38163480275399975	0.3770753153035222
40889	0.3747645397670479	0.3754747116288519	0.24976074860410027
40890	0.23355238226615407	0.39999251509821754	0.36645510263562836
40891	0.38157262107844203	0.38026943139638014	0.23815794752517783
40892	0.36397148511970806	0.39123523396671056	0.24479328091358146
40893	0.2417165745033731	0.38451650617854777	0.37376691931807904
40894	0.3753310140261782	0.375868821295024	0.24880016467879776
40895	0.2417165745033731	0.38451650617854777	0.37376691931807904
40896	0.3753310140261782	0.375868821295024	0.24880016467879776
40897	0.3753310140261782	0.375868821295024	0.24880016467879776
40898	0.36397148511970806	0.39123523396671056	0.24479328091358146
40899	0.38139504622458537	0.38052817425010993	0.23807677952530468
40900	0.24758470764508578	0.39194464314420874	0.3604706492107055
40901	0.38157262107844203	0.38026943139638014	0.23815794752517783
40902	0.22374882995093517	0.36699714682749357	0.4092540232215713
40903	0.37013173589628034	0.39154041865312267	0.2383278454505969
40904	0.3753310140261782	0.375868821295024	0.24880016467879776
40905	0.3753310140261782	0.375868821295024	0.24880016467879776
40906	0.2441129735512156	0.3839589346934169	0.3719280917553675
40907	0.24142649450032427	0.38521549019765505	0.37335801530202073
40908	0.3753310140261782	0.375868821295024	0.24880016467879776
40909	0.22424229279330632	0.3542973365356373	0.4214603706710564
40910	0.24142649450032427	0.38521549019765505	0.37335801530202073
40911	0.3753310140261782	0.375868821295024	0.24880016467879776
40912	0.3040723455873067	0.3045080472836639	0.3914196071290293
40913	0.24280778227907843	0.3837383384847276	0.37345387923619394
40914	0.2249840793896776	0.357898883634438	0.41711703697588437
40915	0.31090634222227137	0.3113518361563249	0.37774182162140363
40916	0.3753310140261782	0.375868821295024	0.24880016467879776
40917	0.36957292337186803	0.37010247994228296	0.260324596685849
40918	0.36397148511970806	0.39123523396671056	0.24479328091358146
40919	0.3755910732047311	0.37522868398392833	0.24918024281134057
40920	0.23154685250768373	0.3878959078549831	0.38055723963733323
40921	0.37372990967724595	0.3745553279555319	0.2517147623672222
40922	0.24142649450032427	0.38521549019765505	0.37335801530202073
40923	0.2460575214017151	0.37828798448208634	0.37565449411619856
40924	0.2546151605784075	0.37504917198509385	0.37033566743649865
40925	0.24142649450032427	0.38521549019765505	0.37335801530202073
40926	0.36131290078010947	0.3620995550579453	0.2765875441619452
40927	0.27547177515707755	0.28749672361663925	0.43703150122628315
40928	0.38157262107844203	0.38026943139638014	0.23815794752517783
40929	0.36397148511970806	0.39123523396671056	0.24479328091358146
40930	0.36243775071230666	0.38988838619964605	0.24767386308804726
40931	0.3753310140261782	0.375868821295024	0.24880016467879776
40932	0.3753310140261782	0.375868821295024	0.24880016467879776
40933	0.23312632382422474	0.3830095840205011	0.38386409215527423
40934	0.2418431783018856	0.3833421019498217	0.3748147197482927
40935	0.3753310140261782	0.375868821295024	0.24880016467879776
40936	0.24011725013504173	0.38227665511274317	0.377606094752215
40937	0.22029237161107007	0.3637469228272033	0.4159607055617266
40938	0.24142649450032427	0.38521549019765505	0.37335801530202073
40939	0.31090634222227137	0.3113518361563249	0.37774182162140363
40940	0.22057715023937494	0.3696649972216137	0.4097578525390113
40941	0.35070745589235663	0.3700037288362301	0.27928881527141336
40942	0.37761162326624725	0.37586723350684575	0.24652114322690696
40943	0.3753310140261782	0.375868821295024	0.24880016467879776
40944	0.24142649450032427	0.38521549019765505	0.37335801530202073
40945	0.3753310140261782	0.375868821295024	0.24880016467879776
40946	0.3753310140261782	0.375868821295024	0.24880016467879776
40947	0.3753310140261782	0.375868821295024	0.24880016467879776
40948	0.3816669843382762	0.3798877431570816	0.23844527250464218
40949	0.2412205311529971	0.3831623252932177	0.37561714355378517
40950	0.3753310140261782	0.375868821295024	0.24880016467879776
40951	0.3747120067743844	0.3752371757974638	0.2500508174281519
40952	0.36824580892162645	0.36769341792546273	0.2640607731529108
40953	0.38383918786344673	0.380216347426769	0.2359444647097842
40954	0.35851730119326597	0.385372497428827	0.25611020137790713
40955	0.241749013211796	0.38382467378036583	0.37442631300783824
40956	0.2504927305353394	0.3837224775442756	0.36578479192038504
40957	0.22839262537018276	0.3512920571151212	0.4203153175146961
40958	0.2448710099803456	0.39353708043535973	0.36159190958429466
40959	0.3781074026013672	0.38253991787021147	0.23935267952842137
40960	0.3845236227639639	0.362399170668096	0.2530772065679401
40961	0.24762685696557515	0.39125354445348626	0.36111959858093856
40962	0.24762685696557515	0.39125354445348626	0.36111959858093856
40963	0.3753310140261782	0.375868821295024	0.24880016467879776
40964	0.24280778227907843	0.3837383384847276	0.37345387923619394
40965	0.35762632891087087	0.35813876742506734	0.28423490366406173
40966	0.3819877215526654	0.379630677444936	0.23838160100239852
40967	0.2417165745033731	0.38451650617854777	0.37376691931807904
40968	0.3753310140261782	0.375868821295024	0.24880016467879776
40969	0.3753310140261782	0.375868821295024	0.24880016467879776
40970	0.241564646928803	0.38259423309179535	0.3758411199794016
40971	0.38296239332764853	0.37803539516735624	0.23900221150499523
40972	0.3753310140261782	0.375868821295024	0.24880016467879776
40973	0.3576992962949424	0.3582118395050716	0.2840888641999861
40974	0.35145021720804537	0.35195380597206566	0.2965959768198889
40975	0.3753310140261782	0.375868821295024	0.24880016467879776
40976	0.24728239072357003	0.39264888183251856	0.36006872744391144
40977	0.36369521803075117	0.3642163525082975	0.2720884294609514
40978	0.24859113167646668	0.36707612758044833	0.384332740743085
40979	0.2276711895834029	0.3740471954661801	0.39828161495041703
40980	0.34302832153369556	0.34378593248732386	0.3131857459789806
40981	0.3644800560699776	0.3903321176725504	0.24518782625747215
40982	0.21741735883219085	0.3714085290421821	0.4111741121256271
40983	0.37372990967724595	0.3745553279555319	0.2517147623672222
40984	0.21411995124381514	0.36032413180864986	0.42555591694753503
40985	0.3747120067743844	0.3752371757974638	0.2500508174281519
40986	0.24189575997189866	0.3831381112906417	0.37496612873745966
40987	0.3753310140261782	0.375868821295024	0.24880016467879776
40988	0.22519792147913606	0.38145961837782244	0.3933424601430414
40989	0.24187625456910872	0.38390925582163477	0.37421448960925663
40990	0.21907207065897455	0.34954719970636383	0.43138072963466156
40991	0.12365551441262311	0.31137449856767724	0.5649699870196996
40992	0.3753310140261782	0.375868821295024	0.24880016467879776
40993	0.3753310140261782	0.375868821295024	0.24880016467879776
40994	0.23312632382422474	0.3830095840205011	0.38386409215527423
40995	0.3753310140261782	0.375868821295024	0.24880016467879776
40996	0.24011725013504173	0.38227665511274317	0.377606094752215
40997	0.38296239332764853	0.37803539516735624	0.23900221150499523
40998	0.3753310140261782	0.375868821295024	0.24880016467879776
40999	0.241749013211796	0.38382467378036583	0.37442631300783824
41000	0.24803568099842951	0.3790245373147581	0.37293978168681235
41001	0.3753310140261782	0.375868821295024	0.24880016467879776
41002	0.35780046174374563	0.3574552378026444	0.2847443004536101
41003	0.3753310140261782	0.375868821295024	0.24880016467879776
41004	0.2460575214017151	0.37828798448208634	0.37565449411619856
41005	0.24280778227907843	0.3837383384847276	0.37345387923619394
41006	0.3753310140261782	0.375868821295024	0.24880016467879776
41007	0.3753310140261782	0.375868821295024	0.24880016467879776
41008	0.2418431783018856	0.3833421019498217	0.3748147197482927
41009	0.14024453688490132	0.3535978130239019	0.5061576500911968
41010	0.3753310140261782	0.375868821295024	0.24880016467879776
41011	0.38157262107844203	0.38026943139638014	0.23815794752517783
41012	0.3753310140261782	0.375868821295024	0.24880016467879776
41013	0.241749013211796	0.38382467378036583	0.37442631300783824
41014	0.24142649450032427	0.38521549019765505	0.37335801530202073
41015	0.3983638524126429	0.22697892373321046	0.3746572238541467
41016	0.38164361767350335	0.38017467920408593	0.2381817031224106
41017	0.3753310140261782	0.375868821295024	0.24880016467879776
41018	0.38139504622458537	0.38052817425010993	0.23807677952530468
41019	0.22498679646430916	0.3572113185839431	0.41780188495174775
41020	0.3753310140261782	0.375868821295024	0.24880016467879776
41021	0.13885276687749423	0.3522056611707144	0.5089415719517915
41022	0.3753310140261782	0.375868821295024	0.24880016467879776
41023	0.23312632382422474	0.3830095840205011	0.38386409215527423
41024	0.21969164850309814	0.3635208037161778	0.416787547780724
41025	0.3747120067743844	0.3752371757974638	0.2500508174281519
41026	0.36957292337186803	0.37010247994228296	0.260324596685849
41027	0.241749013211796	0.38382467378036583	0.37442631300783824
41028	0.24142649450032427	0.38521549019765505	0.37335801530202073
41029	0.24142649450032427	0.38521549019765505	0.37335801530202073
41030	0.3839349012647327	0.37983549365588054	0.2362296050793867
41031	0.241749013211796	0.38382467378036583	0.37442631300783824
41032	0.241749013211796	0.38382467378036583	0.37442631300783824
41033	0.24023398997326953	0.3817147194239273	0.3780512906028031
41034	0.24032616552135427	0.38123258046623737	0.3784412540124084
41035	0.3753310140261782	0.375868821295024	0.24880016467879776
41036	0.28506490512908816	0.3876517709675532	0.3272833239033586
41037	0.35746146134273854	0.3579736635457491	0.2845648751115124
41038	0.24909960724152388	0.3704997772573279	0.3804006155011483
41039	0.3753310140261782	0.375868821295024	0.24880016467879776
41040	0.24011725013504173	0.38227665511274317	0.377606094752215
41041	0.23312632382422474	0.3830095840205011	0.38386409215527423
41042	0.24280778227907843	0.3837383384847276	0.37345387923619394
41043	0.24142649450032427	0.38521549019765505	0.37335801530202073
41044	0.3753310140261782	0.375868821295024	0.24880016467879776
41045	0.37372990967724595	0.3745553279555319	0.2517147623672222
41046	0.24762685696557515	0.39125354445348626	0.36111959858093856
41047	0.3753310140261782	0.375868821295024	0.24880016467879776
41048	0.3753310140261782	0.375868821295024	0.24880016467879776
41049	0.37372990967724595	0.3745553279555319	0.2517147623672222
41050	0.24336916260512162	0.3859682897444329	0.3706625476504453
41051	0.38139504622458537	0.38052817425010993	0.23807677952530468
41052	0.3753310140261782	0.375868821295024	0.24880016467879776
41053	0.38139504622458537	0.38052817425010993	0.23807677952530468
41054	0.38296239332764853	0.37803539516735624	0.23900221150499523
41055	0.23860063737050866	0.3801563848965438	0.38124297773294763
41056	0.24142649450032427	0.38521549019765505	0.37335801530202073
41057	0.241749013211796	0.38382467378036583	0.37442631300783824
41058	0.3669706906610462	0.37650531807326243	0.25652399126569136
41059	0.3696206561230198	0.37015028108911635	0.26022906278786373
41060	0.3753310140261782	0.375868821295024	0.24880016467879776
41061	0.24762685696557515	0.39125354445348626	0.36111959858093856
41062	0.2417165745033731	0.38451650617854777	0.37376691931807904
41063	0.3753310140261782	0.375868821295024	0.24880016467879776
41064	0.3753310140261782	0.375868821295024	0.24880016467879776
41065	0.24142649450032427	0.38521549019765505	0.37335801530202073
41066	0.24366206017479253	0.38526870408599534	0.3710692357392122
41067	0.24773361390815032	0.3916325311704207	0.36063385492142896
41068	0.381788939085122	0.3799535065556185	0.2382575543592594
41069	0.38749954112900875	0.3847470708988618	0.22775338797212946
41070	0.2417165745033731	0.38451650617854777	0.37376691931807904
41071	0.3753310140261782	0.375868821295024	0.24880016467879776
41072	0.38749954112900875	0.3847470708988618	0.22775338797212946
41073	0.23860063737050866	0.3801563848965438	0.38124297773294763
41074	0.3661949301660523	0.39124625182612294	0.24255881800782478
41075	0.38164361767350335	0.38017467920408593	0.2381817031224106
41076	0.3753310140261782	0.375868821295024	0.24880016467879776
41077	0.38157262107844203	0.38026943139638014	0.23815794752517783
41078	0.3753310140261782	0.375868821295024	0.24880016467879776
41079	0.3753310140261782	0.375868821295024	0.24880016467879776
41080	0.3753310140261782	0.375868821295024	0.24880016467879776
41081	0.241749013211796	0.38382467378036583	0.37442631300783824
41082	0.3753310140261782	0.375868821295024	0.24880016467879776
41083	0.3493345757642871	0.3732324840419806	0.2774329401937323
41084	0.3753310140261782	0.375868821295024	0.24880016467879776
41085	0.3348965060893766	0.3599823565778733	0.3051211373327501
41086	0.3752263270724079	0.37454622401674026	0.2502274489108519
41087	0.23312632382422474	0.3830095840205011	0.38386409215527423
41088	0.23101488246402826	0.3657134018833762	0.4032717156525956
41089	0.35746146134273854	0.3579736635457491	0.2845648751115124
41090	0.36397148511970806	0.39123523396671056	0.24479328091358146
41091	0.24142649450032427	0.38521549019765505	0.37335801530202073
41092	0.22896200960075785	0.3645170479373908	0.4065209424618514
41093	0.3753310140261782	0.375868821295024	0.24880016467879776
41094	0.3753310140261782	0.375868821295024	0.24880016467879776
41095	0.35145021720804537	0.35195380597206566	0.2965959768198889
41096	0.23384325169736442	0.39928422013703946	0.3668725281655961
41097	0.3753310140261782	0.375868821295024	0.24880016467879776
41098	0.3753310140261782	0.375868821295024	0.24880016467879776
41099	0.3040723455873067	0.3045080472836639	0.3914196071290293
41100	0.241749013211796	0.38382467378036583	0.37442631300783824
41101	0.23312632382422474	0.3830095840205011	0.38386409215527423
41102	0.23168183975052306	0.366154673497099	0.4021634867523779
41103	0.36369521803075117	0.3642163525082975	0.2720884294609514
41104	0.3642383021304798	0.39058461306119185	0.24517708480832845
41105	0.3753310140261782	0.375868821295024	0.24880016467879776
41106	0.3753310140261782	0.375868821295024	0.24880016467879776
41107	0.3753310140261782	0.375868821295024	0.24880016467879776
41108	0.13995325337498926	0.3521070731885384	0.5079396734364723
41109	0.24280778227907843	0.3837383384847276	0.37345387923619394
41110	0.3753310140261782	0.375868821295024	0.24880016467879776
41111	0.3753310140261782	0.375868821295024	0.24880016467879776
41112	0.3753310140261782	0.375868821295024	0.24880016467879776
41113	0.3753310140261782	0.375868821295024	0.24880016467879776
41114	0.38139504622458537	0.38052817425010993	0.23807677952530468
41115	0.38139504622458537	0.38052817425010993	0.23807677952530468
41116	0.2418431783018856	0.3833421019498217	0.3748147197482927
41117	0.23312632382422474	0.3830095840205011	0.38386409215527423
41118	0.3753310140261782	0.375868821295024	0.24880016467879776
41119	0.2484518335499353	0.3677509452246669	0.3837972212253978
41120	0.3753310140261782	0.375868821295024	0.24880016467879776
41121	0.23814173306936415	0.392979740064886	0.36887852686574985
41122	0.3119452813652585	0.31002043220759107	0.3780342864271504
41123	0.21943476535925618	0.36489825909574203	0.41566697554500187
41124	0.241749013211796	0.38382467378036583	0.37442631300783824
41125	0.22698522477573604	0.35761648513710975	0.4153982900871542
41126	0.22505145040999971	0.3580060558615595	0.41694249372844094
41127	0.3576992962949424	0.3582118395050716	0.2840888641999861
41128	0.38164361767350335	0.38017467920408593	0.2381817031224106
41129	0.36961594436506723	0.37014556257974274	0.26023849305519015
41130	0.22498679646430916	0.3572113185839431	0.41780188495174775
41131	0.3643747170524237	0.36297224630332425	0.27265303664425206
41132	0.24142649450032427	0.38521549019765505	0.37335801530202073
41133	0.3753310140261782	0.375868821295024	0.24880016467879776
41134	0.3507760191777647	0.36593077584769756	0.2832932049745378
41135	0.241564646928803	0.38259423309179535	0.3758411199794016
41136	0.3753310140261782	0.375868821295024	0.24880016467879776
41137	0.3576992962949424	0.3582118395050716	0.2840888641999861
41138	0.31090634222227137	0.3113518361563249	0.37774182162140363
41139	0.241564646928803	0.38259423309179535	0.3758411199794016
41140	0.38139504622458537	0.38052817425010993	0.23807677952530468
41141	0.2479923490666955	0.3712694022919534	0.38073824864135114
41142	0.3753310140261782	0.375868821295024	0.24880016467879776
41143	0.23913601593823922	0.4075725370245543	0.3532914470372065
41144	0.38240414025423014	0.3776585077888859	0.239937351956884
41145	0.2418431783018856	0.3833421019498217	0.3748147197482927
41146	0.3753310140261782	0.375868821295024	0.24880016467879776
41147	0.3753310140261782	0.375868821295024	0.24880016467879776
41148	0.38139504622458537	0.38052817425010993	0.23807677952530468
41149	0.3753310140261782	0.375868821295024	0.24880016467879776
41150	0.36397148511970806	0.39123523396671056	0.24479328091358146
41151	0.24011725013504173	0.38227665511274317	0.377606094752215
41152	0.1399973214794658	0.35414806249948866	0.5058546160210456
41153	0.17716993938632572	0.28206191673876774	0.5407681438749067
41154	0.38391052396369546	0.3801215270536169	0.23596794898268775
41155	0.2417165745033731	0.38451650617854777	0.37376691931807904
41156	0.2160511366045221	0.3551200824913619	0.4288287809041159
41157	0.25046429790125685	0.36848913228187524	0.38104656981686796
41158	0.37503533307322817	0.3751434594538489	0.24982120747292294
41159	0.3040723455873067	0.3045080472836639	0.3914196071290293
41160	0.3753310140261782	0.375868821295024	0.24880016467879776
41161	0.2460575214017151	0.37828798448208634	0.37565449411619856
41162	0.3822710377091562	0.3607216343452289	0.25700732794561487
41163	0.24569856665974982	0.325431553374546	0.42886987996570425
41164	0.3872820930709462	0.32292208388970006	0.28979582303935364
41165	0.2417165745033731	0.38451650617854777	0.37376691931807904
41166	0.3753310140261782	0.375868821295024	0.24880016467879776
41167	0.3753310140261782	0.375868821295024	0.24880016467879776
41168	0.38139504622458537	0.38052817425010993	0.23807677952530468
41169	0.3753310140261782	0.375868821295024	0.24880016467879776
41170	0.3753310140261782	0.375868821295024	0.24880016467879776
41171	0.3596645459996884	0.3389704181295869	0.30136503587072466
41172	0.24142649450032427	0.38521549019765505	0.37335801530202073
41173	0.37440253685016417	0.3770246073929878	0.24857285575684804
41174	0.23458666903157654	0.36065273562372313	0.4047605953447003
41175	0.3695748457451976	0.3701044050701579	0.26032074918464454
41176	0.24789806671255238	0.3671005901549789	0.38500134313246875
41177	0.241749013211796	0.38382467378036583	0.37442631300783824
41178	0.3753310140261782	0.375868821295024	0.24880016467879776
41179	0.242239824283933	0.3626572961256524	0.3951028795904146
41180	0.3753310140261782	0.375868821295024	0.24880016467879776
41181	0.23967539328406853	0.3817408444900839	0.37858376222584766
41182	0.37316023711803414	0.37415696573681456	0.25268279714515124
41183	0.2202131147784269	0.36492106003854957	0.4148658251830236
41184	0.34849440663783987	0.364000079115505	0.28750551424665505
41185	0.3755910732047311	0.37522868398392833	0.24918024281134057
41186	0.3753310140261782	0.375868821295024	0.24880016467879776
41187	0.23312632382422474	0.3830095840205011	0.38386409215527423
41188	0.3753310140261782	0.375868821295024	0.24880016467879776
41189	0.2418431783018856	0.3833421019498217	0.3748147197482927
41190	0.241749013211796	0.38382467378036583	0.37442631300783824
41191	0.22162397235885428	0.3531078921952922	0.42526813544585357
41192	0.31090634222227137	0.3113518361563249	0.37774182162140363
41193	0.3753310140261782	0.375868821295024	0.24880016467879776
41194	0.36953268801729583	0.37006218693495796	0.2604051250477461
41195	0.24011725013504173	0.38227665511274317	0.377606094752215
41196	0.24187625456910872	0.38390925582163477	0.37421448960925663
41197	0.24728239072357003	0.39264888183251856	0.36006872744391144
41198	0.241749013211796	0.38382467378036583	0.37442631300783824
41199	0.22894449380655535	0.35197847497195683	0.4190770312214879
41200	0.24020415268298664	0.38240656652696514	0.3773892807900483
41201	0.24020415268298664	0.38240656652696514	0.3773892807900483
41202	0.2456814076328967	0.32477975579574736	0.42953883657135594
41203	0.3872820930709462	0.32292208388970006	0.28979582303935364
41204	0.38749954112900875	0.3847470708988618	0.22775338797212946
41205	0.3507760191777647	0.36593077584769756	0.2832932049745378
41206	0.241749013211796	0.38382467378036583	0.37442631300783824
41207	0.38775383226031285	0.3843913826949928	0.2278547850446943
41208	0.3023324034587353	0.32497899818503	0.3726885983562346
41209	0.23474701210488627	0.38184414735614475	0.383408840538969
41210	0.23312632382422474	0.3830095840205011	0.38386409215527423
41211	0.24142649450032427	0.38521549019765505	0.37335801530202073
41212	0.38157262107844203	0.38026943139638014	0.23815794752517783
41213	0.24020415268298664	0.38240656652696514	0.3773892807900483
41214	0.37372990967724595	0.3745553279555319	0.2517147623672222
41215	0.1708113630455458	0.36686120554478696	0.46232743140966726
41216	0.38164361767350335	0.38017467920408593	0.2381817031224106
41217	0.2895009734701694	0.2899157960183836	0.4205832305114471
41218	0.3747645397670479	0.3754747116288519	0.24976074860410027
41219	0.241749013211796	0.38382467378036583	0.37442631300783824
41220	0.37089776618277775	0.37564717186333335	0.25345506195388895
41221	0.24280778227907843	0.3837383384847276	0.37345387923619394
41222	0.36397148511970806	0.39123523396671056	0.24479328091358146
41223	0.3755910732047311	0.37522868398392833	0.24918024281134057
41224	0.2417165745033731	0.38451650617854777	0.37376691931807904
41225	0.2417165745033731	0.38451650617854777	0.37376691931807904
41226	0.2412205311529971	0.3831623252932177	0.37561714355378517
41227	0.22021684646289172	0.36208803597651695	0.41769511756059124
41228	0.38366068731870556	0.38047518220465293	0.23586413047664165
41229	0.37493062181470793	0.24583828724402118	0.3792310909412709
41230	0.38139504622458537	0.38052817425010993	0.23807677952530468
41231	0.38139504622458537	0.38052817425010993	0.23807677952530468
41232	0.20342078174844735	0.3370940345657192	0.45948518368583346
41233	0.3490744922054231	0.3581441408419882	0.2927813669525888
41234	0.3753310140261782	0.375868821295024	0.24880016467879776
41235	0.37372990967724595	0.3745553279555319	0.2517147623672222
41236	0.3755910732047311	0.37522868398392833	0.24918024281134057
41237	0.3707265376671534	0.21123179230970335	0.4180416700231433
41238	0.39372695258594853	0.2532448375182236	0.3530282098958278
41239	0.24142649450032427	0.38521549019765505	0.37335801530202073
41240	0.38139504622458537	0.38052817425010993	0.23807677952530468
41241	0.38143188019871094	0.3792531848867653	0.23931493491452377
41242	0.38157262107844203	0.38026943139638014	0.23815794752517783
41243	0.38139504622458537	0.38052817425010993	0.23807677952530468
41244	0.38157262107844203	0.38026943139638014	0.23815794752517783
41245	0.24280778227907843	0.3837383384847276	0.37345387923619394
41246	0.36397148511970806	0.39123523396671056	0.24479328091358146
41247	0.22505427894669636	0.3573184605972758	0.41762726045602777
41248	0.22505427894669636	0.3573184605972758	0.41762726045602777
41249	0.24187625456910872	0.38390925582163477	0.37421448960925663
41250	0.3753310140261782	0.375868821295024	0.24880016467879776
41251	0.24142649450032427	0.38521549019765505	0.37335801530202073
41252	0.2417165745033731	0.38451650617854777	0.37376691931807904
41253	0.3753310140261782	0.375868821295024	0.24880016467879776
41254	0.3753310140261782	0.375868821295024	0.24880016467879776
41255	0.3753310140261782	0.375868821295024	0.24880016467879776
41256	0.24142649450032427	0.38521549019765505	0.37335801530202073
41257	0.2418431783018856	0.3833421019498217	0.3748147197482927
41258	0.36397148511970806	0.39123523396671056	0.24479328091358146
41259	0.1399973214794658	0.35414806249948866	0.5058546160210456
41260	0.2485170359082972	0.3896899517361425	0.3617930123555603
41261	0.38296239332764853	0.37803539516735624	0.23900221150499523
41262	0.38164361767350335	0.38017467920408593	0.2381817031224106
41263	0.24946417941136034	0.37785860959080114	0.37267721099783846
41264	0.2417165745033731	0.38451650617854777	0.37376691931807904
41265	0.3753310140261782	0.375868821295024	0.24880016467879776
41266	0.37316023711803414	0.37415696573681456	0.25268279714515124
41267	0.23312632382422474	0.3830095840205011	0.38386409215527423
41268	0.24280778227907843	0.3837383384847276	0.37345387923619394
41269	0.37493062181470793	0.24583828724402118	0.3792310909412709
41270	0.23312632382422474	0.3830095840205011	0.38386409215527423
41271	0.3478636367141062	0.35705532917550775	0.29508103411038616
41272	0.3041638202200007	0.3045996528791336	0.3912365269008658
41273	0.3753310140261782	0.375868821295024	0.24880016467879776
41274	0.3753310140261782	0.375868821295024	0.24880016467879776
41275	0.3637078946635175	0.3642290473052574	0.27206305803122516
41276	0.3753310140261782	0.375868821295024	0.24880016467879776
41277	0.3747645397670479	0.3754747116288519	0.24976074860410027
41278	0.24728239072357003	0.39264888183251856	0.36006872744391144
41279	0.23312632382422474	0.3830095840205011	0.38386409215527423
41280	0.38164361767350335	0.38017467920408593	0.2381817031224106
41281	0.2286578273744591	0.3896754101279627	0.3816667624975783
41282	0.3753310140261782	0.375868821295024	0.24880016467879776
41283	0.3661949301660523	0.39124625182612294	0.24255881800782478
41284	0.23312632382422474	0.3830095840205011	0.38386409215527423
41285	0.3402340413170391	0.38097418979901876	0.2787917688839421
41286	0.3753310140261782	0.375868821295024	0.24880016467879776
41287	0.24032616552135427	0.38123258046623737	0.3784412540124084
41288	0.3753310140261782	0.375868821295024	0.24880016467879776
41289	0.241749013211796	0.38382467378036583	0.37442631300783824
41290	0.3753310140261782	0.375868821295024	0.24880016467879776
41291	0.13997674321711442	0.3513413122701672	0.5086819445127184
41292	0.3753310140261782	0.375868821295024	0.24880016467879776
41293	0.2417165745033731	0.38451650617854777	0.37376691931807904
41294	0.3753310140261782	0.375868821295024	0.24880016467879776
41295	0.3753310140261782	0.375868821295024	0.24880016467879776
41296	0.3747645397670479	0.3754747116288519	0.24976074860410027
41297	0.3852453855994311	0.36816718395256826	0.2465874304480005
41298	0.3852453855994311	0.36816718395256826	0.2465874304480005
41299	0.3041638202200007	0.3045996528791336	0.3912365269008658
41300	0.23168183975052306	0.366154673497099	0.4021634867523779
41301	0.22034405665849924	0.3643207271168111	0.41533521622468955
41302	0.3753310140261782	0.375868821295024	0.24880016467879776
41303	0.3753310140261782	0.375868821295024	0.24880016467879776
41304	0.3450726390917989	0.3455670895012993	0.3093602714069018
41305	0.2484518335499353	0.3677509452246669	0.3837972212253978
41306	0.23860063737050866	0.3801563848965438	0.38124297773294763
41307	0.2442293945284804	0.3838293109225099	0.3719412945490098
41308	0.2460575214017151	0.37828798448208634	0.37565449411619856
41309	0.2965475317124675	0.296972451080764	0.4064800172067685
41310	0.38157262107844203	0.38026943139638014	0.23815794752517783
41311	0.3753310140261782	0.375868821295024	0.24880016467879776
41312	0.23168183975052306	0.366154673497099	0.4021634867523779
41313	0.3041638202200007	0.3045996528791336	0.3912365269008658
41314	0.23312632382422474	0.3830095840205011	0.38386409215527423
41315	0.2418431783018856	0.3833421019498217	0.3748147197482927
41316	0.36629541141944566	0.2577975803129171	0.3759070082676371
41317	0.3753310140261782	0.375868821295024	0.24880016467879776
41318	0.3810412622206812	0.37956275546341056	0.23939598231590822
41319	0.23958841760046526	0.3816107380519818	0.3788008443475529
41320	0.241749013211796	0.38382467378036583	0.37442631300783824
41321	0.3753310140261782	0.375868821295024	0.24880016467879776
41322	0.22122756476495836	0.36421599852989334	0.41455643670514825
41323	0.22218292590472782	0.3647110064537914	0.4131060676414807
41324	0.12583795566582592	0.32748858898213057	0.5466734553520435
41325	0.35355583876803065	0.36530310281138456	0.2811410584205848
41326	0.23312632382422474	0.3830095840205011	0.38386409215527423
41327	0.3753310140261782	0.375868821295024	0.24880016467879776
41328	0.3753310140261782	0.375868821295024	0.24880016467879776
41329	0.3845236227639639	0.362399170668096	0.2530772065679401
41330	0.2417165745033731	0.38451650617854777	0.37376691931807904
41331	0.3753310140261782	0.375868821295024	0.24880016467879776
41332	0.24280778227907843	0.3837383384847276	0.37345387923619394
41333	0.3753310140261782	0.375868821295024	0.24880016467879776
41334	0.3753310140261782	0.375868821295024	0.24880016467879776
41335	0.36201227830901844	0.3628118170768368	0.2751759046141448
41336	0.06446495547771212	0.26997470796811357	0.6655603365541742
41337	0.37583132519382184	0.3749770989888264	0.24919157581735168
41338	0.3753310140261782	0.375868821295024	0.24880016467879776
41339	0.2305571132415971	0.3654527244890571	0.40399016226934575
41340	0.24187625456910872	0.38390925582163477	0.37421448960925663
41341	0.3753310140261782	0.375868821295024	0.24880016467879776
41342	0.3838943325817542	0.2504970814363947	0.36560858598185114
41343	0.3852453855994311	0.36816718395256826	0.2465874304480005
41344	0.22626537944847455	0.3808503158446759	0.39288430470684954
41345	0.24280778227907843	0.3837383384847276	0.37345387923619394
41346	0.37372990967724595	0.3745553279555319	0.2517147623672222
41347	0.2484518335499353	0.3677509452246669	0.3837972212253978
41348	0.38139504622458537	0.38052817425010993	0.23807677952530468
41349	0.3698203257226775	0.3694635044102534	0.26071616986706897
41350	0.2257294760325062	0.3513548592941577	0.4229156646733361
41351	0.3592423191540682	0.3526946343166622	0.2880630465292697
41352	0.3753310140261782	0.375868821295024	0.24880016467879776
41353	0.3753310140261782	0.375868821295024	0.24880016467879776
41354	0.24187625456910872	0.38390925582163477	0.37421448960925663
41355	0.24280778227907843	0.3837383384847276	0.37345387923619394
41356	0.23312632382422474	0.3830095840205011	0.38386409215527423
41357	0.24142649450032427	0.38521549019765505	0.37335801530202073
41358	0.241749013211796	0.38382467378036583	0.37442631300783824
41359	0.24142649450032427	0.38521549019765505	0.37335801530202073
41360	0.3753310140261782	0.375868821295024	0.24880016467879776
41361	0.23312632382422474	0.3830095840205011	0.38386409215527423
41362	0.3753310140261782	0.375868821295024	0.24880016467879776
41363	0.03778176723662345	0.22916747522152053	0.733050757541856
41364	0.3753310140261782	0.375868821295024	0.24880016467879776
41365	0.345882451706469	0.24064479570698938	0.4134727525865415
41366	0.3537919163872294	0.35215756257532416	0.29405052103744656
41367	0.37372990967724595	0.3745553279555319	0.2517147623672222
41368	0.3755910732047311	0.37522868398392833	0.24918024281134057
41369	0.24187625456910872	0.38390925582163477	0.37421448960925663
41370	0.3753310140261782	0.375868821295024	0.24880016467879776
41371	0.23622932339903785	0.37578752833539225	0.38798314826556995
41372	0.3753310140261782	0.375868821295024	0.24880016467879776
41373	0.13996134132328877	0.32365898755773226	0.5363796711189791
41374	0.3753310140261782	0.375868821295024	0.24880016467879776
41375	0.3041638202200007	0.3045996528791336	0.3912365269008658
41376	0.37372990967724595	0.3745553279555319	0.2517147623672222
41377	0.37761162326624725	0.37586723350684575	0.24652114322690696
41378	0.37761162326624725	0.37586723350684575	0.24652114322690696
41379	0.24280778227907843	0.3837383384847276	0.37345387923619394
41380	0.2555331148244133	0.3728320735439658	0.3716348116316209
41381	0.3753310140261782	0.375868821295024	0.24880016467879776
41382	0.348623763773548	0.22858914159010357	0.4227870946363484
41383	0.24187625456910872	0.38390925582163477	0.37421448960925663
41384	0.24127539492011127	0.38294357065860646	0.3757810344212823
41385	0.38139504622458537	0.38052817425010993	0.23807677952530468
41386	0.34872957797582366	0.22865852300279987	0.4226118990213764
41387	0.2418431783018856	0.3833421019498217	0.3748147197482927
41388	0.3753310140261782	0.375868821295024	0.24880016467879776
41389	0.3983638524126429	0.22697892373321046	0.3746572238541467
41390	0.24227825964282526	0.38307815332529976	0.37464358703187495
41391	0.3753310140261782	0.375868821295024	0.24880016467879776
41392	0.3753310140261782	0.375868821295024	0.24880016467879776
41393	0.38139504622458537	0.38052817425010993	0.23807677952530468
41394	0.38139504622458537	0.38052817425010993	0.23807677952530468
41395	0.241749013211796	0.38382467378036583	0.37442631300783824
41396	0.3753310140261782	0.375868821295024	0.24880016467879776
41397	0.2484518335499353	0.3677509452246669	0.3837972212253978
41398	0.3753310140261782	0.375868821295024	0.24880016467879776
41399	0.39372695258594853	0.2532448375182236	0.3530282098958278
41400	0.3446946588542615	0.3578553246712144	0.29745001647452407
41401	0.24142649450032427	0.38521549019765505	0.37335801530202073
41402	0.24142649450032427	0.38521549019765505	0.37335801530202073
41403	0.36397148511970806	0.39123523396671056	0.24479328091358146
41404	0.3753310140261782	0.375868821295024	0.24880016467879776
41405	0.3753310140261782	0.375868821295024	0.24880016467879776
41406	0.24142649450032427	0.38521549019765505	0.37335801530202073
41407	0.1388775752641034	0.3492906721445563	0.5118317525913403
41408	0.24632508285588747	0.36906713515345824	0.38460778199065426
41409	0.3753310140261782	0.375868821295024	0.24880016467879776
41410	0.3747120067743844	0.3752371757974638	0.2500508174281519
41411	0.3753310140261782	0.375868821295024	0.24880016467879776
41412	0.23312632382422474	0.3830095840205011	0.38386409215527423
41413	0.365630693130509	0.3609266757549461	0.27344263111454487
41414	0.25205172940591447	0.38562745292895356	0.36232081766513197
41415	0.3753310140261782	0.375868821295024	0.24880016467879776
41416	0.38139504622458537	0.38052817425010993	0.23807677952530468
41417	0.35018334314407	0.36548106114649725	0.2843355957094327
41418	0.3753310140261782	0.375868821295024	0.24880016467879776
41419	0.36600906238925845	0.3643182710551427	0.2696726665555989
41420	0.3753310140261782	0.375868821295024	0.24880016467879776
41421	0.24011725013504173	0.38227665511274317	0.377606094752215
41422	0.241749013211796	0.38382467378036583	0.37442631300783824
41423	0.3816669843382762	0.3798877431570816	0.23844527250464218
41424	0.2460575214017151	0.37828798448208634	0.37565449411619856
41425	0.3753310140261782	0.375868821295024	0.24880016467879776
41426	0.3810177292563196	0.3798916481678115	0.2390906225758689
41427	0.24336916260512162	0.3859682897444329	0.3706625476504453
41428	0.24869678742297804	0.3911426050737682	0.3601606075032538
41429	0.24187625456910872	0.38390925582163477	0.37421448960925663
41430	0.3753310140261782	0.375868821295024	0.24880016467879776
41431	0.24686096506770824	0.3656792245798518	0.3874598103524399
41432	0.23398177237974685	0.3980920031395719	0.36792622448068124
41433	0.23253222658399278	0.3820215617469453	0.38544621166906196
41434	0.36397148511970806	0.39123523396671056	0.24479328091358146
41435	0.38695685386216205	0.3843855245535101	0.22865762158432784
41436	0.22284114465859092	0.35492824517151605	0.4222306101698931
41437	0.35524824103283453	0.356197125864036	0.2885546331031294
41438	0.38164361767350335	0.38017467920408593	0.2381817031224106
41439	0.2417165745033731	0.38451650617854777	0.37376691931807904
41440	0.3753310140261782	0.375868821295024	0.24880016467879776
41441	0.3576992962949424	0.3582118395050716	0.2840888641999861
41442	0.18299473675297642	0.28980209831657616	0.5272031649304474
41443	0.3753310140261782	0.375868821295024	0.24880016467879776
41444	0.3753310140261782	0.375868821295024	0.24880016467879776
41445	0.2460575214017151	0.37828798448208634	0.37565449411619856
41446	0.3836178317645934	0.3668957574529711	0.24948641078243558
41447	0.2418431783018856	0.3833421019498217	0.3748147197482927
41448	0.36369521803075117	0.3642163525082975	0.2720884294609514
41449	0.3753310140261782	0.375868821295024	0.24880016467879776
41450	0.38164361767350335	0.38017467920408593	0.2381817031224106
41451	0.3753310140261782	0.375868821295024	0.24880016467879776
41452	0.3753310140261782	0.375868821295024	0.24880016467879776
41453	0.24011725013504173	0.38227665511274317	0.377606094752215
41454	0.3753310140261782	0.375868821295024	0.24880016467879776
41455	0.3753310140261782	0.375868821295024	0.24880016467879776
41456	0.3753310140261782	0.375868821295024	0.24880016467879776
41457	0.37761162326624725	0.37586723350684575	0.24652114322690696
41458	0.22990148443104802	0.3639489050530069	0.406149610515945
41459	0.36397148511970806	0.39123523396671056	0.24479328091358146
41460	0.3816669843382762	0.3798877431570816	0.23844527250464218
41461	0.38749954112900875	0.3847470708988618	0.22775338797212946
41462	0.3578977328661275	0.25188732005903675	0.3902149470748358
41463	0.2460575214017151	0.37828798448208634	0.37565449411619856
41464	0.3753310140261782	0.375868821295024	0.24880016467879776
41465	0.3753310140261782	0.375868821295024	0.24880016467879776
41466	0.38139504622458537	0.38052817425010993	0.23807677952530468
41467	0.2418431783018856	0.3833421019498217	0.3748147197482927
41468	0.3753310140261782	0.375868821295024	0.24880016467879776
41469	0.3753310140261782	0.375868821295024	0.24880016467879776
41470	0.3753310140261782	0.375868821295024	0.24880016467879776
41471	0.38164361767350335	0.38017467920408593	0.2381817031224106
41472	0.3747120067743844	0.3752371757974638	0.2500508174281519
41473	0.3753310140261782	0.375868821295024	0.24880016467879776
41474	0.24187625456910872	0.38390925582163477	0.37421448960925663
41475	0.3753310140261782	0.375868821295024	0.24880016467879776
41476	0.37761162326624725	0.37586723350684575	0.24652114322690696
41477	0.3753310140261782	0.375868821295024	0.24880016467879776
41478	0.3698938879551988	0.36905315693844276	0.2610529551063584
41479	0.37372990967724595	0.3745553279555319	0.2517147623672222
41480	0.35762632891087087	0.35813876742506734	0.28423490366406173
41481	0.3753310140261782	0.375868821295024	0.24880016467879776
41482	0.2484518335499353	0.3677509452246669	0.3837972212253978
41483	0.35145021720804537	0.35195380597206566	0.2965959768198889
41484	0.3868536144358783	0.36239157490983903	0.2507548106542828
41485	0.3576992962949424	0.3582118395050716	0.2840888641999861
41486	0.38139504622458537	0.38052817425010993	0.23807677952530468
41487	0.3747645397670479	0.3754747116288519	0.24976074860410027
41488	0.38164361767350335	0.38017467920408593	0.2381817031224106
41489	0.3753310140261782	0.375868821295024	0.24880016467879776
41490	0.2484518335499353	0.3677509452246669	0.3837972212253978
41491	0.24382378936286597	0.3846614709876312	0.37151473964950293
41492	0.18899791058954551	0.3313907685621623	0.4796113208482922
41493	0.3669706906610462	0.37650531807326243	0.25652399126569136
41494	0.3753310140261782	0.375868821295024	0.24880016467879776
41495	0.2460575214017151	0.37828798448208634	0.37565449411619856
41496	0.3747120067743844	0.3752371757974638	0.2500508174281519
41497	0.2408281378087266	0.38424873022980505	0.3749231319614683
41498	0.3753310140261782	0.375868821295024	0.24880016467879776
41499	0.2460575214017151	0.37828798448208634	0.37565449411619856
41500	0.39081543054420775	0.3669659695950756	0.24221859986071678
41501	0.38139504622458537	0.38052817425010993	0.23807677952530468
41502	0.3753310140261782	0.375868821295024	0.24880016467879776
41503	0.3810412622206812	0.37956275546341056	0.23939598231590822
41504	0.2417165745033731	0.38451650617854777	0.37376691931807904
41505	0.3753310140261782	0.375868821295024	0.24880016467879776
41506	0.38139504622458537	0.38052817425010993	0.23807677952530468
41507	0.23631443077634182	0.3745785647168374	0.38910700450682084
41508	0.3753310140261782	0.375868821295024	0.24880016467879776
41509	0.3753310140261782	0.375868821295024	0.24880016467879776
41510	0.2417165745033731	0.38451650617854777	0.37376691931807904
41511	0.3753310140261782	0.375868821295024	0.24880016467879776
41512	0.38084053324363626	0.3801502543594174	0.23900921239694642
41513	0.17113600711089963	0.30741076947040546	0.5214532234186949
41514	0.2460575214017151	0.37828798448208634	0.37565449411619856
41515	0.37426366999589517	0.39086181847325646	0.23487451153084832
41516	0.36625397791947395	0.30538850096639125	0.3283575211141349
41517	0.3753310140261782	0.375868821295024	0.24880016467879776
41518	0.2460575214017151	0.37828798448208634	0.37565449411619856
41519	0.24187625456910872	0.38390925582163477	0.37421448960925663
41520	0.3747645397670479	0.3754747116288519	0.24976074860410027
41521	0.38139504622458537	0.38052817425010993	0.23807677952530468
41522	0.3753310140261782	0.375868821295024	0.24880016467879776
41523	0.3753310140261782	0.375868821295024	0.24880016467879776
41524	0.24142649450032427	0.38521549019765505	0.37335801530202073
41525	0.3753310140261782	0.375868821295024	0.24880016467879776
41526	0.22878891248584898	0.35173928471311083	0.41947180280104
41527	0.3807933540574906	0.37991595186515364	0.23929069407735584
41528	0.36957292337186803	0.37010247994228296	0.260324596685849
41529	0.2460575214017151	0.37828798448208634	0.37565449411619856
41530	0.2418431783018856	0.3833421019498217	0.3748147197482927
41531	0.3753310140261782	0.375868821295024	0.24880016467879776
41532	0.3753310140261782	0.375868821295024	0.24880016467879776
