10941	0.241053991494975	0.38290692254043895	0.3760390859645861
10942	0.3141338421082715	0.37942160200842456	0.30644455588330394
10943	0.19260199883457102	0.3661776177443792	0.4412203834210497
10944	0.37359846665046403	0.3752972673279922	0.2511042660215436
10945	0.3758375894553734	0.37648735050357757	0.24767506004104903
10946	0.3758375894553734	0.37648735050357757	0.24767506004104903
10947	0.3901265990647922	0.36786838967177077	0.24200501126343701
10948	0.304529323374578	0.30505580381916186	0.3904148728062601
10949	0.3758375894553734	0.37648735050357757	0.24767506004104903
10950	0.3826569499568747	0.24338231080988904	0.3739607392332363
10951	0.3581427431673952	0.3587619127521735	0.28309534408043124
10952	0.3582784220474105	0.3753736085003274	0.2663479694522622
10953	0.22595889065501573	0.3899432568057105	0.38409785253927375
10954	0.18485160776488122	0.29384986974450794	0.5212985224906107
10955	0.3113060304689847	0.311844226987404	0.37684974254361125
10956	0.3758375894553734	0.37648735050357757	0.24767506004104903
10957	0.23591903269255213	0.36556981246917697	0.3985111548382709
10958	0.3758375894553734	0.37648735050357757	0.24767506004104903
10959	0.3758375894553734	0.37648735050357757	0.24767506004104903
10960	0.37394748149510865	0.3754052932123677	0.2506472252925237
10961	0.24243296327952352	0.38538423102486574	0.3721828056956107
10962	0.3758375894553734	0.37648735050357757	0.24767506004104903
10963	0.22223603131669495	0.37650828599067226	0.4012556826926329
10964	0.3740901027595229	0.37559980048239866	0.25031009675807836
10965	0.37359846665046403	0.3752972673279922	0.2511042660215436
10966	0.3758375894553734	0.37648735050357757	0.24767506004104903
10967	0.3758375894553734	0.37648735050357757	0.24767506004104903
10968	0.3563884047528615	0.35782666442224603	0.2857849308248924
10969	0.3351891814523114	0.38031818437178927	0.2844926341758994
10970	0.3351891814523114	0.38031818437178927	0.2844926341758994
10971	0.37459344593855365	0.37342388219493217	0.25198267186651413
10972	0.31401763793336707	0.38829718582461875	0.2976851762420141
10973	0.3595704117986881	0.37856049415899623	0.2618690940423156
10974	0.3595704117986881	0.37856049415899623	0.2618690940423156
10975	0.2947278302765492	0.3897527655968748	0.31551940412657603
10976	0.10263259661511127	0.2360350353179228	0.661332368066966
10977	0.37537566503023356	0.37531676687924814	0.24930756809051818
10978	0.25666101776179717	0.3794579502606276	0.3638810319775752
10979	0.37459344593855365	0.37342388219493217	0.25198267186651413
10980	0.08238185733801727	0.3054092410748997	0.612208901587083
10981	0.15323087593179818	0.35796847657927494	0.4888006474889269
10982	0.3758375894553734	0.37648735050357757	0.24767506004104903
10983	0.3758375894553734	0.37648735050357757	0.24767506004104903
10984	0.3043302848010062	0.388260942270973	0.30740877292802077
10985	0.2987285906222382	0.37921480513392236	0.3220566042438395
10986	0.2928642934127836	0.371770494834381	0.33536521175283546
10987	0.3699865239082869	0.37062616941644577	0.2593873066752673
10988	0.3567699122412461	0.3824984292656845	0.2607316584930694
10989	0.23386844729645598	0.38469073609916693	0.38144081660437706
10990	0.2850465080027467	0.232592201573166	0.4823612904240872
10991	0.3758375894553734	0.37648735050357757	0.24767506004104903
10992	0.15870092728802568	0.3623752894531765	0.4789237832587977
10993	0.2513029066334382	0.3850723630410879	0.3636247303254739
10994	0.3515136269780964	0.3851920602164226	0.26329431280548105
10995	0.13182543903045418	0.3462842521544534	0.5218903088150924
10996	0.3758375894553734	0.37648735050357757	0.24767506004104903
10997	0.3758375894553734	0.37648735050357757	0.24767506004104903
10998	0.3758375894553734	0.37648735050357757	0.24767506004104903
10999	0.3758375894553734	0.37648735050357757	0.24767506004104903
11000	0.3850522622103423	0.3759328067765719	0.2390149310130857
11001	0.37359846665046403	0.3752972673279922	0.2511042660215436
11002	0.3141338421082715	0.37942160200842456	0.30644455588330394
11003	0.3141338421082715	0.37942160200842456	0.30644455588330394
11004	0.3028112978394691	0.3727643180202207	0.3244243841403103
11005	0.3028112978394691	0.3727643180202207	0.3244243841403103
11006	0.3758375894553734	0.37648735050357757	0.24767506004104903
11007	0.3758375894553734	0.37648735050357757	0.24767506004104903
11008	0.3758375894553734	0.37648735050357757	0.24767506004104903
11009	0.3758375894553734	0.37648735050357757	0.24767506004104903
11010	0.3758375894553734	0.37648735050357757	0.24767506004104903
11011	0.37359846665046403	0.3752972673279922	0.2511042660215436
11012	0.3758375894553734	0.37648735050357757	0.24767506004104903
11013	0.3758375894553734	0.37648735050357757	0.24767506004104903
11014	0.3758375894553734	0.37648735050357757	0.24767506004104903
11015	0.3758375894553734	0.37648735050357757	0.24767506004104903
11016	0.3758375894553734	0.37648735050357757	0.24767506004104903
11017	0.37537566503023356	0.37531676687924814	0.24930756809051818
11018	0.37359846665046403	0.3752972673279922	0.2511042660215436
11019	0.3758375894553734	0.37648735050357757	0.24767506004104903
11020	0.24299725142156664	0.38387827734523466	0.3731244712331987
11021	0.3758375894553734	0.37648735050357757	0.24767506004104903
11022	0.3758375894553734	0.37648735050357757	0.24767506004104903
11023	0.3758375894553734	0.37648735050357757	0.24767506004104903
11024	0.3758375894553734	0.37648735050357757	0.24767506004104903
11025	0.3758375894553734	0.37648735050357757	0.24767506004104903
11026	0.192614875670198	0.36898137831661515	0.4384037460131869
11027	0.3141338421082715	0.37942160200842456	0.30644455588330394
11028	0.3582316492305194	0.3588509723701282	0.28291737839935227
11029	0.3758375894553734	0.37648735050357757	0.24767506004104903
11030	0.3758375894553734	0.37648735050357757	0.24767506004104903
11031	0.33902279988299827	0.3931199758314615	0.2678572242855402
11032	0.3758375894553734	0.37648735050357757	0.24767506004104903
11033	0.37047626386210325	0.3762559922402134	0.2532677438976834
11034	0.27280158756540696	0.3511854721794066	0.37601294025518645
11035	0.19248560029244136	0.35146230402328577	0.45605209568427285
11036	0.19248560029244136	0.35146230402328577	0.45605209568427285
11037	0.19248560029244136	0.35146230402328577	0.45605209568427285
11038	0.19248560029244136	0.35146230402328577	0.45605209568427285
11039	0.311896777169469	0.3777794730629402	0.3103237497675909
11040	0.311896777169469	0.3777794730629402	0.3103237497675909
11041	0.3582316492305194	0.3588509723701282	0.28291737839935227
11042	0.3758375894553734	0.37648735050357757	0.24767506004104903
11043	0.3608794739399091	0.37688267372085954	0.26223785233923147
11044	0.27280158756540696	0.3511854721794066	0.37601294025518645
11045	0.3758375894553734	0.37648735050357757	0.24767506004104903
11046	0.3701377451823249	0.3707776521408835	0.2590846026767917
11047	0.3758375894553734	0.37648735050357757	0.24767506004104903
11048	0.3141338421082715	0.37942160200842456	0.30644455588330394
11049	0.3740901027595229	0.37559980048239866	0.25031009675807836
11050	0.2748075065696475	0.3861055833805114	0.33908691004984104
11051	0.3901275831519106	0.3801709097373587	0.22970150711073073
11052	0.3365681907855069	0.38786160722182705	0.27557020199266596
11053	0.2423474430402516	0.3850311919996836	0.3726213649600647
11054	0.3758375894553734	0.37648735050357757	0.24767506004104903
11055	0.38866126147482116	0.2535809367229293	0.35775780180224953
11056	0.38866126147482116	0.2535809367229293	0.35775780180224953
11057	0.3758375894553734	0.37648735050357757	0.24767506004104903
11058	0.37666511282956955	0.3749407803567029	0.2483941068137275
11059	0.27050796377149045	0.34921255215054275	0.38027948407796686
11060	0.3758375894553734	0.37648735050357757	0.24767506004104903
11061	0.3758375894553734	0.37648735050357757	0.24767506004104903
11062	0.3758375894553734	0.37648735050357757	0.24767506004104903
11063	0.37235491429410494	0.37334855893333196	0.2542965267725631
11064	0.3758375894553734	0.37648735050357757	0.24767506004104903
11065	0.311896777169469	0.3777794730629402	0.3103237497675909
11066	0.36822853783742215	0.3750253476991266	0.25674611446345136
11067	0.37459344593855365	0.37342388219493217	0.25198267186651413
11068	0.3758375894553734	0.37648735050357757	0.24767506004104903
11069	0.3758375894553734	0.37648735050357757	0.24767506004104903
11070	0.3174823978168748	0.23901897240270706	0.4434986297804181
11071	0.17631153709734157	0.3791405569841392	0.4445479059185193
11072	0.2826091088762395	0.38656202876163737	0.33082886236212317
11073	0.23748551813467983	0.38863043916760875	0.3738840426977114
11074	0.3758375894553734	0.37648735050357757	0.24767506004104903
11075	0.3141338421082715	0.37942160200842456	0.30644455588330394
11076	0.3141338421082715	0.37942160200842456	0.30644455588330394
11077	0.3595704117986881	0.37856049415899623	0.2618690940423156
11078	0.3758375894553734	0.37648735050357757	0.24767506004104903
11079	0.3758375894553734	0.37648735050357757	0.24767506004104903
11080	0.3642596684961881	0.36488941323343904	0.27085091827037283
11081	0.1929690554976302	0.3686538855867835	0.4383770589155863
11082	0.22219120196122716	0.3857956905958274	0.3920131074429454
11083	0.3758375894553734	0.37648735050357757	0.24767506004104903
11084	0.3758375894553734	0.37648735050357757	0.24767506004104903
11085	0.23386844729645598	0.38469073609916693	0.38144081660437706
11086	0.37047626386210325	0.3762559922402134	0.2532677438976834
11087	0.37394748149510865	0.3754052932123677	0.2506472252925237
11088	0.2423474430402516	0.3850311919996836	0.3726213649600647
11089	0.3758375894553734	0.37648735050357757	0.24767506004104903
11090	0.37235491429410494	0.37334855893333196	0.2542965267725631
11091	0.30457533286635047	0.3051018932494386	0.39032277388421094
11092	0.2886487793816547	0.37263145792691044	0.33871976269143483
11093	0.3710284834153131	0.25237504721558013	0.37659646936910685
11094	0.2826091088762395	0.38656202876163737	0.33082886236212317
11095	0.2826091088762395	0.38656202876163737	0.33082886236212317
11096	0.3758375894553734	0.37648735050357757	0.24767506004104903
11097	0.15990121439990407	0.3266581558116154	0.5134406297884805
11098	0.27280158756540696	0.3511854721794066	0.37601294025518645
11099	0.37359846665046403	0.3752972673279922	0.2511042660215436
11100	0.35274834092627216	0.3582514992662991	0.2890001598074287
11101	0.22710715786777233	0.38499375301338445	0.3878990891188432
11102	0.37459344593855365	0.37342388219493217	0.25198267186651413
11103	0.20767466889246522	0.37205667510566304	0.4202686560018717
11104	0.20767466889246522	0.37205667510566304	0.4202686560018717
11105	0.3111801123369293	0.23864282976364906	0.4501770578994215
11106	0.3746210494630768	0.37597186590577997	0.24940708463114325
11107	0.21042622670868144	0.344999028961374	0.44457474432994454
11108	0.3758375894553734	0.37648735050357757	0.24767506004104903
11109	0.37047626386210325	0.3762559922402134	0.2532677438976834
11110	0.2538595564332768	0.3841942196467136	0.3619462239200096
11111	0.3758375894553734	0.37648735050357757	0.24767506004104903
11112	0.3758375894553734	0.37648735050357757	0.24767506004104903
11113	0.27694177504361317	0.38801259195395144	0.33504563300243545
11114	0.3758375894553734	0.37648735050357757	0.24767506004104903
11115	0.3351891814523114	0.38031818437178927	0.2844926341758994
11116	0.3849029838837228	0.3612028843790543	0.25389413173722286
11117	0.3849029838837228	0.3612028843790543	0.25389413173722286
11118	0.27280158756540696	0.3511854721794066	0.37601294025518645
11119	0.18506560938702907	0.2932241349563676	0.5217102556566033
11120	0.3043302848010062	0.388260942270973	0.30740877292802077
11121	0.37047626386210325	0.3762559922402134	0.2532677438976834
11122	0.3758375894553734	0.37648735050357757	0.24767506004104903
11123	0.24482808345475068	0.40076190165613845	0.3544100148891109
11124	0.37011631161437036	0.3707561815191888	0.25912750686644087
11125	0.3758375894553734	0.37648735050357757	0.24767506004104903
11126	0.3758375894553734	0.37648735050357757	0.24767506004104903
11127	0.18882472536774914	0.36765877703283306	0.44351649759941775
11128	0.37459344593855365	0.37342388219493217	0.25198267186651413
11129	0.39054451883509494	0.38129498654050387	0.22816049462440127
11130	0.30831121611591394	0.3812409339915516	0.3104478498925345
11131	0.31401763793336707	0.38829718582461875	0.2976851762420141
11132	0.37537566503023356	0.37531676687924814	0.24930756809051818
11133	0.3043302848010062	0.388260942270973	0.30740877292802077
11134	0.3219605760433974	0.38068524770539175	0.2973541762512108
11135	0.3141338421082715	0.37942160200842456	0.30644455588330394
11136	0.16933193664116303	0.37694312296083804	0.45372494039799893
11137	0.3418472238427918	0.387512399793475	0.2706403763637332
11138	0.24625613564006393	0.3822380005309245	0.37150586382901163
11139	0.3822838159406877	0.38053376165289327	0.2371824224064189
11140	0.3518207547409881	0.3524289946529203	0.29575025060609156
11141	0.3518207547409881	0.3524289946529203	0.29575025060609156
11142	0.3758375894553734	0.37648735050357757	0.24767506004104903
11143	0.35862564603153835	0.37558261106203406	0.26579174290642754
11144	0.25142228253313026	0.37318413825537744	0.3753935792114922
11145	0.2713351472255119	0.3794995013345014	0.3491653514399867
11146	0.2713351472255119	0.3794995013345014	0.3491653514399867
11147	0.36822853783742215	0.3750253476991266	0.25674611446345136
11148	0.36822853783742215	0.3750253476991266	0.25674611446345136
11149	0.37235491429410494	0.37334855893333196	0.2542965267725631
11150	0.3758375894553734	0.37648735050357757	0.24767506004104903
11151	0.3758375894553734	0.37648735050357757	0.24767506004104903
11152	0.2595454289271196	0.3856397621115624	0.35481480896131795
11153	0.24243296327952352	0.38538423102486574	0.3721828056956107
11154	0.3758375894553734	0.37648735050357757	0.24767506004104903
11155	0.1695570844088893	0.3680451268515072	0.4623977887396035
11156	0.12170665300910703	0.2997872893411257	0.5785060576497673
11157	0.2998128710865497	0.3875583589605025	0.3126287699529478
11158	0.19270398365548394	0.36936021586698126	0.43793580047753483
11159	0.3141338421082715	0.37942160200842456	0.30644455588330394
11160	0.37359846665046403	0.3752972673279922	0.2511042660215436
11161	0.24243296327952352	0.38538423102486574	0.3721828056956107
11162	0.3758375894553734	0.37648735050357757	0.24767506004104903
11163	0.27050796377149045	0.34921255215054275	0.38027948407796686
11164	0.3758375894553734	0.37648735050357757	0.24767506004104903
11165	0.35190896250551473	0.3863852039536863	0.261705833540799
11166	0.2423474430402516	0.3850311919996836	0.3726213649600647
11167	0.3758375894553734	0.37648735050357757	0.24767506004104903
11168	0.3788079275614161	0.37779119978662623	0.24340087265195762
11169	0.3104453573594107	0.3101696785431403	0.37938496409744893
11170	0.3141338421082715	0.37942160200842456	0.30644455588330394
11171	0.3758375894553734	0.37648735050357757	0.24767506004104903
11172	0.27694177504361317	0.38801259195395144	0.33504563300243545
11173	0.3822838159406877	0.38053376165289327	0.2371824224064189
11174	0.27094938134922053	0.40180750827756234	0.3272431103732172
11175	0.3515136269780964	0.3851920602164226	0.26329431280548105
11176	0.3758375894553734	0.37648735050357757	0.24767506004104903
11177	0.3758375894553734	0.37648735050357757	0.24767506004104903
11178	0.2595454289271196	0.3856397621115624	0.35481480896131795
11179	0.3901265990647922	0.36786838967177077	0.24200501126343701
11180	0.3901265990647922	0.36786838967177077	0.24200501126343701
11181	0.3023238293665051	0.38433087571605945	0.31334529491743535
11182	0.3582316492305194	0.3588509723701282	0.28291737839935227
11183	0.14112817751773551	0.3525342224105834	0.506337600071681
11184	0.24314774732242453	0.3829574326485255	0.37389482002905
11185	0.37537566503023356	0.37531676687924814	0.24930756809051818
11186	0.37537566503023356	0.37531676687924814	0.24930756809051818
11187	0.3758375894553734	0.37648735050357757	0.24767506004104903
11188	0.3758375894553734	0.37648735050357757	0.24767506004104903
11189	0.3130387799684243	0.37777229495771036	0.30918892507386536
11190	0.2974096720747872	0.38816609483257986	0.31442423309263307
11191	0.24277335602032354	0.3846582170290384	0.37256842695063797
11192	0.3571439441874258	0.24897897794394627	0.393877077868628
11193	0.1848197678445042	0.36484412623203377	0.4503361059234619
11194	0.3740901027595229	0.37559980048239866	0.25031009675807836
11195	0.3141338421082715	0.37942160200842456	0.30644455588330394
11196	0.3595704117986881	0.37856049415899623	0.2618690940423156
11197	0.3141338421082715	0.37942160200842456	0.30644455588330394
11198	0.3758375894553734	0.37648735050357757	0.24767506004104903
11199	0.3758375894553734	0.37648735050357757	0.24767506004104903
11200	0.3086769585159811	0.37998501624851855	0.31133802523550047
11201	0.2998128710865497	0.3875583589605025	0.3126287699529478
11202	0.37359846665046403	0.3752972673279922	0.2511042660215436
11203	0.2194003751033589	0.3848746780097337	0.39572494688690735
11204	0.32872983536153394	0.3869784871254819	0.2842916775129841
11205	0.3758375894553734	0.37648735050357757	0.24767506004104903
11206	0.3758375894553734	0.37648735050357757	0.24767506004104903
11207	0.3758375894553734	0.37648735050357757	0.24767506004104903
11208	0.3036320237456097	0.39046742898959347	0.3059005472647969
11209	0.3758375894553734	0.37648735050357757	0.24767506004104903
11210	0.3208748694618501	0.37907373253997867	0.30005139799817115
11211	0.35190896250551473	0.3863852039536863	0.261705833540799
11212	0.29186549319924054	0.3750878071687504	0.33304669963200906
11213	0.3693107464668677	0.24722758024268396	0.3834616732904484
11214	0.23331830783402494	0.23549425571681054	0.5311874364491646
11215	0.3826569499568747	0.24338231080988904	0.3739607392332363
11216	0.3758375894553734	0.37648735050357757	0.24767506004104903
11217	0.37047626386210325	0.3762559922402134	0.2532677438976834
11218	0.3758375894553734	0.37648735050357757	0.24767506004104903
11219	0.3522145815891435	0.38572784423112816	0.2620575741797283
11220	0.3758375894553734	0.37648735050357757	0.24767506004104903
11221	0.2375556516982941	0.3825704068589304	0.3798739414427755
11222	0.37047626386210325	0.3762559922402134	0.2532677438976834
11223	0.3758375894553734	0.37648735050357757	0.24767506004104903
11224	0.36390844444385106	0.364537581970002	0.2715539735861469
11225	0.3758375894553734	0.37648735050357757	0.24767506004104903
11226	0.39054451883509494	0.38129498654050387	0.22816049462440127
11227	0.23235645354706	0.3888076291419383	0.37883591731100175
11228	0.3758375894553734	0.37648735050357757	0.24767506004104903
11229	0.18439478112111557	0.29053924027539396	0.5250659786034905
11230	0.3822838159406877	0.38053376165289327	0.2371824224064189
11231	0.22405701322511204	0.2340064712723362	0.5419365155025518
11232	0.3758375894553734	0.37648735050357757	0.24767506004104903
11233	0.3758375894553734	0.37648735050357757	0.24767506004104903
11234	0.3692309495021894	0.3742899846837466	0.25647906581406404
11235	0.3692309495021894	0.3742899846837466	0.25647906581406404
11236	0.35190896250551473	0.3863852039536863	0.261705833540799
11237	0.24161969303568914	0.3823665560187876	0.3760137509455232
11238	0.22888587581821507	0.38218851589214575	0.38892560828963924
11239	0.3595704117986881	0.37856049415899623	0.2618690940423156
11240	0.14150567334338515	0.3514763484450584	0.5070179782115565
11241	0.2899824495580059	0.2937370618697668	0.41628048857222716
11242	0.2899824495580059	0.2937370618697668	0.41628048857222716
11243	0.29603275693381337	0.3844979424028598	0.31946930066332685
11244	0.3758375894553734	0.37648735050357757	0.24767506004104903
11245	0.3141338421082715	0.37942160200842456	0.30644455588330394
11246	0.3141338421082715	0.37942160200842456	0.30644455588330394
11247	0.3746210494630768	0.37597186590577997	0.24940708463114325
11248	0.24277335602032354	0.3846582170290384	0.37256842695063797
11249	0.3758375894553734	0.37648735050357757	0.24767506004104903
11250	0.3595771250995414	0.3737040350557468	0.26671883984471184
11251	0.258972467538395	0.2116764155969175	0.5293511168646875
11252	0.3758375894553734	0.37648735050357757	0.24767506004104903
11253	0.3758375894553734	0.37648735050357757	0.24767506004104903
11254	0.3758375894553734	0.37648735050357757	0.24767506004104903
11255	0.3758375894553734	0.37648735050357757	0.24767506004104903
11256	0.3758375894553734	0.37648735050357757	0.24767506004104903
11257	0.3758375894553734	0.37648735050357757	0.24767506004104903
11258	0.3288841969212132	0.37080073699229615	0.3003150660864906
11259	0.3758375894553734	0.37648735050357757	0.24767506004104903
11260	0.3758375894553734	0.37648735050357757	0.24767506004104903
11261	0.3595704117986881	0.37856049415899623	0.2618690940423156
11262	0.3582316492305194	0.3588509723701282	0.28291737839935227
11263	0.3582316492305194	0.3588509723701282	0.28291737839935227
11264	0.3758375894553734	0.37648735050357757	0.24767506004104903
11265	0.3758375894553734	0.37648735050357757	0.24767506004104903
11266	0.25332483794930666	0.3826632536819216	0.3640119083687717
11267	0.3758375894553734	0.37648735050357757	0.24767506004104903
11268	0.3758375894553734	0.37648735050357757	0.24767506004104903
11269	0.27694177504361317	0.38801259195395144	0.33504563300243545
11270	0.24243296327952352	0.38538423102486574	0.3721828056956107
11271	0.3758375894553734	0.37648735050357757	0.24767506004104903
11272	0.3822838159406877	0.38053376165289327	0.2371824224064189
11273	0.3758375894553734	0.37648735050357757	0.24767506004104903
11274	0.24243296327952352	0.38538423102486574	0.3721828056956107
11275	0.3758375894553734	0.37648735050357757	0.24767506004104903
11276	0.3141338421082715	0.37942160200842456	0.30644455588330394
11277	0.21042622670868144	0.344999028961374	0.44457474432994454
11278	0.3758375894553734	0.37648735050357757	0.24767506004104903
11279	0.3758375894553734	0.37648735050357757	0.24767506004104903
11280	0.3758375894553734	0.37648735050357757	0.24767506004104903
11281	0.37047626386210325	0.3762559922402134	0.2532677438976834
11282	0.21414526427219718	0.37556928979946325	0.4102854459283396
11283	0.3084245097306736	0.39738780414756836	0.2941876861217581
11284	0.3758375894553734	0.37648735050357757	0.24767506004104903
11285	0.3758375894553734	0.37648735050357757	0.24767506004104903
11286	0.3758375894553734	0.37648735050357757	0.24767506004104903
11287	0.3023641276908464	0.3881097707903696	0.30952610151878407
11288	0.3758375894553734	0.37648735050357757	0.24767506004104903
11289	0.35862564603153835	0.37558261106203406	0.26579174290642754
11290	0.35684619895142033	0.3567946406581853	0.2863591603903945
11291	0.3746210494630768	0.37597186590577997	0.24940708463114325
11292	0.3746210494630768	0.37597186590577997	0.24940708463114325
11293	0.3351891814523114	0.38031818437178927	0.2844926341758994
11294	0.2513029066334382	0.3850723630410879	0.3636247303254739
11295	0.3595704117986881	0.37856049415899623	0.2618690940423156
11296	0.300462334793629	0.3827917219800669	0.3167459432263041
11297	0.300462334793629	0.3827917219800669	0.3167459432263041
11298	0.3758375894553734	0.37648735050357757	0.24767506004104903
11299	0.3758375894553734	0.37648735050357757	0.24767506004104903
11300	0.37000458497726463	0.3750695604163615	0.25492585460637385
11301	0.170454625110993	0.3474291722009314	0.48211620268807553
11302	0.3758375894553734	0.37648735050357757	0.24767506004104903
11303	0.35190896250551473	0.3863852039536863	0.261705833540799
11304	0.11404758356482088	0.33797107075693195	0.5479813456782473
11305	0.18894754133491115	0.3757512311121394	0.4353012275529494
11306	0.3746210494630768	0.37597186590577997	0.24940708463114325
11307	0.3758375894553734	0.37648735050357757	0.24767506004104903
11308	0.3595704117986881	0.37856049415899623	0.2618690940423156
11309	0.3595704117986881	0.37856049415899623	0.2618690940423156
11310	0.2537117016832061	0.37964658971268495	0.36664170860410905
11311	0.3901265990647922	0.36786838967177077	0.24200501126343701
11312	0.3608794739399091	0.37688267372085954	0.26223785233923147
11313	0.24922746687424793	0.38296658637418407	0.36780594675156797
11314	0.37537566503023356	0.37531676687924814	0.24930756809051818
11315	0.3758375894553734	0.37648735050357757	0.24767506004104903
11316	0.3758375894553734	0.37648735050357757	0.24767506004104903
11317	0.37359846665046403	0.3752972673279922	0.2511042660215436
11318	0.3089712972218546	0.3783539962318521	0.31267470654629315
11319	0.3089712972218546	0.3783539962318521	0.31267470654629315
11320	0.20284658628763363	0.3710571239462673	0.42609628976609915
11321	0.20284658628763363	0.3710571239462673	0.42609628976609915
11322	0.3141338421082715	0.37942160200842456	0.30644455588330394
11323	0.3141338421082715	0.37942160200842456	0.30644455588330394
11324	0.39054451883509494	0.38129498654050387	0.22816049462440127
11325	0.3758375894553734	0.37648735050357757	0.24767506004104903
11326	0.36304421913105006	0.38276768813972345	0.2541880927292266
11327	0.30643123900956354	0.3808005405121494	0.3127682204782872
11328	0.3758375894553734	0.37648735050357757	0.24767506004104903
11329	0.19691387700455726	0.37031142687327573	0.432774696122167
11330	0.31972413453613435	0.3791044777542575	0.30117138770960816
11331	0.3758375894553734	0.37648735050357757	0.24767506004104903
11332	0.3758375894553734	0.37648735050357757	0.24767506004104903
11333	0.3758375894553734	0.37648735050357757	0.24767506004104903
11334	0.2867377166417756	0.3868896096713517	0.3263726736868726
11335	0.1962903741031038	0.37649405720798124	0.4272155686889149
11336	0.3758375894553734	0.37648735050357757	0.24767506004104903
11337	0.37047626386210325	0.3762559922402134	0.2532677438976834
11338	0.3758375894553734	0.37648735050357757	0.24767506004104903
11339	0.3758375894553734	0.37648735050357757	0.24767506004104903
11340	0.2595454289271196	0.3856397621115624	0.35481480896131795
11341	0.3758375894553734	0.37648735050357757	0.24767506004104903
11342	0.3141338421082715	0.37942160200842456	0.30644455588330394
11343	0.3141338421082715	0.37942160200842456	0.30644455588330394
11344	0.3758375894553734	0.37648735050357757	0.24767506004104903
11345	0.3758375894553734	0.37648735050357757	0.24767506004104903
11346	0.3788079275614161	0.37779119978662623	0.24340087265195762
11347	0.3758375894553734	0.37648735050357757	0.24767506004104903
11348	0.3758375894553734	0.37648735050357757	0.24767506004104903
11349	0.3758375894553734	0.37648735050357757	0.24767506004104903
11350	0.36143013280013875	0.36626154623160434	0.27230832096825697
11351	0.16945699998383468	0.36081196902683393	0.4697310309893315
11352	0.2753755919942598	0.370142152404002	0.3544822556017381
11353	0.3141338421082715	0.37942160200842456	0.30644455588330394
11354	0.32872983536153394	0.3869784871254819	0.2842916775129841
11355	0.3141338421082715	0.37942160200842456	0.30644455588330394
11356	0.3141338421082715	0.37942160200842456	0.30644455588330394
11357	0.3901265990647922	0.36786838967177077	0.24200501126343701
11358	0.2193705716718372	0.36129700308483814	0.41933242524332465
11359	0.3758375894553734	0.37648735050357757	0.24767506004104903
11360	0.23386844729645598	0.38469073609916693	0.38144081660437706
11361	0.3758375894553734	0.37648735050357757	0.24767506004104903
11362	0.3758375894553734	0.37648735050357757	0.24767506004104903
11363	0.23850954442891545	0.38009377652714904	0.3813966790439354
11364	0.17651601084442262	0.2895930902075368	0.5338908989480405
11365	0.36822853783742215	0.3750253476991266	0.25674611446345136
11366	0.36976287816011655	0.3757576646254506	0.2544794572144329
11367	0.3822838159406877	0.38053376165289327	0.2371824224064189
11368	0.3805397150074024	0.24158305312037068	0.3778772318722269
11369	0.3758375894553734	0.37648735050357757	0.24767506004104903
11370	0.3758375894553734	0.37648735050357757	0.24767506004104903
11371	0.3178127208693441	0.3983353854900187	0.2838518936406371
11372	0.37359846665046403	0.3752972673279922	0.2511042660215436
11373	0.3141338421082715	0.37942160200842456	0.30644455588330394
11374	0.19187972638754705	0.2932499347932522	0.5148703388192007
11375	0.37338472834098013	0.37403030806944676	0.25258496358957316
11376	0.23386844729645598	0.38469073609916693	0.38144081660437706
11377	0.3167698187760008	0.3797344595756584	0.3034957216483408
11378	0.3167698187760008	0.3797344595756584	0.3034957216483408
11379	0.23386844729645598	0.38469073609916693	0.38144081660437706
11380	0.3758375894553734	0.37648735050357757	0.24767506004104903
11381	0.15102865989400574	0.35652022399514305	0.4924511161108512
11382	0.24110687308523815	0.38194437634136097	0.3769487505734008
11383	0.35190896250551473	0.3863852039536863	0.261705833540799
11384	0.37012071068044655	0.37076058819052293	0.2591187011290305
11385	0.3758375894553734	0.37648735050357757	0.24767506004104903
11386	0.3758375894553734	0.37648735050357757	0.24767506004104903
11387	0.3595704117986881	0.37856049415899623	0.2618690940423156
11388	0.3758375894553734	0.37648735050357757	0.24767506004104903
11389	0.3758375894553734	0.37648735050357757	0.24767506004104903
11390	0.3758375894553734	0.37648735050357757	0.24767506004104903
11391	0.3758375894553734	0.37648735050357757	0.24767506004104903
11392	0.25858898031906413	0.38600636087812606	0.3554046588028099
11393	0.32124826959237635	0.313639927233476	0.36511180317414765
11394	0.39054451883509494	0.38129498654050387	0.22816049462440127
11395	0.3758375894553734	0.37648735050357757	0.24767506004104903
11396	0.3758375894553734	0.37648735050357757	0.24767506004104903
11397	0.3522145815891435	0.38572784423112816	0.2620575741797283
11398	0.3758375894553734	0.37648735050357757	0.24767506004104903
11399	0.3219605760433974	0.38068524770539175	0.2973541762512108
11400	0.3758375894553734	0.37648735050357757	0.24767506004104903
11401	0.3758375894553734	0.37648735050357757	0.24767506004104903
11402	0.2423474430402516	0.3850311919996836	0.3726213649600647
11403	0.2469690529407237	0.39593418916292994	0.3570967578963464
11404	0.3081851748598106	0.3722365981744705	0.31957822696571875
11405	0.3081851748598106	0.3722365981744705	0.31957822696571875
11406	0.3758375894553734	0.37648735050357757	0.24767506004104903
11407	0.3758375894553734	0.37648735050357757	0.24767506004104903
11408	0.3758375894553734	0.37648735050357757	0.24767506004104903
11409	0.27280158756540696	0.3511854721794066	0.37601294025518645
11410	0.3833984727284839	0.36475553423600837	0.2518459930355077
11411	0.3758375894553734	0.37648735050357757	0.24767506004104903
11412	0.3758375894553734	0.37648735050357757	0.24767506004104903
11413	0.3608794739399091	0.37688267372085954	0.26223785233923147
11414	0.3573256919366512	0.3772556283021032	0.2654186797612457
11415	0.29728583039857	0.3755557749364491	0.32715839466498103
11416	0.31863025307419446	0.31918111208263156	0.36218863484317393
11417	0.24171877138596887	0.37886315440135876	0.3794180742126723
11418	0.37394748149510865	0.3754052932123677	0.2506472252925237
11419	0.27694177504361317	0.38801259195395144	0.33504563300243545
11420	0.37394748149510865	0.3754052932123677	0.2506472252925237
11421	0.192614875670198	0.36898137831661515	0.4384037460131869
11422	0.37359846665046403	0.3752972673279922	0.2511042660215436
11423	0.3758375894553734	0.37648735050357757	0.24767506004104903
11424	0.3758375894553734	0.37648735050357757	0.24767506004104903
11425	0.3465465683567953	0.37952051881228016	0.27393291283092447
11426	0.33231816876145925	0.33289269178868497	0.33478913944985567
11427	0.3700837778803427	0.3707235915328631	0.25919263058679415
11428	0.3573256919366512	0.3772556283021032	0.2654186797612457
11429	0.16665685691689336	0.26423445853106275	0.5691086845520439
11430	0.3595704117986881	0.37856049415899623	0.2618690940423156
11431	0.25858898031906413	0.38600636087812606	0.3554046588028099
11432	0.3758375894553734	0.37648735050357757	0.24767506004104903
11433	0.37235491429410494	0.37334855893333196	0.2542965267725631
11434	0.2965763035574778	0.35595974085329324	0.34746395558922893
11435	0.3123904657401271	0.37818478930532873	0.3094247449545442
11436	0.1659510294131472	0.3655673298059656	0.4684816407808871
11437	0.1659510294131472	0.3655673298059656	0.4684816407808871
11438	0.3758375894553734	0.37648735050357757	0.24767506004104903
11439	0.07828291976032552	0.3124843635127631	0.6092327167269115
11440	0.1459344399848582	0.36729225796038595	0.4867733020547559
11441	0.2423474430402516	0.3850311919996836	0.3726213649600647
11442	0.3758375894553734	0.37648735050357757	0.24767506004104903
11443	0.3751279050589517	0.376002774203265	0.2488693207377834
11444	0.3758375894553734	0.37648735050357757	0.24767506004104903
11445	0.23386844729645598	0.38469073609916693	0.38144081660437706
11446	0.3518207547409881	0.3524289946529203	0.29575025060609156
11447	0.36304421913105006	0.38276768813972345	0.2541880927292266
11448	0.3141338421082715	0.37942160200842456	0.30644455588330394
11449	0.24243296327952352	0.38538423102486574	0.3721828056956107
11450	0.3758375894553734	0.37648735050357757	0.24767506004104903
11451	0.28399930101422716	0.38076602623027017	0.3352346727555026
11452	0.3758375894553734	0.37648735050357757	0.24767506004104903
11453	0.3608794739399091	0.37688267372085954	0.26223785233923147
11454	0.24772558493774607	0.3932494525192918	0.3590249625429622
11455	0.3166424287389487	0.3972822202602506	0.28607535100080067
11456	0.3219605760433974	0.38068524770539175	0.2973541762512108
11457	0.24277335602032354	0.3846582170290384	0.37256842695063797
11458	0.27280158756540696	0.3511854721794066	0.37601294025518645
11459	0.3132691496345217	0.3934185775262193	0.29331227283925915
11460	0.258972467538395	0.2116764155969175	0.5293511168646875
11461	0.3758375894553734	0.37648735050357757	0.24767506004104903
11462	0.3758375894553734	0.37648735050357757	0.24767506004104903
11463	0.3104453573594107	0.3101696785431403	0.37938496409744893
11464	0.358129238349563	0.358748384586703	0.2831223770637339
11465	0.27280158756540696	0.3511854721794066	0.37601294025518645
11466	0.3758375894553734	0.37648735050357757	0.24767506004104903
11467	0.37359846665046403	0.3752972673279922	0.2511042660215436
11468	0.3758375894553734	0.37648735050357757	0.24767506004104903
11469	0.3758375894553734	0.37648735050357757	0.24767506004104903
11470	0.3758375894553734	0.37648735050357757	0.24767506004104903
11471	0.3758375894553734	0.37648735050357757	0.24767506004104903
11472	0.20942477318460984	0.2933223646018994	0.4972528622134907
11473	0.20942477318460984	0.2933223646018994	0.4972528622134907
11474	0.3141338421082715	0.37942160200842456	0.30644455588330394
11475	0.3141338421082715	0.37942160200842456	0.30644455588330394
11476	0.3758375894553734	0.37648735050357757	0.24767506004104903
11477	0.27280158756540696	0.3511854721794066	0.37601294025518645
11478	0.3621167584955022	0.38237238723771827	0.2555108542667795
11479	0.38836263867833665	0.38023153531833087	0.23140582600333248
11480	0.38836263867833665	0.38023153531833087	0.23140582600333248
11481	0.3758375894553734	0.37648735050357757	0.24767506004104903
11482	0.3758375894553734	0.37648735050357757	0.24767506004104903
11483	0.3758375894553734	0.37648735050357757	0.24767506004104903
11484	0.3793399584159351	0.37035579137023505	0.25030425021382985
11485	0.2582568356113274	0.38300753620595573	0.35873562818271687
11486	0.3758375894553734	0.37648735050357757	0.24767506004104903
11487	0.25272775841483486	0.33918482193756944	0.40808741964759565
11488	0.25272775841483486	0.33918482193756944	0.40808741964759565
11489	0.3141338421082715	0.37942160200842456	0.30644455588330394
11490	0.27691318258055647	0.3787709535422913	0.34431586387715235
11491	0.2826091088762395	0.38656202876163737	0.33082886236212317
11492	0.311896777169469	0.3777794730629402	0.3103237497675909
11493	0.3758375894553734	0.37648735050357757	0.24767506004104903
11494	0.3758375894553734	0.37648735050357757	0.24767506004104903
11495	0.3758375894553734	0.37648735050357757	0.24767506004104903
11496	0.23257275760890098	0.38802263876497084	0.37940460362612816
11497	0.3758375894553734	0.37648735050357757	0.24767506004104903
11498	0.09832550680069473	0.32276608318924377	0.5789084100100615
11499	0.1659510294131472	0.3655673298059656	0.4684816407808871
11500	0.39054451883509494	0.38129498654050387	0.22816049462440127
11501	0.3141338421082715	0.37942160200842456	0.30644455588330394
11502	0.3082604757264026	0.3723275491446442	0.3194119751289532
11503	0.14007807505246753	0.2861619646728812	0.5737599602746514
11504	0.3141338421082715	0.37942160200842456	0.30644455588330394
11505	0.3758375894553734	0.37648735050357757	0.24767506004104903
11506	0.3141338421082715	0.37942160200842456	0.30644455588330394
11507	0.37359846665046403	0.3752972673279922	0.2511042660215436
11508	0.23188897491186478	0.38946185105323483	0.3786491740349004
11509	0.3086769585159811	0.37998501624851855	0.31133802523550047
11510	0.3086769585159811	0.37998501624851855	0.31133802523550047
11511	0.23756559510291977	0.3741655490772529	0.38826885581982734
11512	0.23756559510291977	0.3741655490772529	0.38826885581982734
11513	0.37011631161437036	0.3707561815191888	0.25912750686644087
11514	0.3582784220474105	0.3753736085003274	0.2663479694522622
11515	0.3758375894553734	0.37648735050357757	0.24767506004104903
11516	0.3746210494630768	0.37597186590577997	0.24940708463114325
11517	0.3418472238427918	0.387512399793475	0.2706403763637332
11518	0.24761021555954138	0.38135768103423745	0.37103210340622117
11519	0.37184291028011723	0.37439391542909994	0.2537631742907828
11520	0.3758375894553734	0.37648735050357757	0.24767506004104903
11521	0.3758375894553734	0.37648735050357757	0.24767506004104903
11522	0.3613498571353675	0.3623096330928562	0.2763405097717764
11523	0.3758375894553734	0.37648735050357757	0.24767506004104903
11524	0.3141338421082715	0.37942160200842456	0.30644455588330394
11525	0.3758375894553734	0.37648735050357757	0.24767506004104903
11526	0.304529323374578	0.30505580381916186	0.3904148728062601
11527	0.2423474430402516	0.3850311919996836	0.3726213649600647
11528	0.3758375894553734	0.37648735050357757	0.24767506004104903
11529	0.24299725142156664	0.38387827734523466	0.3731244712331987
11530	0.24277335602032354	0.3846582170290384	0.37256842695063797
11531	0.37394748149510865	0.3754052932123677	0.2506472252925237
11532	0.3758375894553734	0.37648735050357757	0.24767506004104903
11533	0.3758375894553734	0.37648735050357757	0.24767506004104903
11534	0.3758375894553734	0.37648735050357757	0.24767506004104903
11535	0.31223958062218743	0.377950467108587	0.30980995226922553
11536	0.3141338421082715	0.37942160200842456	0.30644455588330394
11537	0.3758375894553734	0.37648735050357757	0.24767506004104903
11538	0.3758375894553734	0.37648735050357757	0.24767506004104903
11539	0.3758375894553734	0.37648735050357757	0.24767506004104903
11540	0.1350622451116365	0.2792209644409397	0.5857167904474239
11541	0.3416953407323601	0.3852594158076274	0.2730452434600126
11542	0.2886028874312651	0.39006688110413945	0.3213302314645955
11543	0.32124472703437107	0.3800676117750758	0.298687661190553
11544	0.3758375894553734	0.37648735050357757	0.24767506004104903
11545	0.3758375894553734	0.37648735050357757	0.24767506004104903
11546	0.3758375894553734	0.37648735050357757	0.24767506004104903
11547	0.3758375894553734	0.37648735050357757	0.24767506004104903
11548	0.28082499932680993	0.30753172312722576	0.41164327754596436
11549	0.192614875670198	0.36898137831661515	0.4384037460131869
11550	0.3141338421082715	0.37942160200842456	0.30644455588330394
11551	0.3758375894553734	0.37648735050357757	0.24767506004104903
11552	0.39054451883509494	0.38129498654050387	0.22816049462440127
11553	0.3141338421082715	0.37942160200842456	0.30644455588330394
11554	0.23386844729645598	0.38469073609916693	0.38144081660437706
11555	0.358129238349563	0.358748384586703	0.2831223770637339
11556	0.24625613564006393	0.3822380005309245	0.37150586382901163
11557	0.3522145815891435	0.38572784423112816	0.2620575741797283
11558	0.1746118517242866	0.37262758897820053	0.45276055929751285
11559	0.2962382472781755	0.38736166270186956	0.3164000900199549
11560	0.3089712972218546	0.3783539962318521	0.31267470654629315
11561	0.3822838159406877	0.38053376165289327	0.2371824224064189
11562	0.3758375894553734	0.37648735050357757	0.24767506004104903
11563	0.3758375894553734	0.37648735050357757	0.24767506004104903
11564	0.24215246709388438	0.3839324253615641	0.37391510754455143
11565	0.3701069873664568	0.3707468411511924	0.2591461714823507
11566	0.3701069873664568	0.3707468411511924	0.2591461714823507
11567	0.28741857889204375	0.3888710864328891	0.32371033467506716
11568	0.19457155625563952	0.3480945610320199	0.4573338827123406
11569	0.23840486837333566	0.38183888884756756	0.3797562427790969
11570	0.24299725142156664	0.38387827734523466	0.3731244712331987
11571	0.36822853783742215	0.3750253476991266	0.25674611446345136
11572	0.3595704117986881	0.37856049415899623	0.2618690940423156
11573	0.3758375894553734	0.37648735050357757	0.24767506004104903
11574	0.23386844729645598	0.38469073609916693	0.38144081660437706
11575	0.37459344593855365	0.37342388219493217	0.25198267186651413
11576	0.3219605760433974	0.38068524770539175	0.2973541762512108
11577	0.19880094258457723	0.3728113173605141	0.4283877400549087
11578	0.37047626386210325	0.3762559922402134	0.2532677438976834
11579	0.3758375894553734	0.37648735050357757	0.24767506004104903
11580	0.3758375894553734	0.37648735050357757	0.24767506004104903
11581	0.08631829820905473	0.3103057132204194	0.6033759885705259
11582	0.3043302848010062	0.388260942270973	0.30740877292802077
11583	0.4111219250258294	0.37601999814373094	0.21285807683043967
11584	0.3758375894553734	0.37648735050357757	0.24767506004104903
11585	0.3758375894553734	0.37648735050357757	0.24767506004104903
11586	0.1532508206279797	0.32395327722299516	0.5227959021490252
11587	0.3758375894553734	0.37648735050357757	0.24767506004104903
11588	0.3758375894553734	0.37648735050357757	0.24767506004104903
11589	0.3788079275614161	0.37779119978662623	0.24340087265195762
11590	0.2947278302765492	0.3897527655968748	0.31551940412657603
11591	0.2947278302765492	0.3897527655968748	0.31551940412657603
11592	0.38870559633317076	0.38032155978424387	0.23097284388258535
11593	0.25858898031906413	0.38600636087812606	0.3554046588028099
11594	0.3758375894553734	0.37648735050357757	0.24767506004104903
11595	0.37359846665046403	0.3752972673279922	0.2511042660215436
11596	0.3141338421082715	0.37942160200842456	0.30644455588330394
11597	0.3141338421082715	0.37942160200842456	0.30644455588330394
11598	0.24215246709388438	0.3839324253615641	0.37391510754455143
11599	0.24215246709388438	0.3839324253615641	0.37391510754455143
11600	0.19270398365548394	0.36936021586698126	0.43793580047753483
11601	0.3350827382285757	0.3849585357649338	0.2799587260064906
11602	0.23386844729645598	0.38469073609916693	0.38144081660437706
11603	0.23756898655010655	0.3818813957478412	0.3805496177020522
11604	0.3141338421082715	0.37942160200842456	0.30644455588330394
11605	0.36257503178076084	0.3835783752566077	0.2538465929626315
11606	0.3758375894553734	0.37648735050357757	0.24767506004104903
11607	0.37459344593855365	0.37342388219493217	0.25198267186651413
11608	0.36816355082985325	0.36959881424203506	0.26223763492811164
11609	0.3608794739399091	0.37688267372085954	0.26223785233923147
11610	0.3746210494630768	0.37597186590577997	0.24940708463114325
11611	0.221797941047796	0.30934280704456163	0.4688592519076424
11612	0.24299725142156664	0.38387827734523466	0.3731244712331987
11613	0.3758375894553734	0.37648735050357757	0.24767506004104903
11614	0.28262379503676793	0.39520937677399554	0.3221668281892364
11615	0.35851552058984193	0.37712379792822015	0.2643606814819379
11616	0.3758375894553734	0.37648735050357757	0.24767506004104903
11617	0.3758375894553734	0.37648735050357757	0.24767506004104903
11618	0.3557771219551079	0.35739488666716657	0.2868279913777255
11619	0.23117163881147662	0.3650873883654838	0.4037409728230395
11620	0.3550437248939572	0.3707881383914034	0.27416813671463947
11621	0.3788079275614161	0.37779119978662623	0.24340087265195762
11622	0.24356723227867955	0.2941888359619222	0.4622439317593982
11623	0.30814618814987843	0.3786175456066579	0.3132362662434637
11624	0.3758375894553734	0.37648735050357757	0.24767506004104903
11625	0.2254641000214619	0.36602325128715735	0.4085126486913808
11626	0.3758375894553734	0.37648735050357757	0.24767506004104903
11627	0.23000344127805053	0.36494185622285114	0.40505470249909836
11628	0.36286946097871947	0.36281703256861575	0.2743135064526647
11629	0.3758375894553734	0.37648735050357757	0.24767506004104903
11630	0.3758375894553734	0.37648735050357757	0.24767506004104903
11631	0.3758375894553734	0.37648735050357757	0.24767506004104903
11632	0.22759043987138347	0.3798120848744673	0.3925974752541492
11633	0.19757641721103425	0.36982207122471716	0.43260151156424864
11634	0.3206542260180883	0.378431598272129	0.30091417570978274
11635	0.3826569499568747	0.24338231080988904	0.3739607392332363
11636	0.3788079275614161	0.37779119978662623	0.24340087265195762
11637	0.3086769585159811	0.37998501624851855	0.31133802523550047
11638	0.3170895217292754	0.3813044039515788	0.30160607431914577
11639	0.3595704117986881	0.37856049415899623	0.2618690940423156
11640	0.1842916086187206	0.2912349880933002	0.5244734032879792
11641	0.3123904657401271	0.37818478930532873	0.3094247449545442
11642	0.3219605760433974	0.38068524770539175	0.2973541762512108
11643	0.3595704117986881	0.37856049415899623	0.2618690940423156
11644	0.3522145815891435	0.38572784423112816	0.2620575741797283
11645	0.3758375894553734	0.37648735050357757	0.24767506004104903
11646	0.31720518218267757	0.3793313016331677	0.3034635161841548
11647	0.3758375894553734	0.37648735050357757	0.24767506004104903
11648	0.3758375894553734	0.37648735050357757	0.24767506004104903
11649	0.24248230302426066	0.38213938757617066	0.3753783093995686
11650	0.3748005295717847	0.3751241340037708	0.2500753364244444
11651	0.3758375894553734	0.37648735050357757	0.24767506004104903
11652	0.24380503557374844	0.3815503572863496	0.37464460713990194
11653	0.285008218848595	0.36689942592721914	0.3480923552241858
11654	0.285008218848595	0.36689942592721914	0.3480923552241858
11655	0.3595704117986881	0.37856049415899623	0.2618690940423156
11656	0.3746080219367286	0.37455389751342305	0.2508380805498483
11657	0.23723457500186862	0.38140817270224936	0.38135725229588197
11658	0.37000458497726463	0.3750695604163615	0.25492585460637385
11659	0.39344630748664144	0.3824358746729861	0.22411781784037252
11660	0.24314774732242453	0.3829574326485255	0.37389482002905
11661	0.3740901027595229	0.37559980048239866	0.25031009675807836
11662	0.2777588136783887	0.3937850524386151	0.32845613388299616
11663	0.3758375894553734	0.37648735050357757	0.24767506004104903
11664	0.23386844729645598	0.38469073609916693	0.38144081660437706
11665	0.3758375894553734	0.37648735050357757	0.24767506004104903
11666	0.3758375894553734	0.37648735050357757	0.24767506004104903
11667	0.3758375894553734	0.37648735050357757	0.24767506004104903
11668	0.3758375894553734	0.37648735050357757	0.24767506004104903
11669	0.3746210494630768	0.37597186590577997	0.24940708463114325
11670	0.3758375894553734	0.37648735050357757	0.24767506004104903
11671	0.34666292532889736	0.3858961263115949	0.26744094835950777
11672	0.3758375894553734	0.37648735050357757	0.24767506004104903
11673	0.3758375894553734	0.37648735050357757	0.24767506004104903
11674	0.2940639568441456	0.3087856678194231	0.39715037533643127
11675	0.3758375894553734	0.37648735050357757	0.24767506004104903
11676	0.3758375894553734	0.37648735050357757	0.24767506004104903
11677	0.3351891814523114	0.38031818437178927	0.2844926341758994
11678	0.3219605760433974	0.38068524770539175	0.2973541762512108
11679	0.3758375894553734	0.37648735050357757	0.24767506004104903
11680	0.3758375894553734	0.37648735050357757	0.24767506004104903
11681	0.3141338421082715	0.37942160200842456	0.30644455588330394
11682	0.2410921612716488	0.380788202625377	0.3781196361029742
11683	0.2410921612716488	0.380788202625377	0.3781196361029742
11684	0.23386844729645598	0.38469073609916693	0.38144081660437706
11685	0.1860278709465757	0.3772743288864044	0.43669780016702
11686	0.14150567334338515	0.3514763484450584	0.5070179782115565
11687	0.3758375894553734	0.37648735050357757	0.24767506004104903
11688	0.3758375894553734	0.37648735050357757	0.24767506004104903
11689	0.2513029066334382	0.3850723630410879	0.3636247303254739
11690	0.3740901027595229	0.37559980048239866	0.25031009675807836
11691	0.3822838159406877	0.38053376165289327	0.2371824224064189
11692	0.3279240802233787	0.32015763036214756	0.3519182894144737
11693	0.37359435937265684	0.38357785682395434	0.2428277838033887
11694	0.2573619375422334	0.39376019177760974	0.34887787068015697
11695	0.36390844444385106	0.364537581970002	0.2715539735861469
11696	0.3758375894553734	0.37648735050357757	0.24767506004104903
11697	0.39643979980085087	0.3720293298998707	0.2315308702992785
11698	0.32491729740672753	0.38248885652767417	0.2925938460655983
11699	0.3758375894553734	0.37648735050357757	0.24767506004104903
11700	0.3758375894553734	0.37648735050357757	0.24767506004104903
