21257	0.3425695706882812	0.3614883356832673	0.2959420936284514
21258	0.3546861864454054	0.35484470159993753	0.2904691119546571
21259	0.35439329024914656	0.35532761807551017	0.29027909167534316
21260	0.34089109614038254	0.36138446273691055	0.2977244411227069
21261	0.31613238494693446	0.3565639073264315	0.327303707726634
21262	0.31685449471612986	0.35766866654142765	0.3254768387424425
21263	0.2740821202179355	0.36107515883260327	0.3648427209494612
21264	0.32947808046788807	0.36408398760367117	0.30643793192844077
21265	0.33017446297674424	0.36514988065093323	0.3046756563723225
21266	0.343048673434821	0.34296234190797353	0.31398898465720554
21267	0.252009831733309	0.36593764450449984	0.3820525237621911
21268	0.3427073082755273	0.3473150117255238	0.30997767999894876
21269	0.35143073738757064	0.3464675661285337	0.3021016964838956
21270	0.3513076849850299	0.34655007628677126	0.30214223872819873
21271	0.3513076849850299	0.34655007628677126	0.30214223872819873
21272	0.35504829304973146	0.35498729721824424	0.2899644097320243
21273	0.3551888557502601	0.3559723064252216	0.28883883782451836
21274	0.3546181636150297	0.3545297152122605	0.2908521211727099
21275	0.3676088092589863	0.36682939302689105	0.2655617977141227
21276	0.3288072587228998	0.3337848381210262	0.33740790315607394
21277	0.3430990124921961	0.3611997572238415	0.29570123028396234
21278	0.2530922239552581	0.36834958374559684	0.37855819229914506
21279	0.3263755638876855	0.33727670482111255	0.33634773129120193
21280	0.3465162249816708	0.3569914405831448	0.2964923344351843
21281	0.3551888557502601	0.3559723064252216	0.28883883782451836
21282	0.24469568844108003	0.3221372821998386	0.4331670293590814
21283	0.32363041544983695	0.32277430753906466	0.35359527701109833
21284	0.3531574389138179	0.3534562276596959	0.29338633342648623
21285	0.3519974891083576	0.35359913052831926	0.2944033803633231
21286	0.3456382042420543	0.3678717256496013	0.2864900701083443
21287	0.3551888557502601	0.3559723064252216	0.28883883782451836
21288	0.27411188333990616	0.3621933097498993	0.36369480691019457
21289	0.3546861864454054	0.35484470159993753	0.2904691119546571
21290	0.3551888557502601	0.3559723064252216	0.28883883782451836
21291	0.3551888557502601	0.3559723064252216	0.28883883782451836
21292	0.3245654309203341	0.34321674313283834	0.3322178259468275
21293	0.3253229134152852	0.34429719774497436	0.33037988883974045
21294	0.24851778013034856	0.3688198450378277	0.38266237483182386
21295	0.3359687442102096	0.3367098005106993	0.3273214552790911
21296	0.3551888557502601	0.3559723064252216	0.28883883782451836
21297	0.3551888557502601	0.3559723064252216	0.28883883782451836
21298	0.3551888557502601	0.3559723064252216	0.28883883782451836
21299	0.3551888557502601	0.3559723064252216	0.28883883782451836
21300	0.35541857046052966	0.3550573106480008	0.2895241188914697
21301	0.354481391126765	0.3549749378762612	0.2905436709969738
21302	0.34944509853128464	0.34935715728339267	0.3011977441853227
21303	0.34767920604148744	0.35473124134229705	0.29758955261621545
21304	0.2712008050003119	0.3711656922004751	0.357633502799213
21305	0.35454356278520155	0.3410312781646446	0.30442515905015377
21306	0.351962765357574	0.3476021020394297	0.3004351326029963
21307	0.2799921963889557	0.36798754598161215	0.352020257629432
21308	0.3538723715063141	0.35426716786002665	0.29186046063365917
21309	0.33185523200546224	0.3560105364676063	0.31213423152693154
21310	0.2732039072515009	0.36209949924072304	0.364696593507776
21311	0.35381368480481623	0.35476356058243824	0.2914227546127456
21312	0.25842235984510475	0.35707631103447235	0.3845013291204229
21313	0.3557360391889283	0.3556465147648117	0.2886174460462601
21314	0.35430578846583133	0.3542916540864497	0.2914025574477191
21315	0.3376573010102012	0.3456994242161357	0.3166432747736631
21316	0.26696389911619794	0.3520568956201133	0.38097920526368884
21317	0.3469466128281355	0.34745465099945194	0.30559873617241257
21318	0.3551888557502601	0.3559723064252216	0.28883883782451836
21319	0.3551888557502601	0.3559723064252216	0.28883883782451836
21320	0.2588597384061384	0.37439816152557664	0.366742100068285
21321	0.2514713437228553	0.36124736681779307	0.3872812894593516
21322	0.3204928652089712	0.3559932742436103	0.32351386054741854
21323	0.34713801533905203	0.3550496486341399	0.29781233602680807
21324	0.3551888557502601	0.3559723064252216	0.28883883782451836
21325	0.3551888557502601	0.3559723064252216	0.28883883782451836
21326	0.3456382042420543	0.3678717256496013	0.2864900701083443
21327	0.3551888557502601	0.3559723064252216	0.28883883782451836
21328	0.3185549305884245	0.35131682029204175	0.3301282491195337
21329	0.2497811481132476	0.34966036444589366	0.4005584874408587
21330	0.2817936194293599	0.36846770362813663	0.3497386769425036
21331	0.3185715590038535	0.31806254505533993	0.3633658959408065
21332	0.33105295787886746	0.3436887866253902	0.32525825549574233
21333	0.3575772025534792	0.3385018700196668	0.303920927426854
21334	0.22097386489160847	0.3604178383450477	0.4186082967633439
21335	0.22097386489160847	0.3604178383450477	0.4186082967633439
21336	0.3535550851715418	0.3426372743166045	0.30380764051185366
21337	0.33978618215272705	0.3602139320199433	0.29999988582732967
21338	0.32961239769678435	0.3645867648485235	0.3058008374546922
21339	0.2827404127549139	0.36646924171116285	0.3507903455339232
21340	0.3551888557502601	0.3559723064252216	0.28883883782451836
21341	0.3415094170393405	0.34934369195477244	0.309146891005887
21342	0.28401865463267445	0.3620886962418992	0.35389264912542634
21343	0.29881773585494714	0.32070692206059637	0.3804753420844565
21344	0.32133895640609256	0.3330694527476019	0.34559159084630553
21345	0.3551888557502601	0.3559723064252216	0.28883883782451836
21346	0.3551888557502601	0.3559723064252216	0.28883883782451836
21347	0.3402184941990608	0.3612681267061682	0.29851337909477094
21348	0.34767920604148744	0.35473124134229705	0.29758955261621545
21349	0.3456382042420543	0.3678717256496013	0.2864900701083443
21350	0.3551888557502601	0.3559723064252216	0.28883883782451836
21351	0.2647161383863925	0.3682208047131209	0.3670630569004867
21352	0.2724041281067273	0.36860756255356547	0.3589883093397071
21353	0.3307026465951348	0.3648372418986062	0.304460111506259
21354	0.28147187347214625	0.36956959425894137	0.3489585322689123
21355	0.348903413617008	0.34967300030439785	0.30142358607859415
21356	0.348903413617008	0.34967300030439785	0.30142358607859415
21357	0.3557360391889283	0.3556465147648117	0.2886174460462601
21358	0.358049847506321	0.3574777553056585	0.2844723971880204
21359	0.358049847506321	0.3574777553056585	0.2844723971880204
21360	0.34058513291248876	0.361539408795372	0.29787545829213924
21361	0.35541857046052966	0.3550573106480008	0.2895241188914697
21362	0.2368062709000332	0.36641489544212186	0.39677883365784505
21363	0.3120669913988442	0.36530121429197104	0.3226317943091849
21364	0.3677208818384011	0.34635507300817003	0.28592404515342884
21365	0.34335151966679567	0.35309450217484256	0.30355397815836177
21366	0.34335151966679567	0.35309450217484256	0.30355397815836177
21367	0.2991846079315889	0.35543933711067616	0.345376054957735
21368	0.3352524016336366	0.3569920030362233	0.30775559533014013
21369	0.27917383680043056	0.34643877521311284	0.3743873879864567
21370	0.3557360391889283	0.3556465147648117	0.2886174460462601
21371	0.28608934792425306	0.37858121551142193	0.335329436564325
21372	0.33035428771691944	0.3665710616584213	0.30307465062465927
21373	0.33035428771691944	0.3665710616584213	0.30307465062465927
21374	0.3551888557502601	0.3559723064252216	0.28883883782451836
21375	0.3551888557502601	0.3559723064252216	0.28883883782451836
21376	0.3551888557502601	0.3559723064252216	0.28883883782451836
21377	0.3551888557502601	0.3559723064252216	0.28883883782451836
21378	0.3523770816440794	0.37314562990785505	0.27447728844806557
21379	0.3621439525356325	0.3611055426544368	0.27675050480993074
21380	0.36908448026467267	0.34830113394049406	0.2826143857948333
21381	0.3081968118352858	0.3617524516830845	0.33005073648162964
21382	0.3551888557502601	0.3559723064252216	0.28883883782451836
21383	0.3557360391889283	0.3556465147648117	0.2886174460462601
21384	0.2750092614616542	0.362578005332574	0.3624127332057718
21385	0.29296443252222826	0.3642688366630066	0.34276673081476533
21386	0.3415094170393405	0.34934369195477244	0.309146891005887
21387	0.28147187347214625	0.36956959425894137	0.3489585322689123
21388	0.3478635263749225	0.3571160151457625	0.2950204584793149
21389	0.35654443485709264	0.3560711164957126	0.2873844486471948
21390	0.36910864588802395	0.3482877931464392	0.28260356096553685
21391	0.3608974035271508	0.3582842374666203	0.28081835900622887
21392	0.27495046535084294	0.36263109297814866	0.3624184416710085
21393	0.2809249388827541	0.3644216390982343	0.3546534220190116
21394	0.35329284959410595	0.3543691846377422	0.29233796576815185
21395	0.3875098319646532	0.30802858007363604	0.30446158796171074
21396	0.3361430569692397	0.3509578795834356	0.31289906344732465
21397	0.35401594642748	0.355253668795436	0.29073038477708385
21398	0.35401594642748	0.355253668795436	0.29073038477708385
21399	0.3202095995554409	0.36421038291902175	0.3155800175255373
21400	0.3419150523596701	0.3420971420426087	0.31598780559772116
21401	0.2621142948401239	0.366997440775126	0.3708882643847501
21402	0.3551888557502601	0.3559723064252216	0.28883883782451836
21403	0.25434031531762596	0.36690855610698064	0.37875112857539334
21404	0.2743249446580904	0.36180832708087896	0.36386672826103067
21405	0.3346994615623451	0.3358696489911856	0.32943088944646937
21406	0.3477216537934398	0.34893736984540286	0.30334097636115737
21407	0.2734175140120301	0.36267591592553455	0.3639065700624354
21408	0.35401594642748	0.355253668795436	0.29073038477708385
21409	0.3551888557502601	0.3559723064252216	0.28883883782451836
21410	0.3551888557502601	0.3559723064252216	0.28883883782451836
21411	0.3551888557502601	0.3559723064252216	0.28883883782451836
21412	0.3551888557502601	0.3559723064252216	0.28883883782451836
21413	0.35327260006466055	0.3537899014565089	0.29293749847883055
21414	0.22750330545604452	0.362538065504441	0.4099586290395144
21415	0.30098907259545166	0.36424348288501174	0.3347674445195366
21416	0.358049847506321	0.3574777553056585	0.2844723971880204
21417	0.3580325677473055	0.35748292043830576	0.2844845118143888
21418	0.3581268935376771	0.3821832918014807	0.25968981466084223
21419	0.35403556344534787	0.35506731883825904	0.2908971177163931
21420	0.3551888557502601	0.3559723064252216	0.28883883782451836
21421	0.3551888557502601	0.3559723064252216	0.28883883782451836
21422	0.3148384147590732	0.3671467148632951	0.3180148703776317
21423	0.3549267676708509	0.355295064531769	0.2897781677973801
21424	0.3549267676708509	0.355295064531769	0.2897781677973801
21425	0.27435803577669093	0.3627326226912155	0.3629093415320937
21426	0.33017446297674424	0.36514988065093323	0.3046756563723225
21427	0.3544414774493444	0.3558084361915387	0.2897500863591169
21428	0.35403556344534787	0.35506731883825904	0.2908971177163931
21429	0.35370455436821596	0.3554123681405256	0.2908830774912584
21430	0.29297071915237816	0.3633697240298411	0.3436595568177809
21431	0.27403807866892427	0.36144196338152845	0.3645199579495472
21432	0.3551888557502601	0.3559723064252216	0.28883883782451836
21433	0.33017446297674424	0.36514988065093323	0.3046756563723225
21434	0.24530094449546766	0.3668642358311268	0.3878348196734055
21435	0.354481391126765	0.3549749378762612	0.2905436709969738
21436	0.3551888557502601	0.3559723064252216	0.28883883782451836
21437	0.3551888557502601	0.3559723064252216	0.28883883782451836
21438	0.32175388043863257	0.36247644290037634	0.31576967666099104
21439	0.286406913711472	0.35216187171673224	0.36143121457179583
21440	0.3566432644350572	0.35590986378579365	0.28744687177914907
21441	0.34891407084117526	0.34968368103552294	0.3014022481233018
21442	0.34891407084117526	0.34968368103552294	0.3014022481233018
21443	0.27986067766912354	0.3552825933720279	0.3648567289588485
21444	0.35214590772714766	0.35266234980093725	0.29519174247191504
21445	0.30398455601588736	0.36487562529635115	0.33113981868776143
21446	0.3551888557502601	0.3559723064252216	0.28883883782451836
21447	0.348903413617008	0.34967300030439785	0.30142358607859415
21448	0.348903413617008	0.34967300030439785	0.30142358607859415
21449	0.3544414774493444	0.3558084361915387	0.2897500863591169
21450	0.3544414774493444	0.3558084361915387	0.2897500863591169
21451	0.2734175140120301	0.36267591592553455	0.3639065700624354
21452	0.3557360391889283	0.3556465147648117	0.2886174460462601
21453	0.3557360391889283	0.3556465147648117	0.2886174460462601
21454	0.3456382042420543	0.3678717256496013	0.2864900701083443
21455	0.3551888557502601	0.3559723064252216	0.28883883782451836
21456	0.34260143075533034	0.3614013164242949	0.2959972528203748
21457	0.3551888557502601	0.3559723064252216	0.28883883782451836
21458	0.14864481048838077	0.2990353679024954	0.5523198216091237
21459	0.3551888557502601	0.3559723064252216	0.28883883782451836
21460	0.3551888557502601	0.3559723064252216	0.28883883782451836
21461	0.3409702966345655	0.3417636216682785	0.317266081697156
21462	0.36908448026467267	0.34830113394049406	0.2826143857948333
21463	0.3551888557502601	0.3559723064252216	0.28883883782451836
21464	0.2751668119113534	0.3631213545668373	0.3617118335218094
21465	0.3557360391889283	0.3556465147648117	0.2886174460462601
21466	0.2845031692836186	0.36181704331611503	0.3536797874002665
21467	0.2730463910781259	0.3623719123604038	0.3645816965614702
21468	0.35361991603246035	0.3550407189400725	0.29133936502746716
21469	0.29269433763227914	0.36281336672781406	0.34449229563990674
21470	0.3473090309699611	0.3487044774894292	0.3039864915406098
21471	0.32363707638298944	0.37732935427291164	0.29903356934409886
21472	0.3020816422230411	0.3655648422357171	0.33235351554124176
21473	0.27185963436210675	0.36166023790535085	0.36648012773254246
21474	0.3521302113105998	0.35489042049856856	0.29297936819083176
21475	0.3318173371522233	0.36440040086042924	0.3037822619873475
21476	0.3318173371522233	0.36440040086042924	0.3037822619873475
21477	0.2691118609348155	0.354276883519664	0.37661125554552044
21478	0.3482806046363775	0.3484391223142588	0.3032802730493637
21479	0.2746922327740987	0.36338609643834785	0.36192167078755355
21480	0.3551888557502601	0.3559723064252216	0.28883883782451836
21481	0.3551888557502601	0.3559723064252216	0.28883883782451836
21482	0.3580325677473055	0.35748292043830576	0.2844845118143888
21483	0.3408329096822137	0.36092081203503673	0.2982462782827496
21484	0.3551888557502601	0.3559723064252216	0.28883883782451836
21485	0.3551888557502601	0.3559723064252216	0.28883883782451836
21486	0.23443141456847744	0.2996233406512815	0.465945244780241
21487	0.30386047813361505	0.30029029055444073	0.39584923131194416
21488	0.2579071238002615	0.37006711327147596	0.37202576292826245
21489	0.2579071238002615	0.37006711327147596	0.37202576292826245
21490	0.35023275069042026	0.35368865932190996	0.29607858998766967
21491	0.354481391126765	0.3549749378762612	0.2905436709969738
21492	0.3551888557502601	0.3559723064252216	0.28883883782451836
21493	0.30466039583534166	0.34460607699490275	0.3507335271697556
21494	0.3530863137861821	0.3533164487777285	0.2935972374360895
21495	0.3424757257108913	0.343231134523439	0.3142931397656697
21496	0.3557360391889283	0.3556465147648117	0.2886174460462601
21497	0.34587638510181695	0.3669416782019656	0.28718193669621744
21498	0.3551888557502601	0.3559723064252216	0.28883883782451836
21499	0.3551888557502601	0.3559723064252216	0.28883883782451836
21500	0.3608974035271508	0.3582842374666203	0.28081835900622887
21501	0.26858651830630637	0.33269708985120494	0.39871639184248864
21502	0.3551888557502601	0.3559723064252216	0.28883883782451836
21503	0.3551888557502601	0.3559723064252216	0.28883883782451836
21504	0.33035428771691944	0.3665710616584213	0.30307465062465927
21505	0.3018850275032127	0.3653800251364592	0.33273494736032816
21506	0.3551888557502601	0.3559723064252216	0.28883883782451836
21507	0.34673063968220746	0.36982275718813423	0.2834466031296583
21508	0.3551888557502601	0.3559723064252216	0.28883883782451836
21509	0.3551888557502601	0.3559723064252216	0.28883883782451836
21510	0.2540271360911467	0.3688871952671721	0.37708566864168114
21511	0.27511270650652164	0.3632619012332264	0.36162539226025203
21512	0.3414277902282838	0.36106591831325485	0.2975062914584613
21513	0.2249750532427053	0.334239193909038	0.4407857528482566
21514	0.2912943425435124	0.3346280182433228	0.3740776392131648
21515	0.3551888557502601	0.3559723064252216	0.28883883782451836
21516	0.3176633653724951	0.3511258285261259	0.33121080610137904
21517	0.3551888557502601	0.3559723064252216	0.28883883782451836
21518	0.2729708775240833	0.3600742683876212	0.36695485408829553
21519	0.3551888557502601	0.3559723064252216	0.28883883782451836
21520	0.358049847506321	0.3574777553056585	0.2844723971880204
21521	0.2934175799750157	0.36366189567517637	0.34292052434980774
21522	0.2934175799750157	0.36366189567517637	0.34292052434980774
21523	0.3696407989605023	0.34797081093500754	0.2823883901044901
21524	0.3551888557502601	0.3559723064252216	0.28883883782451836
21525	0.3551888557502601	0.3559723064252216	0.28883883782451836
21526	0.33536609056977484	0.3666425127071696	0.29799139672305563
21527	0.3604969363729545	0.35946023936481364	0.28004282426223187
21528	0.2750092614616542	0.362578005332574	0.3624127332057718
21529	0.3551888557502601	0.3559723064252216	0.28883883782451836
21530	0.3637209320447638	0.36572493645698617	0.27055413149825
21531	0.3456382042420543	0.3678717256496013	0.2864900701083443
21532	0.2766953402052166	0.3586340223599876	0.36467063743479583
21533	0.3551888557502601	0.3559723064252216	0.28883883782451836
21534	0.3551888557502601	0.3559723064252216	0.28883883782451836
21535	0.26251406438740404	0.34727578614942345	0.39021014946317245
21536	0.3425082095740661	0.3432636900531136	0.31422810037282023
21537	0.22328083523339165	0.3547145839625093	0.422004580804099
21538	0.22328083523339165	0.3547145839625093	0.422004580804099
21539	0.3539554385096303	0.3541629508666658	0.2918816106237039
21540	0.3536733142324995	0.3545493786734201	0.2917773070940803
21541	0.3557360391889283	0.3556465147648117	0.2886174460462601
21542	0.17677604095832608	0.3510648510817066	0.47215910795996724
21543	0.24093768658371467	0.3619862238856213	0.397076089530664
21544	0.33017446297674424	0.36514988065093323	0.3046756563723225
21545	0.3207536787616817	0.3633699537828027	0.31587636745551556
21546	0.3551888557502601	0.3559723064252216	0.28883883782451836
21547	0.19632287817502794	0.354446423091944	0.4492306987330279
21548	0.28147187347214625	0.36956959425894137	0.3489585322689123
21549	0.3612671915500636	0.36513669063665005	0.2735961178132864
21550	0.3551888557502601	0.3559723064252216	0.28883883782451836
21551	0.3489122642558095	0.3496818704653179	0.30140586527887253
21552	0.3551888557502601	0.3559723064252216	0.28883883782451836
21553	0.2746381806870098	0.36352669263032883	0.3618351266826613
21554	0.2627107186377304	0.3655022918059141	0.3717869895563554
21555	0.2742103748205848	0.3619555742716927	0.3638340509077226
21556	0.35494916028312584	0.354454831459099	0.2905960082577751
21557	0.2793891432244843	0.36582652558137846	0.3547843311941373
21558	0.35152220499258285	0.35589810026485924	0.2925796947425578
21559	0.2310168810643397	0.2955610625102874	0.473422056425373
21560	0.3551888557502601	0.3559723064252216	0.28883883782451836
21561	0.3614487453011543	0.35795173881795217	0.28059951588089344
21562	0.3425116349613084	0.34326712311011726	0.3142212419285743
21563	0.35688215191930667	0.3567707352358283	0.2863471128448649
21564	0.32749700479923344	0.36713628108685076	0.3053667141139158
21565	0.3656658868594364	0.3452786462487292	0.2890554668918344
21566	0.3656658868594364	0.3452786462487292	0.2890554668918344
21567	0.3551888557502601	0.3559723064252216	0.28883883782451836
21568	0.3170411008674731	0.3567287013642886	0.3262301977682384
21569	0.2593567346071628	0.37577645102943524	0.36486681436340185
21570	0.34642178753544267	0.35402952176513697	0.29954869069942036
21571	0.3430372625219398	0.3429509338681215	0.31401180360993886
21572	0.3557360391889283	0.3556465147648117	0.2886174460462601
21573	0.35403556344534787	0.35506731883825904	0.2908971177163931
21574	0.28471461678674354	0.3758045526461759	0.3394808305670805
21575	0.3424757257108913	0.343231134523439	0.3142931397656697
21576	0.2435171732428865	0.3874532305127886	0.36902959624432474
21577	0.25094327004131306	0.3759650352509461	0.3730916947077409
21578	0.216660756377443	0.3216842678169717	0.4616549758055854
21579	0.3551888557502601	0.3559723064252216	0.28883883782451836
21580	0.3551888557502601	0.3559723064252216	0.28883883782451836
21581	0.3615919599250567	0.36144138028612377	0.27696665978881946
21582	0.3615919599250567	0.36144138028612377	0.27696665978881946
21583	0.3352830354348916	0.3570246231640844	0.307692341401024
21584	0.3872864748836954	0.3071207223568544	0.3055928027594502
21585	0.27518639939634393	0.3622738129284794	0.3625397876751767
21586	0.24954378321071863	0.322725637777703	0.42773057901157835
21587	0.20634930763496392	0.3567607374692696	0.4368899548957664
21588	0.3601207935591714	0.35928918487881695	0.2805900215620115
21589	0.3549267676708509	0.355295064531769	0.2897781677973801
21590	0.3542170041590222	0.3542967719390795	0.2914862239018985
21591	0.27577343866035564	0.35670200028746396	0.3675245610521803
21592	0.36005445474677295	0.3621173883517572	0.2778281569014698
21593	0.35389157089894785	0.35408092548794007	0.2920275036131122
21594	0.36030070079278387	0.34358414277792754	0.29611515642928854
21595	0.35480285986508314	0.3543344942240327	0.2908626459108842
21596	0.36053153642658575	0.3566618380013755	0.2828066255720387
21597	0.34832614727541306	0.345804006342894	0.305869846381693
21598	0.3551888557502601	0.3559723064252216	0.28883883782451836
21599	0.3557360391889283	0.3556465147648117	0.2886174460462601
21600	0.3400243700650499	0.35972227547819835	0.30025335445675183
21601	0.2742103748205848	0.3619555742716927	0.3638340509077226
21602	0.35494916028312584	0.354454831459099	0.2905960082577751
21603	0.35152220499258285	0.35589810026485924	0.2925796947425578
21604	0.35152220499258285	0.35589810026485924	0.2925796947425578
21605	0.3692159651612393	0.34822854682361765	0.28255548801514313
21606	0.2642638645790805	0.37061852464078154	0.3651176107801379
21607	0.2642638645790805	0.37061852464078154	0.3651176107801379
21608	0.3272710783670661	0.365961760408734	0.3067671612241999
21609	0.36625932085907764	0.36666961109777885	0.2670710680431436
21610	0.3551888557502601	0.3559723064252216	0.28883883782451836
21611	0.3489122642558095	0.3496818704653179	0.30140586527887253
21612	0.2684652019971197	0.3556489428573675	0.37588585514551287
21613	0.35251455139875393	0.35363758402063433	0.2938478645806118
21614	0.4005160122091411	0.3219820772429614	0.27750191054789747
21615	0.36113849505066115	0.3573709037686817	0.28149060118065716
21616	0.36113849505066115	0.3573709037686817	0.28149060118065716
21617	0.337450944659124	0.35274832488440655	0.3098007304564694
21618	0.3424757257108913	0.343231134523439	0.3142931397656697
21619	0.2744723484990373	0.37099679846949307	0.3545308530314697
21620	0.3138146466448199	0.32330129069052604	0.362884062664654
21621	0.3224543447828173	0.3231655919684526	0.3543800632487301
21622	0.2724041281067273	0.36860756255356547	0.3589883093397071
21623	0.37877297107052865	0.3072679748441805	0.31395905408529085
21624	0.29368611308262615	0.3630269906985871	0.34328689621878666
21625	0.3551888557502601	0.3559723064252216	0.28883883782451836
21626	0.34336663907451265	0.35659397503335094	0.30003938589213647
21627	0.34819255865909404	0.3486773494261883	0.3031300919147176
21628	0.3551888557502601	0.3559723064252216	0.28883883782451836
21629	0.2991609165601318	0.3548734984895556	0.3459655849503126
21630	0.17002017322296786	0.3471081899272227	0.48287163684980944
21631	0.3551888557502601	0.3559723064252216	0.28883883782451836
21632	0.28317678018466924	0.32038792625560264	0.3964352935597282
21633	0.2827404127549139	0.36646924171116285	0.3507903455339232
21634	0.3551888557502601	0.3559723064252216	0.28883883782451836
21635	0.3551888557502601	0.3559723064252216	0.28883883782451836
21636	0.34909074185180605	0.3491589759072444	0.30175028224094946
21637	0.34909074185180605	0.3491589759072444	0.30175028224094946
21638	0.27764560553973733	0.36479596978094003	0.3575584246793227
21639	0.3419721105995253	0.3606568999874847	0.29737098941299
21640	0.3419721105995253	0.3606568999874847	0.29737098941299
21641	0.3551888557502601	0.3559723064252216	0.28883883782451836
21642	0.3551888557502601	0.3559723064252216	0.28883883782451836
21643	0.24249941084601334	0.37144648629581134	0.3860541028581753
21644	0.24316275151538835	0.37276510143949654	0.3840721470451151
21645	0.2979806202618934	0.34802471823694486	0.3539946615011618
21646	0.3545844615573857	0.33694754954472256	0.3084679888978917
21647	0.3551888557502601	0.3559723064252216	0.28883883782451836
21648	0.2917646461465779	0.3676778459192209	0.3405575079342012
21649	0.34713801533905203	0.3550496486341399	0.29781233602680807
21650	0.20975914910096058	0.3672471360019803	0.42299371489705917
21651	0.272070334946422	0.3683205375455851	0.3596091275079929
21652	0.3551888557502601	0.3559723064252216	0.28883883782451836
21653	0.361344565439793	0.36077312104092346	0.27788231351928366
21654	0.361344565439793	0.36077312104092346	0.27788231351928366
21655	0.26719430665034927	0.3621637280430187	0.3706419653066321
21656	0.27495787570085417	0.362548880455747	0.3624932438433987
21657	0.24793043580611543	0.30576699780291483	0.44630256639096977
21658	0.31913409798338455	0.3043275108416283	0.3765383911749872
21659	0.3551888557502601	0.3559723064252216	0.28883883782451836
21660	0.34131926529996826	0.34231396198372643	0.3163667727163053
21661	0.2832237667221457	0.36619562101801634	0.35058061225983794
21662	0.3557360391889283	0.3556465147648117	0.2886174460462601
21663	0.39518452926950287	0.31245182576884345	0.29236364496165357
21664	0.34892379485584923	0.3496934264987467	0.30138277864540397
21665	0.3414867328049416	0.35995599790286265	0.29855726929219567
21666	0.36198122150382656	0.36084256977776097	0.2771762087184124
21667	0.2365841776344168	0.36335300453945785	0.40006281782612535
21668	0.2992819148077587	0.35277707082763576	0.3479410143646055
21669	0.34736105713319676	0.34822148583411633	0.3044174570326868
21670	0.3536733142324995	0.3545493786734201	0.2917773070940803
21671	0.3557360391889283	0.3556465147648117	0.2886174460462601
21672	0.3557360391889283	0.3556465147648117	0.2886174460462601
21673	0.3544488243041084	0.3552775066042779	0.2902736690916137
21674	0.354481391126765	0.3549749378762612	0.2905436709969738
21675	0.3551888557502601	0.3559723064252216	0.28883883782451836
21676	0.2746381806870098	0.36352669263032883	0.3618351266826613
21677	0.3551888557502601	0.3559723064252216	0.28883883782451836
21678	0.2740821202179355	0.36107515883260327	0.3648427209494612
21679	0.3551888557502601	0.3559723064252216	0.28883883782451836
21680	0.3415094170393405	0.34934369195477244	0.309146891005887
21681	0.35296027390509854	0.3535473882517249	0.2934923378431766
21682	0.2750092614616542	0.362578005332574	0.3624127332057718
21683	0.34263200293782553	0.3613739547950392	0.29599404226713527
21684	0.4012905126950585	0.33940543809284945	0.25930404921209205
21685	0.35407184613502635	0.35485362841168155	0.29107452545329215
21686	0.29561440033413494	0.3291854428686493	0.37520015679721574
21687	0.29561440033413494	0.3291854428686493	0.37520015679721574
21688	0.27762799988912995	0.3650006469733642	0.3573713531375059
21689	0.358049847506321	0.3574777553056585	0.2844723971880204
21690	0.3551888557502601	0.3559723064252216	0.28883883782451836
21691	0.31257927395204055	0.36500370293332646	0.32241702311463305
21692	0.30866394468969743	0.3602660766976521	0.33106997861265053
21693	0.24356142956069798	0.3226577012577623	0.4337808691815398
21694	0.32246358971440287	0.32317485729198103	0.35436155299361605
21695	0.3585818601190252	0.35715348336388925	0.2842646565170856
21696	0.3551888557502601	0.3559723064252216	0.28883883782451836
21697	0.3551888557502601	0.3559723064252216	0.28883883782451836
21698	0.35403556344534787	0.35506731883825904	0.2908971177163931
21699	0.35403556344534787	0.35506731883825904	0.2908971177163931
21700	0.36497266169899356	0.31209158640629553	0.3229357518947109
21701	0.3585991518176723	0.3571483084791858	0.2842525397031418
21702	0.2778954641384754	0.3542823848369221	0.3678221510246024
21703	0.3233138414755093	0.34591682876810714	0.3307693297563836
21704	0.3557360391889283	0.3556465147648117	0.2886174460462601
21705	0.20358129998097846	0.36273319063480636	0.43368550938421524
21706	0.27287640679905534	0.368341247461883	0.3587823457390616
21707	0.35403556344534787	0.35506731883825904	0.2908971177163931
21708	0.2750092614616542	0.362578005332574	0.3624127332057718
21709	0.2750092614616542	0.362578005332574	0.3624127332057718
21710	0.3544414774493444	0.3558084361915387	0.2897500863591169
21711	0.358049847506321	0.3574777553056585	0.2844723971880204
21712	0.39003090868607126	0.3512433833172196	0.25872570799670913
21713	0.3551888557502601	0.3559723064252216	0.28883883782451836
21714	0.3545844615573857	0.33694754954472256	0.3084679888978917
21715	0.35292749786627486	0.3555411673518593	0.2915313347818658
21716	0.3551888557502601	0.3559723064252216	0.28883883782451836
21717	0.3544488243041084	0.3552775066042779	0.2902736690916137
21718	0.34089109614038254	0.36138446273691055	0.2977244411227069
21719	0.20816844765912298	0.24537929098367744	0.5464522613571996
21720	0.3020816422230411	0.3655648422357171	0.33235351554124176
21721	0.3020816422230411	0.3655648422357171	0.33235351554124176
21722	0.3431120340582503	0.3555696009728077	0.30131836496894193
21723	0.35177183026522946	0.35462747907238046	0.29360069066239
21724	0.35403556344534787	0.35506731883825904	0.2908971177163931
21725	0.26371695864797734	0.38541122805086303	0.35087181330115963
21726	0.34169630942126394	0.377789560348548	0.2805141302301881
21727	0.35560578773035534	0.32511934031093326	0.31927487195871135
21728	0.3120669913988442	0.36530121429197104	0.3226317943091849
21729	0.2934175799750157	0.36366189567517637	0.34292052434980774
21730	0.27282124754328946	0.3606440022190968	0.3665347502376138
21731	0.35327260006466055	0.3537899014565089	0.29293749847883055
21732	0.33958276152392053	0.36142676055328876	0.2989904779227906
21733	0.34891597355110543	0.3496855879423173	0.30139843850657727
21734	0.3536733142324995	0.3545493786734201	0.2917773070940803
21735	0.358049847506321	0.3574777553056585	0.2844723971880204
21736	0.18608128801389276	0.34957389331875693	0.4643448186673502
21737	0.295793248357682	0.3472624643904175	0.3569442872519004
21738	0.3551888557502601	0.3559723064252216	0.28883883782451836
21739	0.3551888557502601	0.3559723064252216	0.28883883782451836
21740	0.3551888557502601	0.3559723064252216	0.28883883782451836
21741	0.3551888557502601	0.3559723064252216	0.28883883782451836
21742	0.3551888557502601	0.3559723064252216	0.28883883782451836
21743	0.35456224447738244	0.3549294573259126	0.29050829819670493
21744	0.3041944797868438	0.3613535932219878	0.3344519269911684
21745	0.3551888557502601	0.3559723064252216	0.28883883782451836
21746	0.3551888557502601	0.3559723064252216	0.28883883782451836
21747	0.3288063243087209	0.3624103154725795	0.30878336021869957
21748	0.2508908047779418	0.3509722865062513	0.398136908715807
21749	0.3290303692036368	0.348705678234748	0.3222639525616151
21750	0.2643110990544803	0.3712333947980193	0.36445550614750033
21751	0.3551888557502601	0.3559723064252216	0.28883883782451836
21752	0.3136111730661129	0.3614741353344004	0.3249146915994866
21753	0.32145317911109833	0.3579585669982655	0.32058825389063617
21754	0.3533286241303803	0.354155481321006	0.2925158945486137
21755	0.22385130330370312	0.34530288616349303	0.4308458105328039
21756	0.3544414774493444	0.3558084361915387	0.2897500863591169
21757	0.3544414774493444	0.3558084361915387	0.2897500863591169
21758	0.35416981349194304	0.35513373714463997	0.29069644936341704
21759	0.23325833739856577	0.36874522649298136	0.39799643610845287
21760	0.358049847506321	0.3574777553056585	0.2844723971880204
21761	0.358049847506321	0.3574777553056585	0.2844723971880204
21762	0.3551888557502601	0.3559723064252216	0.28883883782451836
21763	0.27452327387221737	0.36367436604854714	0.3618023600792355
21764	0.3551888557502601	0.3559723064252216	0.28883883782451836
21765	0.34260143075533034	0.3614013164242949	0.2959972528203748
21766	0.3425116349613084	0.34326712311011726	0.3142212419285743
21767	0.3551888557502601	0.3559723064252216	0.28883883782451836
21768	0.358049847506321	0.3574777553056585	0.2844723971880204
21769	0.358049847506321	0.3574777553056585	0.2844723971880204
21770	0.33504434730927474	0.3427303125995962	0.322225340091129
21771	0.34597888438639374	0.3541142751532355	0.29990684046037075
21772	0.27323431491351	0.3415663641959537	0.38519932089053627
21773	0.3130812098257183	0.35838463877928856	0.32853415139499315
21774	0.3456382042420543	0.3678717256496013	0.2864900701083443
21775	0.3551888557502601	0.3559723064252216	0.28883883782451836
21776	0.34819495622960817	0.34867975033485543	0.3031252934355364
21777	0.3551888557502601	0.3559723064252216	0.28883883782451836
21778	0.3585991518176723	0.3571483084791858	0.2842525397031418
21779	0.3585991518176723	0.3571483084791858	0.2842525397031418
21780	0.344440455753053	0.35055890643023646	0.3050006378167105
21781	0.3425909485732079	0.36146772957249124	0.29594132185430083
21782	0.3557360391889283	0.3556465147648117	0.2886174460462601
21783	0.3612001285913143	0.3602186667962868	0.2785812046123988
21784	0.34089109614038254	0.36138446273691055	0.2977244411227069
21785	0.3551888557502601	0.3559723064252216	0.28883883782451836
21786	0.3551888557502601	0.3559723064252216	0.28883883782451836
21787	0.352776847123763	0.3534381926101848	0.29378496026605216
21788	0.3207236796307175	0.3220123093596991	0.3572640110095834
21789	0.3551888557502601	0.3559723064252216	0.28883883782451836
21790	0.26228919981811766	0.36188413580258655	0.37582666437929585
21791	0.3129007483379963	0.36201208104888516	0.32508717061311854
21792	0.3212440459781247	0.3615548584389376	0.3172010955829378
21793	0.3551888557502601	0.3559723064252216	0.28883883782451836
21794	0.3551888557502601	0.3559723064252216	0.28883883782451836
21795	0.3533556260687714	0.3531806632043395	0.29346371072688904
21796	0.27990836729673385	0.3678222435830754	0.3522693891201907
21797	0.35401594642748	0.355253668795436	0.29073038477708385
21798	0.4036268486457532	0.3409431925650549	0.2554299587891919
21799	0.26530844153320016	0.37580472309851	0.3588868353682899
21800	0.3439470833926398	0.368879300941898	0.28717361566546223
21801	0.35504829304973146	0.35498729721824424	0.2899644097320243
21802	0.3551888557502601	0.3559723064252216	0.28883883782451836
21803	0.3551888557502601	0.3559723064252216	0.28883883782451836
21804	0.35065799018854055	0.35054851665479314	0.29879349315666637
21805	0.3551888557502601	0.3559723064252216	0.28883883782451836
21806	0.3520907812455416	0.3584929585703965	0.28941626018406186
21807	0.354481391126765	0.3549749378762612	0.2905436709969738
21808	0.3551888557502601	0.3559723064252216	0.28883883782451836
21809	0.354481391126765	0.3549749378762612	0.2905436709969738
21810	0.3551888557502601	0.3559723064252216	0.28883883782451836
21811	0.35440264040851466	0.33584214964256204	0.30975520994892325
21812	0.3688180035270323	0.3476440145538811	0.2835379819190865
21813	0.3396170725370244	0.3591215421021552	0.3012613853608205
21814	0.3551888557502601	0.3559723064252216	0.28883883782451836
21815	0.27358557218453794	0.36238814610404757	0.36402628171141455
21816	0.3557360391889283	0.3556465147648117	0.2886174460462601
21817	0.3557360391889283	0.3556465147648117	0.2886174460462601
21818	0.3546763893467245	0.35436262716772365	0.2909609834855519
21819	0.3546763893467245	0.35436262716772365	0.2909609834855519
21820	0.3456382042420543	0.3678717256496013	0.2864900701083443
21821	0.3551888557502601	0.3559723064252216	0.28883883782451836
21822	0.35401594642748	0.355253668795436	0.29073038477708385
21823	0.27641574608438574	0.37155877495309636	0.35202547896251785
21824	0.39003090868607126	0.3512433833172196	0.25872570799670913
21825	0.35403556344534787	0.35506731883825904	0.2908971177163931
21826	0.3615919599250567	0.36144138028612377	0.27696665978881946
21827	0.3615919599250567	0.36144138028612377	0.27696665978881946
21828	0.2820879220177528	0.3753642816463843	0.34254779633586296
21829	0.2918034456813148	0.35860841170481284	0.3495881426138724
21830	0.3557360391889283	0.3556465147648117	0.2886174460462601
21831	0.3551888557502601	0.3559723064252216	0.28883883782451836
21832	0.3551888557502601	0.3559723064252216	0.28883883782451836
21833	0.349786002694292	0.35352248873654096	0.29669150856916704
21834	0.2673240472263018	0.3611132708835565	0.3715626818901416
21835	0.34713801533905203	0.3550496486341399	0.29781233602680807
21836	0.3549267676708509	0.355295064531769	0.2897781677973801
21837	0.2754088373104174	0.36257128386072374	0.362019878828859
21838	0.3557360391889283	0.3556465147648117	0.2886174460462601
21839	0.27447019024019825	0.36137861593083703	0.36415119382896477
21840	0.2822042566266668	0.3641300634886181	0.3536656798847151
21841	0.351962765357574	0.3476021020394297	0.3004351326029963
21842	0.3477261237554169	0.3487394917344677	0.3035343845101154
21843	0.3477261237554169	0.3487394917344677	0.3035343845101154
21844	0.3557360391889283	0.3556465147648117	0.2886174460462601
21845	0.3551888557502601	0.3559723064252216	0.28883883782451836
21846	0.3213668967094203	0.35629618811253005	0.3223369151780496
21847	0.3557360391889283	0.3556465147648117	0.2886174460462601
21848	0.3551888557502601	0.3559723064252216	0.28883883782451836
21849	0.31549208004403223	0.31618797018115885	0.368319949774809
21850	0.3551888557502601	0.3559723064252216	0.28883883782451836
21851	0.3551888557502601	0.3559723064252216	0.28883883782451836
21852	0.2705352849157578	0.3725256422394404	0.35693907284480186
21853	0.3545818658923994	0.35474325154882647	0.290674882558774
21854	0.3530598387539107	0.3619484421101577	0.2849917191359316
21855	0.3551888557502601	0.3559723064252216	0.28883883782451836
21856	0.3551888557502601	0.3559723064252216	0.28883883782451836
21857	0.2989957120721028	0.3462127369126993	0.3547915510151979
21858	0.35478934141155066	0.3540149344089443	0.29119572417950496
21859	0.35478934141155066	0.3540149344089443	0.29119572417950496
21860	0.27450223571593957	0.3622732901998814	0.363224474084179
21861	0.35504829304973146	0.35498729721824424	0.2899644097320243
21862	0.2754088373104174	0.36257128386072374	0.362019878828859
21863	0.3557360391889283	0.3556465147648117	0.2886174460462601
21864	0.29139737002174676	0.3623537551646376	0.34624887481361566
21865	0.26026597472577756	0.3367808797714315	0.40295314550279093
21866	0.3585818601190252	0.35715348336388925	0.2842646565170856
21867	0.3551888557502601	0.3559723064252216	0.28883883782451836
21868	0.3544414774493444	0.3558084361915387	0.2897500863591169
21869	0.3544414774493444	0.3558084361915387	0.2897500863591169
21870	0.3542503106714249	0.35434166036318016	0.29140802896539497
21871	0.36150511728477924	0.3306549480575769	0.30783993465764387
21872	0.33307831977213864	0.37367011598839645	0.2932515642394649
21873	0.3424460102663686	0.3617564842758835	0.29579750545774774
21874	0.32145317911109833	0.3579585669982655	0.32058825389063617
21875	0.32145317911109833	0.3579585669982655	0.32058825389063617
21876	0.3551888557502601	0.3559723064252216	0.28883883782451836
21877	0.21804144254971375	0.37034843105584214	0.4116101263944441
21878	0.2898740148072841	0.37248098626441456	0.33764499892830124
21879	0.27518639939634393	0.3622738129284794	0.3625397876751767
21880	0.35081162600988813	0.34646600142206435	0.30272237256804757
21881	0.32939593339754875	0.3644454298817183	0.30615863672073296
21882	0.344440455753053	0.35055890643023646	0.3050006378167105
21883	0.3551888557502601	0.3559723064252216	0.28883883782451836
21884	0.28147187347214625	0.36956959425894137	0.3489585322689123
21885	0.33194496051481936	0.3128852769935072	0.35516976249167354
21886	0.2703254047432934	0.37366709578247526	0.35600749947423127
21887	0.2821192867370643	0.3683233729379588	0.34955734032497676
21888	0.32145317911109833	0.3579585669982655	0.32058825389063617
21889	0.29269433763227914	0.36281336672781406	0.34449229563990674
21890	0.3608974035271508	0.3582842374666203	0.28081835900622887
21891	0.34089109614038254	0.36138446273691055	0.2977244411227069
21892	0.35407184613502635	0.35485362841168155	0.29107452545329215
21893	0.34089109614038254	0.36138446273691055	0.2977244411227069
21894	0.34089109614038254	0.36138446273691055	0.2977244411227069
21895	0.3551888557502601	0.3559723064252216	0.28883883782451836
21896	0.28003027184017093	0.3678996207143054	0.3520701074455237
21897	0.35401594642748	0.355253668795436	0.29073038477708385
21898	0.3083663445900877	0.3687924640731471	0.32284119133676514
21899	0.31225956482538564	0.3576202574011709	0.33012017777344344
21900	0.354481391126765	0.3549749378762612	0.2905436709969738
21901	0.37176585099687265	0.3718846536686656	0.2563494953344618
21902	0.2454960389557107	0.3666300325635669	0.38787392848072233
21903	0.3551888557502601	0.3559723064252216	0.28883883782451836
21904	0.3444995430014795	0.3671319532665025	0.28836850373201794
21905	0.35401594642748	0.355253668795436	0.29073038477708385
21906	0.35401594642748	0.355253668795436	0.29073038477708385
21907	0.2673280137673804	0.3612716321036278	0.37140035412899175
21908	0.3551888557502601	0.3559723064252216	0.28883883782451836
21909	0.35498811294779864	0.3554833987773869	0.28952848827481437
21910	0.3557360391889283	0.3556465147648117	0.2886174460462601
21911	0.3557360391889283	0.3556465147648117	0.2886174460462601
21912	0.35504829304973146	0.35498729721824424	0.2899644097320243
21913	0.31163024564230263	0.3653559235389766	0.32301383081872087
21914	0.3446541369982391	0.36658656286180835	0.2887593001399526
21915	0.3541659153190448	0.3547170146679591	0.29111707001299625
21916	0.2086805110565416	0.33814343518571394	0.4531760537577444
21917	0.3551888557502601	0.3559723064252216	0.28883883782451836
21918	0.3424757257108913	0.343231134523439	0.3142931397656697
21919	0.31549208004403223	0.31618797018115885	0.368319949774809
21920	0.3551888557502601	0.3559723064252216	0.28883883782451836
21921	0.3551888557502601	0.3559723064252216	0.28883883782451836
21922	0.34123135688159667	0.34835300232754257	0.3104156407908608
21923	0.2943643528270643	0.3335089819260661	0.3721266652468695
21924	0.31471766653473	0.3607680657979294	0.3245142676673407
21925	0.3551888557502601	0.3559723064252216	0.28883883782451836
21926	0.3305900806286585	0.34449155181216146	0.32491836755917997
21927	0.34713801533905203	0.3550496486341399	0.29781233602680807
21928	0.3184523508892992	0.3645228051295129	0.3170248439811878
21929	0.3211558063686919	0.3581021695781866	0.32074202405312163
21930	0.3415094170393405	0.34934369195477244	0.309146891005887
21931	0.3546044735721413	0.3532992799578664	0.29209624646999227
21932	0.33006647545557527	0.37453280036714526	0.2954007241772795
21933	0.33006647545557527	0.37453280036714526	0.2954007241772795
21934	0.22561033238737624	0.36719921540239414	0.4071904522102296
21935	0.22561033238737624	0.36719921540239414	0.4071904522102296
21936	0.3481547479848977	0.34896871507292937	0.302876536942173
21937	0.3544488243041084	0.3552775066042779	0.2902736690916137
21938	0.3456298479025813	0.367770107186855	0.2866000449105639
21939	0.3465162249816708	0.3569914405831448	0.2964923344351843
21940	0.3551888557502601	0.3559723064252216	0.28883883782451836
21941	0.3551888557502601	0.3559723064252216	0.28883883782451836
21942	0.3486707915958213	0.34873284436062724	0.30259636404355156
21943	0.37960256436913065	0.3200400301973807	0.3003574054334887
21944	0.26320525174224313	0.34650546068707544	0.3902892875706814
21945	0.2749340166440519	0.36283585681773234	0.36223012653821574
21946	0.3551888557502601	0.3559723064252216	0.28883883782451836
21947	0.2816392875855828	0.36530011465183115	0.353060597762586
21948	0.35403556344534787	0.35506731883825904	0.2908971177163931
21949	0.3557360391889283	0.3556465147648117	0.2886174460462601
21950	0.3551888557502601	0.3559723064252216	0.28883883782451836
21951	0.3551888557502601	0.3559723064252216	0.28883883782451836
21952	0.3551888557502601	0.3559723064252216	0.28883883782451836
21953	0.3551888557502601	0.3559723064252216	0.28883883782451836
21954	0.3422935248425497	0.34192963650728564	0.31577683865016476
21955	0.3557360391889283	0.3556465147648117	0.2886174460462601
21956	0.3557360391889283	0.3556465147648117	0.2886174460462601
21957	0.27444841441794754	0.3624137112322298	0.36313787434982253
21958	0.3551888557502601	0.3559723064252216	0.28883883782451836
21959	0.3535288287296252	0.35393687657421297	0.29253429469616177
21960	0.3549267676708509	0.355295064531769	0.2897781677973801
21961	0.3549267676708509	0.355295064531769	0.2897781677973801
21962	0.3415094170393405	0.34934369195477244	0.309146891005887
21963	0.3551888557502601	0.3559723064252216	0.28883883782451836
21964	0.3551888557502601	0.3559723064252216	0.28883883782451836
21965	0.3544447616202264	0.3533119048386087	0.29224333354116483
21966	0.35364380498349873	0.3534266588523612	0.2929295361641401
21967	0.3663634801196713	0.367974080204413	0.2656624396759157
21968	0.3459337951861445	0.3532367124662383	0.3008294923476173
21969	0.29983754614537156	0.3063137309146307	0.39384872293999773
21970	0.34298394096108525	0.36143633532952946	0.29557972370938534
21971	0.34298394096108525	0.36143633532952946	0.29557972370938534
21972	0.3551888557502601	0.3559723064252216	0.28883883782451836
21973	0.3551888557502601	0.3559723064252216	0.28883883782451836
21974	0.3494835402478491	0.34939558932572645	0.30112087042642444
21975	0.3494835402478491	0.34939558932572645	0.30112087042642444
21976	0.3551888557502601	0.3559723064252216	0.28883883782451836
21977	0.35688578171166463	0.3565898191227209	0.2865243991656144
21978	0.30234144220211273	0.3649469470181298	0.33271161077975736
21979	0.35010433021672827	0.36645130607273657	0.28344436371053516
21980	0.2262729331416644	0.34908805965223966	0.42463900720609604
21981	0.35401594642748	0.355253668795436	0.29073038477708385
21982	0.300070624110268	0.3182886727826863	0.38164070310704573
21983	0.3617503255624191	0.3419214740770313	0.2963282003605496
21984	0.3417574247055448	0.3422332557923661	0.3160093195020891
21985	0.3872864748836954	0.3071207223568544	0.3055928027594502
21986	0.26274812724707763	0.346537476994668	0.3907143957582543
21987	0.26274812724707763	0.346537476994668	0.3907143957582543
21988	0.2750092614616542	0.362578005332574	0.3624127332057718
21989	0.35401594642748	0.355253668795436	0.29073038477708385
21990	0.34110145306997225	0.32413518136923236	0.33476336556079545
21991	0.2152758751080207	0.3634696055527559	0.4212545193392235
21992	0.34694469449111753	0.34745272985338965	0.30560257565549276
21993	0.35403556344534787	0.35506731883825904	0.2908971177163931
21994	0.2968141386235168	0.3469074165945271	0.3562784447819561
21995	0.3557360391889283	0.3556465147648117	0.2886174460462601
21996	0.35152220499258285	0.35589810026485924	0.2925796947425578
21997	0.2623030809926335	0.37387505853726405	0.36382186047010245
21998	0.2922214006294764	0.3649809666784827	0.3427976326920409
21999	0.3551888557502601	0.3559723064252216	0.28883883782451836
22000	0.3557360391889283	0.3556465147648117	0.2886174460462601
22001	0.3557360391889283	0.3556465147648117	0.2886174460462601
22002	0.28147187347214625	0.36956959425894137	0.3489585322689123
22003	0.281798658550425	0.36433169551462435	0.3538696459349507
22004	0.3148220701918238	0.3671506782897368	0.3180272515184394
22005	0.34673063968220746	0.36982275718813423	0.2834466031296583
22006	0.34673063968220746	0.36982275718813423	0.2834466031296583
22007	0.27495046535084294	0.36263109297814866	0.3624184416710085
22008	0.21201100586871005	0.36162774802831243	0.42636124610297765
22009	0.35403556344534787	0.35506731883825904	0.2908971177163931
22010	0.30965977641525294	0.33884375068236433	0.35149647290238273
22011	0.3091983919253407	0.35850782373226603	0.3322937843423933
22012	0.35347301899906336	0.35521760067809816	0.29130938032283854
22013	0.3458510737967987	0.3533072746724444	0.3008416515307569
22014	0.2746381806870098	0.36352669263032883	0.3618351266826613
22015	0.358049847506321	0.3574777553056585	0.2844723971880204
22016	0.3551888557502601	0.3559723064252216	0.28883883782451836
22017	0.2315251479519142	0.35509190401103813	0.4133829480370477
22018	0.27452327387221737	0.36367436604854714	0.3618023600792355
22019	0.3551888557502601	0.3559723064252216	0.28883883782451836
22020	0.3585818601190252	0.35715348336388925	0.2842646565170856
22021	0.262288945566965	0.3708863835291225	0.3668246709039124
22022	0.3551888557502601	0.3559723064252216	0.28883883782451836
22023	0.41028545224924434	0.34957608083844205	0.24013846691231358
22024	0.3608974035271508	0.3582842374666203	0.28081835900622887
22025	0.3193471765118229	0.3625393175691511	0.31811350591902593
22026	0.2769572822962869	0.36449102411591927	0.3585516935877937
22027	0.2769572822962869	0.36449102411591927	0.3585516935877937
22028	0.4070269474193282	0.3225609259225256	0.27041212665814623
22029	0.3866413515439388	0.3346013852133703	0.27875726324269084
22030	0.3401592995170474	0.36065624609369346	0.2991844543892593
22031	0.2746922327740987	0.36338609643834785	0.36192167078755355
22032	0.2202357721571415	0.35896721778403273	0.42079701005882575
22033	0.29308242644390936	0.3613932748359205	0.3455242987201701
22034	0.3200066378223704	0.35707306412969625	0.3229202980479333
22035	0.3200066378223704	0.35707306412969625	0.3229202980479333
22036	0.28401865463267445	0.3620886962418992	0.35389264912542634
22037	0.3551888557502601	0.3559723064252216	0.28883883782451836
22038	0.3551888557502601	0.3559723064252216	0.28883883782451836
22039	0.3551888557502601	0.3559723064252216	0.28883883782451836
22040	0.3465162249816708	0.3569914405831448	0.2964923344351843
22041	0.3491348469597388	0.3487799741426079	0.3020851788976533
22042	0.24408091294226109	0.3583505744505044	0.39756851260723447
22043	0.3208227967527885	0.3566325640721383	0.3225446391750732
22044	0.31772072224601705	0.3695510983357911	0.31272817941819187
22045	0.27287640679905534	0.368341247461883	0.3587823457390616
22046	0.27287640679905534	0.368341247461883	0.3587823457390616
22047	0.3557360391889283	0.3556465147648117	0.2886174460462601
22048	0.2718899930616276	0.3672661892396695	0.3608438176987029
22049	0.35508899903206026	0.35353594829993445	0.29137505266800534
22050	0.35152220499258285	0.35589810026485924	0.2925796947425578
22051	0.2716975295164578	0.34638078390168736	0.3819216865818547
22052	0.35299418960219914	0.3544106883619798	0.29259512203582105
22053	0.3557360391889283	0.3556465147648117	0.2886174460462601
22054	0.20438731179539976	0.3228884923139221	0.4727241958906782
22055	0.275911370333088	0.330219859120189	0.393868770546723
22056	0.27539252744769627	0.32736427015423664	0.3972432023980671
22057	0.3211291344980872	0.33482667696010804	0.3440441885418047
22058	0.3551888557502601	0.3559723064252216	0.28883883782451836
22059	0.2808100978396067	0.33873990690778205	0.3804499952526112
22060	0.35217056741291913	0.3160261103435215	0.33180332224355935
22061	0.2754841536809974	0.36231354359227824	0.3622023027267244
22062	0.3551888557502601	0.3559723064252216	0.28883883782451836
22063	0.2746922327740987	0.36338609643834785	0.36192167078755355
22064	0.2562033137130413	0.35724728730622557	0.3865493989807332
22065	0.31522993630815016	0.31517578093337	0.3695942827584799
22066	0.3362800610175744	0.3552428381664361	0.30847710081598945
22067	0.339951766295315	0.3596925545001758	0.3003556792045093
22068	0.275925591619498	0.36016482172755243	0.36390958665294965
22069	0.275925591619498	0.36016482172755243	0.36390958665294965
22070	0.27198141298157175	0.35929272671447515	0.3687258603039531
22071	0.34783604833868487	0.3491120979836146	0.3030518536777005
22072	0.34783604833868487	0.3491120979836146	0.3030518536777005
22073	0.2749340166440519	0.36283585681773234	0.36223012653821574
22074	0.3551888557502601	0.3559723064252216	0.28883883782451836
22075	0.24526140928732584	0.31789146007653124	0.43684713063614294
22076	0.31549208004403223	0.31618797018115885	0.368319949774809
22077	0.35347301899906336	0.35521760067809816	0.29130938032283854
22078	0.30899236575991973	0.3153963205295503	0.37561131371052986
22079	0.2746922327740987	0.36338609643834785	0.36192167078755355
22080	0.3551888557502601	0.3559723064252216	0.28883883782451836
22081	0.3499885458947333	0.3566289747283525	0.29338247937691425
22082	0.2421725273137006	0.3209455567490535	0.4368819159372459
22083	0.3207740695605209	0.3220629017501471	0.3571630286893318
22084	0.34869639048455114	0.3486546279805118	0.302648981534937
22085	0.3549954370844126	0.35495292015914537	0.29005164275644213
22086	0.3551888557502601	0.3559723064252216	0.28883883782451836
22087	0.3224543447828173	0.3231655919684526	0.3543800632487301
22088	0.3142174319709132	0.31513314638590145	0.3706494216431853
22089	0.3551888557502601	0.3559723064252216	0.28883883782451836
22090	0.3551888557502601	0.3559723064252216	0.28883883782451836
22091	0.2969654311284107	0.34616492628033013	0.35686964259125925
22092	0.3580325677473055	0.35748292043830576	0.2844845118143888
22093	0.3415094170393405	0.34934369195477244	0.309146891005887
22094	0.3627952271785066	0.3315018148710912	0.30570295795040225
22095	0.31514749055159885	0.3566678955927695	0.3281846138556315
22096	0.3551888557502601	0.3559723064252216	0.28883883782451836
22097	0.342435183384626	0.3612813411624592	0.2962834754529149
22098	0.3417345076362946	0.36024947532207635	0.29801601704162906
22099	0.3551888557502601	0.3559723064252216	0.28883883782451836
22100	0.29990293055926914	0.35570677062186645	0.3443902988188644
22101	0.2746922327740987	0.36338609643834785	0.36192167078755355
22102	0.3551888557502601	0.3559723064252216	0.28883883782451836
22103	0.3557360391889283	0.3556465147648117	0.2886174460462601
22104	0.31097119888193464	0.3640193110108981	0.32500949010716723
22105	0.3551888557502601	0.3559723064252216	0.28883883782451836
22106	0.3544488243041084	0.3552775066042779	0.2902736690916137
22107	0.28147187347214625	0.36956959425894137	0.3489585322689123
22108	0.2827173056429143	0.36107211262438293	0.35621058173270276
22109	0.33793997635479744	0.3501880899550892	0.31187193369011335
22110	0.3144159092749368	0.3398138080034074	0.3457702827216558
22111	0.3334782988836837	0.3604160199510495	0.3061056811652668
22112	0.32189923846592045	0.36419875056349554	0.3139020109705841
22113	0.27927005382047354	0.3622038237609834	0.358526122418543
22114	0.33364683710267756	0.3748220892242948	0.2915310736730277
22115	0.3551888557502601	0.3559723064252216	0.28883883782451836
22116	0.3541299382064481	0.35596761165454754	0.2899024501390043
22117	0.3541299382064481	0.35596761165454754	0.2899024501390043
22118	0.3207536787616817	0.3633699537828027	0.31587636745551556
22119	0.3542978284435347	0.3542514095111642	0.2914507620453011
22120	0.33507010187692043	0.3427566579807106	0.322173240142369
22121	0.34713801533905203	0.3550496486341399	0.29781233602680807
22122	0.34713801533905203	0.3550496486341399	0.29781233602680807
22123	0.34887819750031157	0.34964772856775916	0.3014740739319293
22124	0.32197354539155365	0.3576588994632414	0.320367555145205
22125	0.32197354539155365	0.3576588994632414	0.320367555145205
22126	0.3551888557502601	0.3559723064252216	0.28883883782451836
22127	0.3551888557502601	0.3559723064252216	0.28883883782451836
22128	0.22977469369699915	0.36079447995454633	0.4094308263484545
22129	0.3041944797868438	0.3613535932219878	0.3344519269911684
22130	0.34891407084117526	0.34968368103552294	0.3014022481233018
22131	0.34891407084117526	0.34968368103552294	0.3014022481233018
22132	0.31561243328335725	0.31529163364219365	0.36909593307444893
22133	0.3622282953302558	0.35992793929433453	0.2778437653754096
22134	0.2851944576263003	0.3453511115747139	0.3694544307989859
22135	0.3551888557502601	0.3559723064252216	0.28883883782451836
22136	0.34413297403789195	0.3390638087611242	0.31680321720098387
22137	0.3359687442102096	0.3367098005106993	0.3273214552790911
22138	0.3559658706955149	0.35473212013948147	0.28930200916500365
22139	0.2749340166440519	0.36283585681773234	0.36223012653821574
22140	0.3551888557502601	0.3559723064252216	0.28883883782451836
22141	0.34587638510181695	0.3669416782019656	0.28718193669621744
22142	0.35541857046052966	0.3550573106480008	0.2895241188914697
22143	0.2740821202179355	0.36107515883260327	0.3648427209494612
22144	0.2740821202179355	0.36107515883260327	0.3648427209494612
22145	0.35403556344534787	0.35506731883825904	0.2908971177163931
22146	0.3690785733261489	0.34830439490542764	0.28261703176842334
22147	0.3551888557502601	0.3559723064252216	0.28883883782451836
22148	0.3551888557502601	0.3559723064252216	0.28883883782451836
22149	0.2746381806870098	0.36352669263032883	0.3618351266826613
22150	0.3551888557502601	0.3559723064252216	0.28883883782451836
22151	0.3551888557502601	0.3559723064252216	0.28883883782451836
22152	0.27641574608438574	0.37155877495309636	0.35202547896251785
22153	0.3566555452634541	0.36299046205798274	0.2803539926785631
22154	0.25493309073062936	0.3632606864909659	0.38180622277840487
22155	0.32145317911109833	0.3579585669982655	0.32058825389063617
22156	0.3003408686873102	0.33843877158145247	0.36122035973123734
22157	0.3572073345414948	0.35794516439045554	0.28484750106804974
22158	0.36684753928778674	0.3461496958126103	0.28700276489960297
22159	0.3551888557502601	0.3559723064252216	0.28883883782451836
22160	0.31316852923865146	0.3491295995712922	0.3377018711900564
22161	0.27452327387221737	0.36367436604854714	0.3618023600792355
22162	0.3551888557502601	0.3559723064252216	0.28883883782451836
22163	0.3551888557502601	0.3559723064252216	0.28883883782451836
22164	0.34587638510181695	0.3669416782019656	0.28718193669621744
22165	0.293247178012033	0.3641370119279095	0.3426158100600574
22166	0.3551888557502601	0.3559723064252216	0.28883883782451836
22167	0.3544414774493444	0.3558084361915387	0.2897500863591169
22168	0.3544414774493444	0.3558084361915387	0.2897500863591169
22169	0.3551888557502601	0.3559723064252216	0.28883883782451836
22170	0.3580325677473055	0.35748292043830576	0.2844845118143888
22171	0.3142174319709132	0.31513314638590145	0.3706494216431853
22172	0.3551888557502601	0.3559723064252216	0.28883883782451836
22173	0.3551888557502601	0.3559723064252216	0.28883883782451836
22174	0.3544414774493444	0.3558084361915387	0.2897500863591169
22175	0.3557360391889283	0.3556465147648117	0.2886174460462601
22176	0.3330401080974682	0.3321554019033558	0.334804489999176
22177	0.2989795462190806	0.333722096614226	0.36729835716669335
22178	0.32431945387032374	0.3722436492726762	0.3034368968570001
22179	0.3334782988836837	0.3604160199510495	0.3061056811652668
22180	0.36052785465384724	0.33936612491715556	0.3001060204289972
22181	0.31610740611262833	0.36936252522489776	0.3145300686624739
22182	0.34767920604148744	0.35473124134229705	0.29758955261621545
22183	0.35401594642748	0.355253668795436	0.29073038477708385
22184	0.35401594642748	0.355253668795436	0.29073038477708385
22185	0.36198122150382656	0.36084256977776097	0.2771762087184124
22186	0.2749340166440519	0.36283585681773234	0.36223012653821574
22187	0.3551888557502601	0.3559723064252216	0.28883883782451836
22188	0.3551888557502601	0.3559723064252216	0.28883883782451836
22189	0.22474605913906606	0.30827927937477045	0.46697466148616357
22190	0.34713801533905203	0.3550496486341399	0.29781233602680807
22191	0.35480285986508314	0.3543344942240327	0.2908626459108842
22192	0.3514810222314361	0.3542988871482262	0.29422009062033766
22193	0.3687869559447542	0.36916748255251725	0.2620455615027286
22194	0.3551888557502601	0.3559723064252216	0.28883883782451836
22195	0.3544414774493444	0.3558084361915387	0.2897500863591169
22196	0.3544414774493444	0.3558084361915387	0.2897500863591169
22197	0.32091608423309764	0.36283617993399225	0.3162477358329101
22198	0.2517891114536357	0.37021532294687604	0.37799556559948816
22199	0.32896096915473166	0.3662210527843927	0.3048179780608755
22200	0.3557360391889283	0.3556465147648117	0.2886174460462601
22201	0.3557360391889283	0.3556465147648117	0.2886174460462601
22202	0.3424183553424957	0.3621380653166052	0.29544357934089904
22203	0.27518639939634393	0.3622738129284794	0.3625397876751767
22204	0.2318125919167312	0.3693229041173182	0.3988645039659506
22205	0.35397030246734545	0.3539186827023941	0.2921110148302603
22206	0.33978618215272705	0.3602139320199433	0.29999988582732967
22207	0.2303478683635505	0.35246063256664234	0.417191499069807
22208	0.3551888557502601	0.3559723064252216	0.28883883782451836
22209	0.33469897564588386	0.35482009023366073	0.31048093412045547
22210	0.3481411452728455	0.3489550805584675	0.302903774168687
22211	0.26784847735021705	0.3545862284568109	0.37756529419297186
22212	0.27112886799540037	0.3605025089064845	0.36836862309811513
22213	0.3551888557502601	0.3559723064252216	0.28883883782451836
22214	0.36931803457290524	0.347401014451701	0.28328095097539374
22215	0.3551888557502601	0.3559723064252216	0.28883883782451836
22216	0.3551888557502601	0.3559723064252216	0.28883883782451836
22217	0.24526140928732584	0.31789146007653124	0.43684713063614294
22218	0.31549208004403223	0.31618797018115885	0.368319949774809
22219	0.3573147854410794	0.3567909312903663	0.2858942832685544
22220	0.32169157277620736	0.32293222627243795	0.3553762009513547
22221	0.3551888557502601	0.3559723064252216	0.28883883782451836
22222	0.3048838920848794	0.3595315337150734	0.3355845742000473
22223	0.3551888557502601	0.3559723064252216	0.28883883782451836
22224	0.3424830640892734	0.36169491571442414	0.2958220201963024
22225	0.23690864387001495	0.36627113896153024	0.3968202171684548
22226	0.3120669913988442	0.36530121429197104	0.3226317943091849
22227	0.27390599515453007	0.36137874326034986	0.36471526158512
22228	0.3608974035271508	0.3582842374666203	0.28081835900622887
22229	0.3608974035271508	0.3582842374666203	0.28081835900622887
22230	0.32564980384443154	0.3580635691415347	0.31628662701403376
22231	0.2957031185583634	0.3662787078269878	0.3380181736146488
22232	0.3551888557502601	0.3559723064252216	0.28883883782451836
22233	0.3551888557502601	0.3559723064252216	0.28883883782451836
22234	0.3551888557502601	0.3559723064252216	0.28883883782451836
22235	0.3551888557502601	0.3559723064252216	0.28883883782451836
22236	0.35407184613502635	0.35485362841168155	0.29107452545329215
22237	0.389400394517468	0.3085746551869108	0.3020249502956212
22238	0.34889129086360837	0.3481913589788131	0.3029173501575785
22239	0.3477216537934398	0.34893736984540286	0.30334097636115737
22240	0.2827404127549139	0.36646924171116285	0.3507903455339232
22241	0.31561243328335725	0.31529163364219365	0.36909593307444893
22242	0.3551888557502601	0.3559723064252216	0.28883883782451836
22243	0.3011184265859742	0.3186605634434593	0.3802210099705665
22244	0.3551888557502601	0.3559723064252216	0.28883883782451836
22245	0.3551888557502601	0.3559723064252216	0.28883883782451836
22246	0.34713801533905203	0.3550496486341399	0.29781233602680807
22247	0.338515820778558	0.3559124901265454	0.30557168909489657
22248	0.38620205583170114	0.3072060743756543	0.3065918697926445
22249	0.27452327387221737	0.36367436604854714	0.3618023600792355
22250	0.3657392992501999	0.3260136787525341	0.30824702199726606
22251	0.3551888557502601	0.3559723064252216	0.28883883782451836
