30902	0.3058033262891691	0.3813468148790382	0.3128498588317928
30903	0.16561879666104054	0.3823702565872178	0.4520109467517418
30904	0.367711699328733	0.36848956826244234	0.26379873240882473
30905	0.3680435551309247	0.3695932604768607	0.2623631843922146
30906	0.36523675569777786	0.3460416577645169	0.28872158653770513
30907	0.2922506451036809	0.32993937058568545	0.3778099843106336
30908	0.27229854326614944	0.3909313439062077	0.33677011282764274
30909	0.23468439659928425	0.3798702263143244	0.3854453770863913
30910	0.15297030058391928	0.3578378599593655	0.4891918394567152
30911	0.36951019384154155	0.36976664331594983	0.2607231628425086
30912	0.36951019384154155	0.36976664331594983	0.2607231628425086
30913	0.236605880866388	0.29688006185237015	0.4665140572812418
30914	0.26177484296921627	0.3785797173599858	0.35964543967079793
30915	0.36951019384154155	0.36976664331594983	0.2607231628425086
30916	0.14770969494548533	0.287841905751065	0.5644483993034498
30917	0.31573805462241306	0.3706925387202307	0.3135694066573563
30918	0.36951019384154155	0.36976664331594983	0.2607231628425086
30919	0.20989499182819993	0.37154599527290794	0.41855901289889214
30920	0.3572376697534674	0.3711604190394132	0.2716019112071194
30921	0.4039390328445585	0.36105148619896665	0.2350094809564748
30922	0.4061213210887575	0.3703740217328073	0.2235046571784352
30923	0.2654286546684645	0.39309748405366834	0.3414738612778671
30924	0.36951019384154155	0.36976664331594983	0.2607231628425086
30925	0.27732358565838405	0.3782023244337704	0.3444740899078456
30926	0.27732358565838405	0.3782023244337704	0.3444740899078456
30927	0.24942667276136946	0.3637881927029628	0.38678513453566765
30928	0.36951019384154155	0.36976664331594983	0.2607231628425086
30929	0.3635930643778618	0.36384540721389785	0.2725615284082404
30930	0.3635930643778618	0.36384540721389785	0.2725615284082404
30931	0.36951019384154155	0.36976664331594983	0.2607231628425086
30932	0.36926491356101554	0.3690044127868973	0.26173067365208724
30933	0.32036810176882985	0.37371383626727156	0.30591806196389854
30934	0.2612645373546418	0.37968921129911526	0.359046251346243
30935	0.36951019384154155	0.36976664331594983	0.2607231628425086
30936	0.3676253681015889	0.36953508898150095	0.26283954291691003
30937	0.36951019384154155	0.36976664331594983	0.2607231628425086
30938	0.4176477430889051	0.336418841485611	0.24593341542548375
30939	0.4061213210887575	0.3703740217328073	0.2235046571784352
30940	0.3359608694321823	0.3691666200587165	0.29487251050910124
30941	0.29203496785605626	0.3424156608148617	0.36554937132908205
30942	0.31972374130666814	0.37494873782622345	0.3053275208671083
30943	0.31972374130666814	0.37494873782622345	0.3053275208671083
30944	0.3577661227317501	0.38010838832330696	0.2621254889449429
30945	0.18243895181080133	0.36078403137820203	0.4567770168109966
30946	0.2736560225893847	0.3744610244504638	0.35188295296015154
30947	0.2512002828848621	0.366499359666137	0.3823003574490009
30948	0.26213695388681896	0.3743471309735001	0.36351591513968096
30949	0.36951019384154155	0.36976664331594983	0.2607231628425086
30950	0.36951019384154155	0.36976664331594983	0.2607231628425086
30951	0.1339082871959078	0.3322223437868785	0.5338693690172138
30952	0.36951019384154155	0.36976664331594983	0.2607231628425086
30953	0.15956247470955942	0.2909440654021294	0.5494934598883112
30954	0.2454915127021823	0.3122254272246324	0.4422830600731852
30955	0.13193264040875902	0.3365674365382318	0.5314999230530092
30956	0.20725386801302825	0.36406254450979253	0.4286835874771792
30957	0.2914044531507712	0.3785041212012661	0.3300914256479628
30958	0.3546782056440747	0.3077647307455323	0.337557063610393
30959	0.36951019384154155	0.36976664331594983	0.2607231628425086
30960	0.2906080210925913	0.3781681342715699	0.33122384463583876
30961	0.2612645373546418	0.37968921129911526	0.359046251346243
30962	0.36951019384154155	0.36976664331594983	0.2607231628425086
30963	0.24073665386789617	0.3831431556473417	0.37612019048476214
30964	0.3603337627212222	0.35356981332440846	0.28609642395436924
30965	0.3603337627212222	0.35356981332440846	0.28609642395436924
30966	0.36951019384154155	0.36976664331594983	0.2607231628425086
30967	0.32101450573085255	0.377645600760886	0.30133989350826146
30968	0.3672551203903642	0.36756615241665935	0.2651787271929764
30969	0.3058033262891691	0.3813468148790382	0.3128498588317928
30970	0.27732358565838405	0.3782023244337704	0.3444740899078456
30971	0.36951019384154155	0.36976664331594983	0.2607231628425086
30972	0.32036810176882985	0.37371383626727156	0.30591806196389854
30973	0.36951019384154155	0.36976664331594983	0.2607231628425086
30974	0.2573776169705215	0.352272635751951	0.39034974727752747
30975	0.36523675569777786	0.3460416577645169	0.28872158653770513
30976	0.29036124190227036	0.37782090739872903	0.3318178506990006
30977	0.36951019384154155	0.36976664331594983	0.2607231628425086
30978	0.36951019384154155	0.36976664331594983	0.2607231628425086
30979	0.3678757365597035	0.3613706017696292	0.2707536616706674
30980	0.36951019384154155	0.36976664331594983	0.2607231628425086
30981	0.36951019384154155	0.36976664331594983	0.2607231628425086
30982	0.38588402782026676	0.3642838887465783	0.24983208343315502
30983	0.28565879730224064	0.35751664666437843	0.3568245560333809
30984	0.36951019384154155	0.36976664331594983	0.2607231628425086
30985	0.36951019384154155	0.36976664331594983	0.2607231628425086
30986	0.2664452962497478	0.4113674035793428	0.3221873001709094
30987	0.36951019384154155	0.36976664331594983	0.2607231628425086
30988	0.3065998165324421	0.40114359926899185	0.29225658419856604
30989	0.36420204319157345	0.3669715391785909	0.26882641762983567
30990	0.36420204319157345	0.3669715391785909	0.26882641762983567
30991	0.3681070490054536	0.3678563590490475	0.26403659194549894
30992	0.2113483280504857	0.38830356705428776	0.4003481048952265
30993	0.3407030265860297	0.3592210524675444	0.30007592094642593
30994	0.35674158681715745	0.3798105112134503	0.2634479019693923
30995	0.36951019384154155	0.36976664331594983	0.2607231628425086
30996	0.2918622630692665	0.37548897223999445	0.332648764690739
30997	0.29084665415130895	0.3702357453230003	0.33891760052569064
30998	0.3458938512240021	0.3696726462260553	0.2844335025499426
30999	0.36951019384154155	0.36976664331594983	0.2607231628425086
31000	0.27365340879425315	0.3934170791436706	0.3329295120620762
31001	0.23560331029099338	0.39913497529334474	0.36526171441566185
31002	0.3675446432750454	0.36834641167739074	0.26410894504756394
31003	0.3489375596176669	0.3504449230945898	0.3006175172877434
31004	0.36359884748355326	0.3638511943332117	0.27254995818323496
31005	0.36359884748355326	0.3638511943332117	0.27254995818323496
31006	0.1866061257330746	0.3633625260487411	0.4500313482181843
31007	0.31414170452151263	0.36722219865385497	0.31863609682463234
31008	0.2645536630444556	0.3627318475392874	0.37271448941625707
31009	0.26274139906383903	0.37360873030350783	0.3636498706326532
31010	0.36951019384154155	0.36976664331594983	0.2607231628425086
31011	0.22223892221932584	0.371118397922998	0.40664267985767605
31012	0.36951019384154155	0.36976664331594983	0.2607231628425086
31013	0.23554975609085899	0.3961763523831137	0.3682738915260274
31014	0.15413725183624175	0.37649567101570586	0.4693670771480524
31015	0.36951019384154155	0.36976664331594983	0.2607231628425086
31016	0.36951019384154155	0.36976664331594983	0.2607231628425086
31017	0.36951019384154155	0.36976664331594983	0.2607231628425086
31018	0.36951019384154155	0.36976664331594983	0.2607231628425086
31019	0.3360117671524414	0.36943603192777236	0.2945522009197863
31020	0.2598805524872846	0.3699127983235486	0.3702066491891668
31021	0.36951019384154155	0.36976664331594983	0.2607231628425086
31022	0.4245435304144881	0.36695420263828316	0.20850226694722873
31023	0.36951019384154155	0.36976664331594983	0.2607231628425086
31024	0.36936275084386017	0.36156072701775677	0.26907652213838307
31025	0.3682740255091754	0.36897506583647866	0.2627509086543459
31026	0.3035125505998252	0.3802909315406248	0.31619651785955
31027	0.3836879310694411	0.36145175185637485	0.25486031707418394
31028	0.36951019384154155	0.36976664331594983	0.2607231628425086
31029	0.3044144125516248	0.38094883341244806	0.3146367540359273
31030	0.3489375596176669	0.3504449230945898	0.3006175172877434
31031	0.26303522866365964	0.37455035869587044	0.3624144126404699
31032	0.3836879310694411	0.36145175185637485	0.25486031707418394
31033	0.15513593806420803	0.37630625215484054	0.46855780978095135
31034	0.23642990030412456	0.3968288961535533	0.3667412035423221
31035	0.31424500444725895	0.3714225954165851	0.3143324001361559
31036	0.19674235338240179	0.36931795178729154	0.43393969483030664
31037	0.2914044531507712	0.3785041212012661	0.3300914256479628
31038	0.23484544548993322	0.3808431773230228	0.38431137718704395
31039	0.23560331029099338	0.39913497529334474	0.36526171441566185
31040	0.23560331029099338	0.39913497529334474	0.36526171441566185
31041	0.36951019384154155	0.36976664331594983	0.2607231628425086
31042	0.2744333103379954	0.37070125855127534	0.35486543111072927
31043	0.2612645373546418	0.37968921129911526	0.359046251346243
31044	0.36951019384154155	0.36976664331594983	0.2607231628425086
31045	0.3712127618128117	0.3592081746931999	0.2695790634939884
31046	0.25957310175522275	0.3539949557887196	0.3864319424560576
31047	0.3044144125516248	0.38094883341244806	0.3146367540359273
31048	0.345998593494287	0.3772558544200028	0.2767455520857102
31049	0.23560331029099338	0.39913497529334474	0.36526171441566185
31050	0.36951019384154155	0.36976664331594983	0.2607231628425086
31051	0.35926915196897163	0.3713989361687278	0.2693319118623006
31052	0.38291038338526884	0.35670538782883976	0.2603842287858914
31053	0.3682740255091754	0.36897506583647866	0.2627509086543459
31054	0.14092692733502926	0.3379012406822055	0.5211718319827652
31055	0.23394649146491314	0.38017676817293894	0.38587674036214786
31056	0.15243517112029978	0.35799944121252836	0.4895653876671719
31057	0.36951019384154155	0.36976664331594983	0.2607231628425086
31058	0.36951019384154155	0.36976664331594983	0.2607231628425086
31059	0.36951019384154155	0.36976664331594983	0.2607231628425086
31060	0.4061213210887575	0.3703740217328073	0.2235046571784352
31061	0.4061213210887575	0.3703740217328073	0.2235046571784352
31062	0.21437476555113044	0.3679765011308617	0.4176487333180079
31063	0.31424500444725895	0.3714225954165851	0.3143324001361559
31064	0.21258778684183394	0.30940005728263287	0.4780121558755332
31065	0.36913837474822225	0.36921227374648935	0.2616493515052884
31066	0.269755618109205	0.3761247504378622	0.3541196314529328
31067	0.31480195504733127	0.3704477236490201	0.31475032130364855
31068	0.36717967453574196	0.3685339276184829	0.2642863978457751
31069	0.2302244902724305	0.3464034933952494	0.42337201633232
31070	0.367863413987141	0.3687206953847022	0.2634158906281567
31071	0.36951019384154155	0.36976664331594983	0.2607231628425086
31072	0.36776203213914754	0.36785454581076255	0.2643834220500898
31073	0.367711699328733	0.36848956826244234	0.26379873240882473
31074	0.21251417769603564	0.3541787384054682	0.4333070838984962
31075	0.36951019384154155	0.36976664331594983	0.2607231628425086
31076	0.36951019384154155	0.36976664331594983	0.2607231628425086
31077	0.340411192498919	0.3584114116727163	0.30117739582836467
31078	0.21157733233943013	0.3771240470397423	0.4112986206208276
31079	0.3684640389729465	0.3694889166456099	0.26204704438144355
31080	0.23787957203578255	0.40254029525700286	0.3595801327072146
31081	0.29036124190227036	0.37782090739872903	0.3318178506990006
31082	0.3141039083949896	0.37056148695113794	0.3153346046538726
31083	0.15476897582016078	0.293545707315187	0.5516853168646523
31084	0.36624848050325837	0.36816995520489293	0.2655815642918487
31085	0.36951019384154155	0.36976664331594983	0.2607231628425086
31086	0.36951019384154155	0.36976664331594983	0.2607231628425086
31087	0.3789548406712744	0.33494554886839656	0.28609961046032906
31088	0.36951019384154155	0.36976664331594983	0.2607231628425086
31089	0.32036810176882985	0.37371383626727156	0.30591806196389854
31090	0.27379701363654274	0.363318222178177	0.3628847641852802
31091	0.27379701363654274	0.363318222178177	0.3628847641852802
31092	0.19865781665843582	0.36647647373162073	0.43486570960994336
31093	0.367711699328733	0.36848956826244234	0.26379873240882473
31094	0.3836879310694411	0.36145175185637485	0.25486031707418394
31095	0.18554598467145256	0.3656933604601627	0.44876065486838473
31096	0.34455138940850166	0.32608625888598664	0.32936235170551165
31097	0.36951019384154155	0.36976664331594983	0.2607231628425086
31098	0.3092427083183897	0.36918169266260326	0.3215755990190072
31099	0.3123298047796764	0.27702802166159896	0.4106421735587246
31100	0.18019801036372962	0.3348907534452197	0.4849112361910506
31101	0.33725860234425653	0.37035923389558684	0.2923821637601566
31102	0.3680435551309247	0.3695932604768607	0.2623631843922146
31103	0.3680435551309247	0.3695932604768607	0.2623631843922146
31104	0.26539446040486536	0.345209488922378	0.38939605067275657
31105	0.36951019384154155	0.36976664331594983	0.2607231628425086
31106	0.36951019384154155	0.36976664331594983	0.2607231628425086
31107	0.3451983879236633	0.35292051255767415	0.30188109951866254
31108	0.3451983879236633	0.35292051255767415	0.30188109951866254
31109	0.1773377920644867	0.2658232411073059	0.5568389668282075
31110	0.3474801313685087	0.37788246807130116	0.27463740056019015
31111	0.1546315695863845	0.3785861220326094	0.46678230838100615
31112	0.35665368447617535	0.3558789696296948	0.2874673458941298
31113	0.3712216137091253	0.3661897639578738	0.26258862233300095
31114	0.26177484296921627	0.3785797173599858	0.35964543967079793
31115	0.2808768498151092	0.37659270275688767	0.3425304474280032
31116	0.21864668127001027	0.3741448557561838	0.4072084629738059
31117	0.2914044531507712	0.3785041212012661	0.3300914256479628
31118	0.2914044531507712	0.3785041212012661	0.3300914256479628
31119	0.32036810176882985	0.37371383626727156	0.30591806196389854
31120	0.36727524933172934	0.3688618292120764	0.2638629214561944
31121	0.3489375596176669	0.3504449230945898	0.3006175172877434
31122	0.36951019384154155	0.36976664331594983	0.2607231628425086
31123	0.1157870450128319	0.34498781557158825	0.5392251394155799
31124	0.36913837474822225	0.36921227374648935	0.2616493515052884
31125	0.16841877469518945	0.36709541206848956	0.464485813236321
31126	0.36951019384154155	0.36976664331594983	0.2607231628425086
31127	0.36158379680033514	0.36237256210647956	0.2760436410931853
31128	0.3058033262891691	0.3813468148790382	0.3128498588317928
31129	0.3058033262891691	0.3813468148790382	0.3128498588317928
31130	0.3672551203903642	0.36756615241665935	0.2651787271929764
31131	0.2050645554278133	0.37541423106491095	0.4195212135072757
31132	0.24831683955933728	0.34597952221754136	0.40570363822312133
31133	0.25957310175522275	0.3539949557887196	0.3864319424560576
31134	0.2497166853309275	0.3656554084283286	0.38462790624074383
31135	0.13455750397875338	0.34487328731933564	0.520569208701911
31136	0.21006754684650672	0.3725482005708623	0.41738425258263107
31137	0.3392107054937136	0.3594335529900948	0.3013557415161916
31138	0.3392107054937136	0.3594335529900948	0.3013557415161916
31139	0.27023519973803045	0.392925011324574	0.3368397889373955
31140	0.27023519973803045	0.392925011324574	0.3368397889373955
31141	0.15268773600625754	0.369754072817701	0.47755819117604137
31142	0.2399235781222292	0.313428344998532	0.44664807687923885
31143	0.312296996044763	0.36576065043440076	0.3219423535208363
31144	0.23391593831029045	0.39402774902538457	0.37205631266432493
31145	0.36951019384154155	0.36976664331594983	0.2607231628425086
31146	0.2915466179564457	0.37939834670042605	0.3290550353431282
31147	0.2915466179564457	0.37939834670042605	0.3290550353431282
31148	0.26094035952545885	0.3805808767177275	0.3584787637568136
31149	0.2566186952310722	0.35339720168369154	0.3899841030852363
31150	0.2566186952310722	0.35339720168369154	0.3899841030852363
31151	0.19663218766801405	0.36928560080119216	0.43408221153079374
31152	0.36951019384154155	0.36976664331594983	0.2607231628425086
31153	0.36951019384154155	0.36976664331594983	0.2607231628425086
31154	0.3058033262891691	0.3813468148790382	0.3128498588317928
31155	0.2914044531507712	0.3785041212012661	0.3300914256479628
31156	0.2914044531507712	0.3785041212012661	0.3300914256479628
31157	0.3470239208545948	0.3483689147133852	0.30460716443202
31158	0.3328725833703043	0.38565671248479777	0.28147070414489783
31159	0.367711699328733	0.36848956826244234	0.26379873240882473
31160	0.2449676233159132	0.3220788497383817	0.4329535269457051
31161	0.36951019384154155	0.36976664331594983	0.2607231628425086
31162	0.3058033262891691	0.3813468148790382	0.3128498588317928
31163	0.20858524393407402	0.375914976185349	0.415499779880577
31164	0.36951019384154155	0.36976664331594983	0.2607231628425086
31165	0.36951019384154155	0.36976664331594983	0.2607231628425086
31166	0.31424500444725895	0.3714225954165851	0.3143324001361559
31167	0.3236259606667254	0.37230337339383596	0.30407066593943866
31168	0.31863670086034823	0.3257646380858573	0.3555986610537945
31169	0.36951019384154155	0.36976664331594983	0.2607231628425086
31170	0.18614828499079875	0.33202504577973785	0.4818266692294634
31171	0.2612645373546418	0.37968921129911526	0.359046251346243
31172	0.2612645373546418	0.37968921129911526	0.359046251346243
31173	0.2417505500508858	0.3833393500847098	0.3749100998644044
31174	0.36951019384154155	0.36976664331594983	0.2607231628425086
31175	0.37156779841746046	0.3661895212918684	0.26224268029067116
31176	0.28568239973877557	0.4084015598183747	0.30591604044284976
31177	0.26177484296921627	0.3785797173599858	0.35964543967079793
31178	0.36951019384154155	0.36976664331594983	0.2607231628425086
31179	0.2322373026585989	0.3722218655847206	0.3955408317566806
31180	0.31424500444725895	0.3714225954165851	0.3143324001361559
31181	0.36951019384154155	0.36976664331594983	0.2607231628425086
31182	0.2828436613568316	0.3616293159752816	0.35552702266788677
31183	0.2828436613568316	0.3616293159752816	0.35552702266788677
31184	0.3682400055373909	0.3689779622523194	0.26278203221028973
31185	0.36951019384154155	0.36976664331594983	0.2607231628425086
31186	0.36951019384154155	0.36976664331594983	0.2607231628425086
31187	0.36951019384154155	0.36976664331594983	0.2607231628425086
31188	0.2635812843717628	0.3863899364259575	0.35002877920227965
31189	0.2714658500934407	0.3702137893006809	0.3583203606058784
31190	0.3577661227317501	0.38010838832330696	0.2621254889449429
31191	0.317009535663631	0.3716987401740822	0.31129172416228684
31192	0.317009535663631	0.3716987401740822	0.31129172416228684
31193	0.17107935017504688	0.3591251660222455	0.4697954838027075
31194	0.2272582907764788	0.3826462570870761	0.390095452136445
31195	0.3441130469305897	0.3665961417965156	0.2892908112728947
31196	0.22758253297915637	0.3706857316432933	0.4017317353775503
31197	0.2926120998783758	0.3750873398229145	0.33230056029870975
31198	0.3193443082977355	0.3732966476751905	0.3073590440270739
31199	0.3193443082977355	0.3732966476751905	0.3073590440270739
31200	0.3836879310694411	0.36145175185637485	0.25486031707418394
31201	0.2545805716439174	0.3676694279527054	0.3777500004033773
31202	0.3527922902717252	0.362651898368092	0.2845558113601827
31203	0.36951019384154155	0.36976664331594983	0.2607231628425086
31204	0.3028498032390232	0.36919699117065397	0.32795320559032287
31205	0.205766086173654	0.36252067701920077	0.43171323680714524
31206	0.231296725626661	0.3124328717509568	0.4562704026223821
31207	0.36951019384154155	0.36976664331594983	0.2607231628425086
31208	0.36951019384154155	0.36976664331594983	0.2607231628425086
31209	0.34648060781595696	0.34901855983014596	0.304500832353897
31210	0.36951019384154155	0.36976664331594983	0.2607231628425086
31211	0.3668149076430135	0.36843670947326157	0.2647483828837249
31212	0.23864057682860582	0.37641966463954857	0.38493975853184564
31213	0.1577136543172056	0.3462720080004173	0.49601433768237724
31214	0.2882039470088516	0.37436360668339347	0.3374324463077549
31215	0.36357235419139444	0.3638246826516018	0.2726029631570038
31216	0.3683077740800932	0.36889087651450175	0.262801349405405
31217	0.34469953388659724	0.377930412700972	0.27737005341243093
31218	0.27164461080974583	0.35505155964894075	0.3733038295413134
31219	0.26094035952545885	0.3805808767177275	0.3584787637568136
31220	0.36951019384154155	0.36976664331594983	0.2607231628425086
31221	0.30369532909876656	0.3199763248508841	0.3763283460503493
31222	0.3668244284536513	0.3673714171563103	0.2658041543900383
31223	0.36951019384154155	0.36976664331594983	0.2607231628425086
31224	0.36951019384154155	0.36976664331594983	0.2607231628425086
31225	0.4061213210887575	0.3703740217328073	0.2235046571784352
31226	0.1994251936168142	0.29023130686766796	0.5103434995155178
31227	0.36951019384154155	0.36976664331594983	0.2607231628425086
31228	0.23097498938143377	0.38862819843526003	0.3803968121833061
31229	0.375491828387291	0.38085314448829954	0.24365502712440942
31230	0.375491828387291	0.38085314448829954	0.24365502712440942
31231	0.25244065891591433	0.38067470013461097	0.3668846409494747
31232	0.26099781403320993	0.38840485568666233	0.3505973302801277
31233	0.26099781403320993	0.38840485568666233	0.3505973302801277
31234	0.3836879310694411	0.36145175185637485	0.25486031707418394
31235	0.26177484296921627	0.3785797173599858	0.35964543967079793
31236	0.2903472256319714	0.3782942409941825	0.3313585333738461
31237	0.3296002041040939	0.3689607716730162	0.30143902422288993
31238	0.2414487232906316	0.38423662445806045	0.374314652251308
31239	0.3711705765955858	0.3668216844066612	0.2620077389977531
31240	0.19137681215849603	0.3832763891303395	0.4253467987111645
31241	0.31303359219406157	0.3703195197232865	0.316646888082652
31242	0.36799759604895793	0.37009188710393587	0.2619105168471063
31243	0.262783196330325	0.3688815008228655	0.3683353028468096
31244	0.36951019384154155	0.36976664331594983	0.2607231628425086
31245	0.36951019384154155	0.36976664331594983	0.2607231628425086
31246	0.3617550346394954	0.36252030265672924	0.2757246627037753
31247	0.3489375596176669	0.3504449230945898	0.3006175172877434
31248	0.3729740467792037	0.3680811938766777	0.25894475934411865
31249	0.36951019384154155	0.36976664331594983	0.2607231628425086
31250	0.36951019384154155	0.36976664331594983	0.2607231628425086
31251	0.36951019384154155	0.36976664331594983	0.2607231628425086
31252	0.2813524389146467	0.38373403974034603	0.33491352134500724
31253	0.3097285198251591	0.37336945887339157	0.3169020213014494
31254	0.36951019384154155	0.36976664331594983	0.2607231628425086
31255	0.35926915196897163	0.3713989361687278	0.2693319118623006
31256	0.2330757008769768	0.3703592068656665	0.3965650922573567
31257	0.36951019384154155	0.36976664331594983	0.2607231628425086
31258	0.36951019384154155	0.36976664331594983	0.2607231628425086
31259	0.4048957643838899	0.36973972472491495	0.22536451089119502
31260	0.4048957643838899	0.36973972472491495	0.22536451089119502
31261	0.36565324339560495	0.36796642036899907	0.26638033623539586
31262	0.2902914933807089	0.37800306689748864	0.33170543972180244
31263	0.27245987160596535	0.3919480270375301	0.3355921013565046
31264	0.36951019384154155	0.36976664331594983	0.2607231628425086
31265	0.276185914087921	0.345725734107869	0.3780883518042101
31266	0.23138132741906697	0.31746169737304936	0.4511569752078837
31267	0.39802014791150403	0.3530462619321904	0.24893359015630548
31268	0.367711699328733	0.36848956826244234	0.26379873240882473
31269	0.20252736023733572	0.3725373995612079	0.42493524020145634
31270	0.22538868133961232	0.3556488122433078	0.4189625064170798
31271	0.291665831835456	0.3548031197485341	0.3535310484160099
31272	0.32998661671284374	0.38637894806607376	0.2836344352210825
31273	0.36913837474822225	0.36921227374648935	0.2616493515052884
31274	0.3789548406712744	0.33494554886839656	0.28609961046032906
31275	0.2915466179564457	0.37939834670042605	0.3290550353431282
31276	0.19543636979649814	0.3663622946992579	0.43820133550424395
31277	0.28996935707789834	0.3761225406706362	0.3339081022514654
31278	0.36951019384154155	0.36976664331594983	0.2607231628425086
31279	0.3664953220024675	0.3680609831658243	0.2654436948317082
31280	0.3673710675982959	0.36904911719651773	0.26357981520518636
31281	0.4061213210887575	0.3703740217328073	0.2235046571784352
31282	0.31424500444725895	0.3714225954165851	0.3143324001361559
31283	0.36951019384154155	0.36976664331594983	0.2607231628425086
31284	0.36951019384154155	0.36976664331594983	0.2607231628425086
31285	0.3470058915546172	0.3405388375884256	0.3124552708569572
31286	0.2724951749694315	0.39342168714792847	0.33408313788264016
31287	0.26046344594275034	0.37800690767002115	0.36152964638722856
31288	0.3680435551309247	0.3695932604768607	0.2623631843922146
31289	0.23327241704740326	0.39275247312049844	0.3739751098320983
31290	0.30411003950183874	0.3781844883058464	0.31770547219231493
31291	0.367711699328733	0.36848956826244234	0.26379873240882473
31292	0.317009535663631	0.3716987401740822	0.31129172416228684
31293	0.36320499690834335	0.36327770808462084	0.27351729500703587
31294	0.36258268703690694	0.36699957689285406	0.27041773607023906
31295	0.23642990030412456	0.3968288961535533	0.3667412035423221
31296	0.36951019384154155	0.36976664331594983	0.2607231628425086
31297	0.36951019384154155	0.36976664331594983	0.2607231628425086
31298	0.34838187470829374	0.3361929663166593	0.3154251589750469
31299	0.36779642796133	0.36882855899977784	0.2633750130388921
31300	0.36951019384154155	0.36976664331594983	0.2607231628425086
31301	0.3302279443828587	0.3645049854665153	0.305267070150626
31302	0.40054905385934464	0.36529223233451924	0.23415871380613604
31303	0.367863413987141	0.3687206953847022	0.2634158906281567
31304	0.27732358565838405	0.3782023244337704	0.3444740899078456
31305	0.3674217217300962	0.36827097357391164	0.26430730469599223
31306	0.367863413987141	0.3687206953847022	0.2634158906281567
31307	0.36951019384154155	0.36976664331594983	0.2607231628425086
31308	0.36951019384154155	0.36976664331594983	0.2607231628425086
31309	0.2604690304524178	0.37857227483844486	0.3609586947091374
31310	0.36799759604895793	0.37009188710393587	0.2619105168471063
31311	0.32693683251578287	0.38094650507911826	0.2921166624050989
31312	0.26329418374957764	0.34324533837622845	0.3934604778741938
31313	0.3436881583629459	0.3863138931744472	0.26999794846260694
31314	0.27732358565838405	0.3782023244337704	0.3444740899078456
31315	0.2703241007997201	0.38569810584419834	0.3439777933560817
31316	0.3309339095845104	0.3707122454216681	0.29835384499382156
31317	0.373555799640826	0.37385142887932576	0.25259277147984827
31318	0.3407030265860297	0.3592210524675444	0.30007592094642593
31319	0.211858484958865	0.3781540380698154	0.4099874769713196
31320	0.37739845820455276	0.3347421433872774	0.2878593984081699
31321	0.35735128770038715	0.3705122549203506	0.2721364573792622
31322	0.13414269356714748	0.3805792125807266	0.48527809385212595
31323	0.3574549254391066	0.3577030082505725	0.28484206631032083
31324	0.36951019384154155	0.36976664331594983	0.2607231628425086
31325	0.36951019384154155	0.36976664331594983	0.2607231628425086
31326	0.345998593494287	0.3772558544200028	0.2767455520857102
31327	0.3049334381547591	0.3768454953517423	0.3182210664934986
31328	0.288127209614103	0.3764046303869624	0.33546815999893453
31329	0.36951019384154155	0.36976664331594983	0.2607231628425086
31330	0.36951019384154155	0.36976664331594983	0.2607231628425086
31331	0.25444052989243304	0.36495175543196007	0.380607714675607
31332	0.36951019384154155	0.36976664331594983	0.2607231628425086
31333	0.3575076570147509	0.3577557764184489	0.28473656656680024
31334	0.38779328846853567	0.36535473350112463	0.24685197803033973
31335	0.36951019384154155	0.36976664331594983	0.2607231628425086
31336	0.36951019384154155	0.36976664331594983	0.2607231628425086
31337	0.36951019384154155	0.36976664331594983	0.2607231628425086
31338	0.29443632482928067	0.3899622796877502	0.31560139548296906
31339	0.4061213210887575	0.3703740217328073	0.2235046571784352
31340	0.36951019384154155	0.36976664331594983	0.2607231628425086
31341	0.34233841397057724	0.38426799965745506	0.27339358637196765
31342	0.3064679509657574	0.33953645138224775	0.3539955976519949
31343	0.3670814725178212	0.3693821676556809	0.26353635982649803
31344	0.3789548406712744	0.33494554886839656	0.28609961046032906
31345	0.23389231800851407	0.3968253377746445	0.3692823442168415
31346	0.3675446432750454	0.36834641167739074	0.26410894504756394
31347	0.3577661227317501	0.38010838832330696	0.2621254889449429
31348	0.3681070490054536	0.3678563590490475	0.26403659194549894
31349	0.23334531149789198	0.39705138716854554	0.36960330133356256
31350	0.2831735315574137	0.3672585054267549	0.3495679630158315
31351	0.36357235419139444	0.3638246826516018	0.2726029631570038
31352	0.3681070490054536	0.3678563590490475	0.26403659194549894
31353	0.32036810176882985	0.37371383626727156	0.30591806196389854
31354	0.36951019384154155	0.36976664331594983	0.2607231628425086
31355	0.36951019384154155	0.36976664331594983	0.2607231628425086
31356	0.36951019384154155	0.36976664331594983	0.2607231628425086
31357	0.36951019384154155	0.36976664331594983	0.2607231628425086
31358	0.26094035952545885	0.3805808767177275	0.3584787637568136
31359	0.4061213210887575	0.3703740217328073	0.2235046571784352
31360	0.23560331029099338	0.39913497529334474	0.36526171441566185
31361	0.3729740467792037	0.3680811938766777	0.25894475934411865
31362	0.3729740467792037	0.3680811938766777	0.25894475934411865
31363	0.3386520362497434	0.3575893037493278	0.3037586600009289
31364	0.3407030265860297	0.3592210524675444	0.30007592094642593
31365	0.3042819629202051	0.3720252830488324	0.3236927540309624
31366	0.36951019384154155	0.36976664331594983	0.2607231628425086
31367	0.2080878152638161	0.3700285971294802	0.4218835876067037
31368	0.36951019384154155	0.36976664331594983	0.2607231628425086
31369	0.2477644922179476	0.3737489130976794	0.3784865946843729
31370	0.2915466179564457	0.37939834670042605	0.3290550353431282
31371	0.3052230494916549	0.37515542455636497	0.3196215259519801
31372	0.36951019384154155	0.36976664331594983	0.2607231628425086
31373	0.27930643674655786	0.36329046363052075	0.3574030996229213
31374	0.3682400055373909	0.3689779622523194	0.26278203221028973
31375	0.3682400055373909	0.3689779622523194	0.26278203221028973
31376	0.21062664542224302	0.3879475692813361	0.401425785296421
31377	0.20765726345839677	0.38822687241142745	0.4041158641301757
31378	0.2605707548938259	0.37271900833111266	0.36671023677506137
31379	0.335785108192869	0.37058245082096203	0.2936324409861691
31380	0.3082801260427598	0.4004329895975452	0.2912868843596951
31381	0.36951019384154155	0.36976664331594983	0.2607231628425086
31382	0.36951019384154155	0.36976664331594983	0.2607231628425086
31383	0.36951019384154155	0.36976664331594983	0.2607231628425086
31384	0.2688677585916392	0.3697761651593043	0.3613560762490566
31385	0.3577661227317501	0.38010838832330696	0.2621254889449429
31386	0.11794818604657759	0.2997511960634948	0.5823006178899275
31387	0.21061086596695144	0.3161646727848862	0.47322446124816236
31388	0.33725860234425653	0.37035923389558684	0.2923821637601566
31389	0.4245435304144881	0.36695420263828316	0.20850226694722873
31390	0.33451552543004826	0.3673223888091525	0.29816208576079917
31391	0.2915466179564457	0.37939834670042605	0.3290550353431282
31392	0.36951019384154155	0.36976664331594983	0.2607231628425086
31393	0.27611448030251934	0.37797737991348934	0.34590813978399126
31394	0.36951019384154155	0.36976664331594983	0.2607231628425086
31395	0.38239109942371174	0.36045707818312445	0.25715182239316375
31396	0.2915466179564457	0.37939834670042605	0.3290550353431282
31397	0.4245435304144881	0.36695420263828316	0.20850226694722873
31398	0.19996681657067675	0.37724292266757836	0.422790260761745
31399	0.2954581840020475	0.38380683715453623	0.3207349788434163
31400	0.36841823724382555	0.3693306414657377	0.26225112129043676
31401	0.36951019384154155	0.36976664331594983	0.2607231628425086
31402	0.3980468771047711	0.3530305859228778	0.24892253697235114
31403	0.36951019384154155	0.36976664331594983	0.2607231628425086
31404	0.36951019384154155	0.36976664331594983	0.2607231628425086
31405	0.36951019384154155	0.36976664331594983	0.2607231628425086
31406	0.36951019384154155	0.36976664331594983	0.2607231628425086
31407	0.3715527184483073	0.3831008999873972	0.24534638156429545
31408	0.4061213210887575	0.3703740217328073	0.2235046571784352
31409	0.36776203213914754	0.36785454581076255	0.2643834220500898
31410	0.36951019384154155	0.36976664331594983	0.2607231628425086
31411	0.36951019384154155	0.36976664331594983	0.2607231628425086
31412	0.38257950034557003	0.3610495467702413	0.2563709528841886
31413	0.25471713826036785	0.36966737277031286	0.3756154889693193
31414	0.23847848084496875	0.3803571552892347	0.3811643638657965
31415	0.1919797790193243	0.32523246070090156	0.4827877602797742
31416	0.3179413078307988	0.31816196718446593	0.36389672498473524
31417	0.36926491356101554	0.3690044127868973	0.26173067365208724
31418	0.3058033262891691	0.3813468148790382	0.3128498588317928
31419	0.36951019384154155	0.36976664331594983	0.2607231628425086
31420	0.30417286696291973	0.3734703231109537	0.3223568099261264
31421	0.4061213210887575	0.3703740217328073	0.2235046571784352
31422	0.42250252822264966	0.365221384552174	0.2122760872251762
31423	0.3554796542753091	0.3756025082928087	0.2689178374318822
31424	0.36951019384154155	0.36976664331594983	0.2607231628425086
31425	0.36951019384154155	0.36976664331594983	0.2607231628425086
31426	0.3681070490054536	0.3678563590490475	0.26403659194549894
31427	0.20858524393407402	0.375914976185349	0.415499779880577
31428	0.3692216559298069	0.3666210076570039	0.26415733641318917
31429	0.3675446432750454	0.36834641167739074	0.26410894504756394
31430	0.3833750430021671	0.3624849078574125	0.25414004914042027
31431	0.32602359415000665	0.3859285248172416	0.28804788103275175
31432	0.31456303381113754	0.3804279077876477	0.3050090584012149
31433	0.2682130802976257	0.35659415113230664	0.37519276857006767
31434	0.4061213210887575	0.3703740217328073	0.2235046571784352
31435	0.3584895402200494	0.36010155691764356	0.2814089028623071
31436	0.36951019384154155	0.36976664331594983	0.2607231628425086
31437	0.2835561614404923	0.3845454404469871	0.33189839811252075
31438	0.19630270034064085	0.3723214857136165	0.4313758139457427
31439	0.23566408997743254	0.3869199728496086	0.37741593717295885
31440	0.31452525829076566	0.36058617256208575	0.3248885691471486
31441	0.29229205084024845	0.3730496651993304	0.33465828396042113
31442	0.3671798771456875	0.36569569150735703	0.2671244313469555
31443	0.36951019384154155	0.36976664331594983	0.2607231628425086
31444	0.26118752067551443	0.3648593932069788	0.37395308611750677
31445	0.28267186895816854	0.35864783273718825	0.35868029830464326
31446	0.3048045352154818	0.3808941858012235	0.31430127898329485
31447	0.3048045352154818	0.3808941858012235	0.31430127898329485
31448	0.3048045352154818	0.3808941858012235	0.31430127898329485
31449	0.36951019384154155	0.36976664331594983	0.2607231628425086
31450	0.32387272311007215	0.3847715633397189	0.29135571355020895
31451	0.23255777863779245	0.38104240332088096	0.38639981804132656
31452	0.36951019384154155	0.36976664331594983	0.2607231628425086
31453	0.3622353864669377	0.3731145405604167	0.2646500729726457
31454	0.27189806976610414	0.3892340859635533	0.33886784427034267
31455	0.23486318677079654	0.3892065989610675	0.37593021426813605
31456	0.36936275084386017	0.36156072701775677	0.26907652213838307
31457	0.3058033262891691	0.3813468148790382	0.3128498588317928
31458	0.2915466179564457	0.37939834670042605	0.3290550353431282
31459	0.367711699328733	0.36848956826244234	0.26379873240882473
31460	0.2800523295327808	0.3864507354313499	0.3334969350358693
31461	0.3082801260427598	0.4004329895975452	0.2912868843596951
31462	0.36709698665965	0.3440111594329798	0.2888918539073702
31463	0.18554598467145256	0.3656933604601627	0.44876065486838473
31464	0.2612645373546418	0.37968921129911526	0.359046251346243
31465	0.36951019384154155	0.36976664331594983	0.2607231628425086
31466	0.4061213210887575	0.3703740217328073	0.2235046571784352
31467	0.20725386801302825	0.36406254450979253	0.4286835874771792
31468	0.36841823724382555	0.3693306414657377	0.26225112129043676
31469	0.2914044531507712	0.3785041212012661	0.3300914256479628
31470	0.2914044531507712	0.3785041212012661	0.3300914256479628
31471	0.2619738199855571	0.3734144806145462	0.3646116993998968
31472	0.259894130119801	0.37501726708507044	0.3650886027951285
31473	0.3729740467792037	0.3680811938766777	0.25894475934411865
31474	0.23142351656256333	0.37234473690580727	0.3962317465316294
31475	0.36951019384154155	0.36976664331594983	0.2607231628425086
31476	0.36951019384154155	0.36976664331594983	0.2607231628425086
31477	0.31303359219406157	0.3703195197232865	0.316646888082652
31478	0.1970672386319117	0.369060127523407	0.4338726338446812
31479	0.12780400111120252	0.34991172634466905	0.5222842725441285
31480	0.367711699328733	0.36848956826244234	0.26379873240882473
31481	0.366957689971046	0.36792478140884366	0.2651175286201104
31482	0.3680330398611931	0.3757293133389848	0.2562376467998222
31483	0.3058033262891691	0.3813468148790382	0.3128498588317928
31484	0.31096729313435756	0.3646141143717207	0.3244185924939217
31485	0.36951019384154155	0.36976664331594983	0.2607231628425086
31486	0.35756049607194496	0.36555916238234265	0.27688034154571234
31487	0.3038814868917928	0.3795134746031842	0.3166050385050232
31488	0.2338812083458822	0.39741523970936254	0.3687035519447552
31489	0.247274035061895	0.34638355091210865	0.40634241402599625
31490	0.36951019384154155	0.36976664331594983	0.2607231628425086
31491	0.36951019384154155	0.36976664331594983	0.2607231628425086
31492	0.36951019384154155	0.36976664331594983	0.2607231628425086
31493	0.36951019384154155	0.36976664331594983	0.2607231628425086
31494	0.37739845820455276	0.3347421433872774	0.2878593984081699
31495	0.36228427253467244	0.36276416157762315	0.2749515658877045
31496	0.3561396372826475	0.3786113609708324	0.26524900174652016
31497	0.20781232041542344	0.3817148491007332	0.4104728304838434
31498	0.14894227888941516	0.33376829163015664	0.5172894294804281
31499	0.23114721411095934	0.35667219922326787	0.4121805866657728
31500	0.343546364660463	0.3866307463344546	0.26982288900508233
31501	0.36804487424059873	0.3687742776414211	0.26318084811798015
31502	0.40331321191305786	0.3503869101897091	0.24629987789723312
31503	0.4061213210887575	0.3703740217328073	0.2235046571784352
31504	0.36951019384154155	0.36976664331594983	0.2607231628425086
31505	0.3681070490054536	0.3678563590490475	0.26403659194549894
31506	0.27365340879425315	0.3934170791436706	0.3329295120620762
31507	0.36951019384154155	0.36976664331594983	0.2607231628425086
31508	0.2716170887110497	0.3550155869907133	0.37336732429823694
31509	0.28570055890484813	0.36375342560665946	0.35054601548849246
31510	0.2786975742924473	0.38036162146278824	0.34094080424476453
31511	0.36951019384154155	0.36976664331594983	0.2607231628425086
31512	0.2612645373546418	0.37968921129911526	0.359046251346243
31513	0.36936275084386017	0.36156072701775677	0.26907652213838307
31514	0.36936275084386017	0.36156072701775677	0.26907652213838307
31515	0.36951019384154155	0.36976664331594983	0.2607231628425086
31516	0.36951019384154155	0.36976664331594983	0.2607231628425086
31517	0.20887541467291348	0.3491592809663099	0.4419653043607767
31518	0.2915466179564457	0.37939834670042605	0.3290550353431282
31519	0.2915466179564457	0.37939834670042605	0.3290550353431282
31520	0.36439523849483135	0.36831105189081775	0.26729370961435084
31521	0.3174990803006543	0.3722727391716526	0.3102281805276932
31522	0.317009535663631	0.3716987401740822	0.31129172416228684
31523	0.19636356404916702	0.3704092466345041	0.43322718931632875
31524	0.3462478814221433	0.37805637942088116	0.2756957391569756
31525	0.3560286215319853	0.3589787855805992	0.28499259288741546
31526	0.3686828191154551	0.3747405943189098	0.25657658656563503
31527	0.36951019384154155	0.36976664331594983	0.2607231628425086
31528	0.36951019384154155	0.36976664331594983	0.2607231628425086
31529	0.36951019384154155	0.36976664331594983	0.2607231628425086
31530	0.36951019384154155	0.36976664331594983	0.2607231628425086
31531	0.36951019384154155	0.36976664331594983	0.2607231628425086
31532	0.27597757008412166	0.37768930981068305	0.3463331201051953
31533	0.36951019384154155	0.36976664331594983	0.2607231628425086
31534	0.36951019384154155	0.36976664331594983	0.2607231628425086
31535	0.26046344594275034	0.37800690767002115	0.36152964638722856
31536	0.3680435551309247	0.3695932604768607	0.2623631843922146
31537	0.36951019384154155	0.36976664331594983	0.2607231628425086
31538	0.36951019384154155	0.36976664331594983	0.2607231628425086
31539	0.2915466179564457	0.37939834670042605	0.3290550353431282
31540	0.30254242350575083	0.36533649257309075	0.3321210839211583
31541	0.367863413987141	0.3687206953847022	0.2634158906281567
31542	0.36474450248500345	0.36126385968359503	0.27399163783140157
31543	0.36951019384154155	0.36976664331594983	0.2607231628425086
31544	0.270864612764559	0.3903073970790418	0.33882799015639925
31545	0.26230547385867686	0.37434432052157945	0.3633502056197437
31546	0.37120797431767544	0.36478309752743254	0.26400892815489196
31547	0.36951019384154155	0.36976664331594983	0.2607231628425086
31548	0.36951019384154155	0.36976664331594983	0.2607231628425086
31549	0.3789548406712744	0.33494554886839656	0.28609961046032906
31550	0.21533759464094673	0.3683229168067917	0.41633948855226155
31551	0.31463487199283857	0.3698044383059342	0.31556068970122725
31552	0.19255086906048408	0.3831314804474651	0.42431765049205095
31553	0.2724388609607328	0.3194389125852822	0.40812222645398494
31554	0.36951019384154155	0.36976664331594983	0.2607231628425086
31555	0.4250681198868052	0.3593974745847353	0.21553440552845948
31556	0.31424500444725895	0.3714225954165851	0.3143324001361559
31557	0.36951019384154155	0.36976664331594983	0.2607231628425086
31558	0.29116393462395107	0.3787133659866341	0.3301226993894149
31559	0.35288700044355825	0.3778433239474207	0.26926967560902104
31560	0.289796843890578	0.37695456531810234	0.33324859079131974
31561	0.3681070490054536	0.3678563590490475	0.26403659194549894
31562	0.36951019384154155	0.36976664331594983	0.2607231628425086
31563	0.36951019384154155	0.36976664331594983	0.2607231628425086
31564	0.22462533936824064	0.34626353315254915	0.42911112747921015
31565	0.28676671553243455	0.33899635298188097	0.3742369314856844
31566	0.2712257875913374	0.3916449826602251	0.3371292297484375
31567	0.36776203213914754	0.36785454581076255	0.2643834220500898
31568	0.25511929246263276	0.37143278776918903	0.37344791976817815
31569	0.16794513298019909	0.3533722866039701	0.4786825804158307
31570	0.36951019384154155	0.36976664331594983	0.2607231628425086
31571	0.36951019384154155	0.36976664331594983	0.2607231628425086
31572	0.23642990030412456	0.3968288961535533	0.3667412035423221
31573	0.23642990030412456	0.3968288961535533	0.3667412035423221
31574	0.3681070490054536	0.3678563590490475	0.26403659194549894
31575	0.3681070490054536	0.3678563590490475	0.26403659194549894
31576	0.3684640389729465	0.3694889166456099	0.26204704438144355
31577	0.36951019384154155	0.36976664331594983	0.2607231628425086
31578	0.29594929220703886	0.3793414437711017	0.32470926402185935
31579	0.36951019384154155	0.36976664331594983	0.2607231628425086
31580	0.27438792188365607	0.3690138650527777	0.35659821306356626
31581	0.3150741968103187	0.3180655709555942	0.3668602322340873
31582	0.26453691748189817	0.40465961955236696	0.3308034629657349
31583	0.36951019384154155	0.36976664331594983	0.2607231628425086
31584	0.36951019384154155	0.36976664331594983	0.2607231628425086
31585	0.32959563943616293	0.34196624015971167	0.3284381204041255
31586	0.3484918541598352	0.3772587016328959	0.27424944420726893
31587	0.2214600529908425	0.40262241542398614	0.37591753158517127
31588	0.2915466179564457	0.37939834670042605	0.3290550353431282
31589	0.3173359509708802	0.36938376949342916	0.31328027953569076
31590	0.22713024234770363	0.38316850719485346	0.3897012504574429
31591	0.4061213210887575	0.3703740217328073	0.2235046571784352
31592	0.36621963754006065	0.36602998284590443	0.26775037961403486
31593	0.3894029422143268	0.36253179301696253	0.2480652647687107
31594	0.36357235419139444	0.3638246826516018	0.2726029631570038
31595	0.2612645373546418	0.37968921129911526	0.359046251346243
31596	0.35130657925941694	0.3515503949489764	0.2971430257916067
31597	0.35130657925941694	0.3515503949489764	0.2971430257916067
31598	0.22497337355426086	0.3923317972254237	0.38269482922031545
31599	0.36926491356101554	0.3690044127868973	0.26173067365208724
31600	0.3681070490054536	0.3678563590490475	0.26403659194549894
31601	0.36951019384154155	0.36976664331594983	0.2607231628425086
31602	0.2951072983881467	0.37778528066149997	0.32710742095035333
31603	0.36951019384154155	0.36976664331594983	0.2607231628425086
31604	0.26094035952545885	0.3805808767177275	0.3584787637568136
31605	0.36951019384154155	0.36976664331594983	0.2607231628425086
31606	0.36951019384154155	0.36976664331594983	0.2607231628425086
31607	0.29084665415130895	0.3702357453230003	0.33891760052569064
31608	0.36049317279444715	0.3733086137239546	0.2661982134815983
31609	0.22854117130169105	0.40065678914999675	0.3708020395483122
31610	0.2190778102878869	0.3699894511934315	0.41093273851868156
31611	0.3632235887659111	0.3606651884539791	0.2761112227801099
31612	0.3589980811509806	0.3716120111639217	0.2693899076850977
31613	0.3621362240446472	0.36656691912331074	0.271296856832042
31614	0.4061213210887575	0.3703740217328073	0.2235046571784352
31615	0.17814411977158362	0.3524130841598668	0.46944279606854966
