40860	0.2535477938064954	0.3725840795001675	0.37386812669333713
40861	0.37111422168109665	0.3639716833767264	0.264914094942177
40862	0.36701846654987325	0.36716068073549224	0.26582085271463446
40863	0.36710598902845587	0.3677902889217602	0.265103722049784
40864	0.19117180080691745	0.29372147880696137	0.515106720386121
40865	0.3562912797141811	0.3596840081901819	0.284024712095637
40866	0.36710598902845587	0.3677902889217602	0.265103722049784
40867	0.23396973185976008	0.3780098523157257	0.38802041582451424
40868	0.3717744060832705	0.3706352983316945	0.2575902955850351
40869	0.33893262450838035	0.37891718841208305	0.28215018707953654
40870	0.3678952081492186	0.3678852599612164	0.264219531889565
40871	0.36710598902845587	0.3677902889217602	0.265103722049784
40872	0.2718355443598077	0.36759081920696124	0.36057363643323104
40873	0.36710598902845587	0.3677902889217602	0.265103722049784
40874	0.19935796993174668	0.3692841252379355	0.4313579048303177
40875	0.38119711710835225	0.3596015875311704	0.2592012953604774
40876	0.27584203360339665	0.3711927992624854	0.35296516713411796
40877	0.2504426179680882	0.3761408311489117	0.37341655088300013
40878	0.36710598902845587	0.3677902889217602	0.265103722049784
40879	0.34867971057016234	0.34899409631401296	0.30232619311582465
40880	0.2278714932812643	0.3105742948432322	0.4615542118755034
40881	0.29518959708238424	0.37780600982399026	0.3270043930936255
40882	0.21579329608813236	0.2918074406843745	0.49239926322749317
40883	0.3671312572178847	0.3671751351962699	0.2656936075858454
40884	0.2624881797685133	0.3676065259312044	0.3699052943002823
40885	0.2624881797685133	0.3676065259312044	0.3699052943002823
40886	0.38121808465368223	0.3595894027744466	0.25919251257187104
40887	0.35916623773087153	0.3803144247555093	0.2605193375136193
40888	0.3564702629984661	0.37753933771080284	0.26599039929073115
40889	0.3623695728000806	0.3658201808796871	0.27181024632023226
40890	0.20646410884551933	0.3762004174441083	0.4173354737103723
40891	0.31255495258267985	0.31371455161215733	0.3737304958051628
40892	0.37248554669700806	0.37024247753192796	0.2572719757710639
40893	0.25044916385322774	0.37595237454268626	0.373598461604086
40894	0.36710598902845587	0.3677902889217602	0.265103722049784
40895	0.37782883699639025	0.36129549194839145	0.2608756710552183
40896	0.37782883699639025	0.36129549194839145	0.2608756710552183
40897	0.363732424796638	0.36948129431799553	0.2667862808853665
40898	0.29216901943696627	0.3798048562161494	0.32802612434688433
40899	0.38119711710835225	0.3596015875311704	0.2592012953604774
40900	0.25044916385322774	0.37595237454268626	0.373598461604086
40901	0.36710598902845587	0.3677902889217602	0.265103722049784
40902	0.37331614957191855	0.372571083671325	0.2541127667567564
40903	0.3599209617761236	0.3629264127146926	0.2771526255091838
40904	0.36710598902845587	0.3677902889217602	0.265103722049784
40905	0.34867971057016234	0.34899409631401296	0.30232619311582465
40906	0.36279202576874786	0.3638577240054171	0.27335025022583503
40907	0.2824892456716811	0.36336954002679145	0.3541412143015274
40908	0.37483725031548226	0.37314945907207153	0.2520132906124463
40909	0.37830303179869906	0.2491443252960385	0.3725526429052625
40910	0.2508339916045581	0.3751538403302848	0.374012168065157
40911	0.3671312572178847	0.3671751351962699	0.2656936075858454
40912	0.37334897456058674	0.3709469346470996	0.25570409079231354
40913	0.36710598902845587	0.3677902889217602	0.265103722049784
40914	0.25504268914624567	0.3739520296850472	0.371005281168707
40915	0.3549917952581241	0.35565351382137056	0.28935469092050536
40916	0.36710598902845587	0.3677902889217602	0.265103722049784
40917	0.36781379029863176	0.3674060677677625	0.2647801419336056
40918	0.3731276344779529	0.3730481579555264	0.25382420756652063
40919	0.3658675574305624	0.36856827634789896	0.2655641662215387
40920	0.20333060515054374	0.30538309908519373	0.4912862957642624
40921	0.36710598902845587	0.3677902889217602	0.265103722049784
40922	0.2221363878067284	0.3003849145649385	0.47747869762833306
40923	0.34867971057016234	0.34899409631401296	0.30232619311582465
40924	0.2793559393799055	0.3766133707132347	0.3440306899068598
40925	0.2508339916045581	0.3751538403302848	0.374012168065157
40926	0.2814461099949292	0.19537092954340857	0.5231829604616622
40927	0.2711675589792063	0.1965771587840956	0.532255282236698
40928	0.36710598902845587	0.3677902889217602	0.265103722049784
40929	0.2684017074783708	0.3763853725332498	0.35521291998837945
40930	0.36668194617784405	0.3657901011843707	0.2675279526377853
40931	0.36710598902845587	0.3677902889217602	0.265103722049784
40932	0.36710598902845587	0.3677902889217602	0.265103722049784
40933	0.25127451342554047	0.37373453137233453	0.374990955202125
40934	0.3340120500624633	0.377909418471329	0.2880785314662076
40935	0.37376081196447786	0.37209779313879654	0.2541413948967256
40936	0.30820992374966055	0.3087844389997694	0.3830056372505701
40937	0.3204253130817683	0.38138983496441814	0.29818485195381356
40938	0.2508339916045581	0.3751538403302848	0.374012168065157
40939	0.35376432050124684	0.3552064301297608	0.2910292493689923
40940	0.25044916385322774	0.37595237454268626	0.373598461604086
40941	0.36710598902845587	0.3677902889217602	0.265103722049784
40942	0.3693872606853393	0.3693731368868923	0.2612396024277684
40943	0.36710598902845587	0.3677902889217602	0.265103722049784
40944	0.20859481397000545	0.31258870422240276	0.4788164818075919
40945	0.36710598902845587	0.3677902889217602	0.265103722049784
40946	0.36710598902845587	0.3677902889217602	0.265103722049784
40947	0.36710598902845587	0.3677902889217602	0.265103722049784
40948	0.38119711710835225	0.3596015875311704	0.2592012953604774
40949	0.2459024930793481	0.36932756581108495	0.384769941109567
40950	0.36710598902845587	0.3677902889217602	0.265103722049784
40951	0.25835835938081286	0.25043026079749203	0.49121137982169505
40952	0.36710598902845587	0.3677902889217602	0.265103722049784
40953	0.3686783846220539	0.36976137398367853	0.2615602413942676
40954	0.34867971057016234	0.34899409631401296	0.30232619311582465
40955	0.2510997079457882	0.3735434155551153	0.37535687649909655
40956	0.23506368918824866	0.360538375689602	0.40439793512214933
40957	0.3729314620945819	0.3548537306337441	0.2722148072716741
40958	0.2444918310036552	0.3670097476387669	0.38849842135757795
40959	0.3608665593027817	0.3615392286555251	0.27759421204169316
40960	0.3094192792100518	0.3829212857420224	0.30765943504792587
40961	0.17847401351576897	0.36079393754247546	0.4607320489417555
40962	0.2592575667911527	0.35296333349303494	0.3877790997158123
40963	0.36710598902845587	0.3677902889217602	0.265103722049784
40964	0.36099526377290175	0.38111478284246464	0.2578899533846335
40965	0.3732696010904046	0.37284915346194314	0.2538812454476523
40966	0.36809588749064936	0.36611259733141166	0.26579151517793903
40967	0.25504268914624567	0.3739520296850472	0.371005281168707
40968	0.36710598902845587	0.3677902889217602	0.265103722049784
40969	0.3152492471969011	0.31583688409414507	0.3689138687089539
40970	0.34429075397174363	0.3514581950756527	0.30425105095260363
40971	0.3113899739988931	0.38127690492256294	0.3073331210785439
40972	0.3592396665745336	0.3621253524978704	0.278634980927596
40973	0.3431329178564346	0.3536903228159389	0.30317675932762644
40974	0.33416434758786284	0.3446391973879981	0.32119645502413907
40975	0.36710598902845587	0.3677902889217602	0.265103722049784
40976	0.2718355443598077	0.36759081920696124	0.36057363643323104
40977	0.2900499428104135	0.3669823937428048	0.34296766344678165
40978	0.2769174616163992	0.37742081790480875	0.345661720478792
40979	0.24991490157535837	0.3698839096774544	0.3802011887471872
40980	0.3125570093339635	0.3811293078396565	0.3063136828263801
40981	0.36710598902845587	0.3677902889217602	0.265103722049784
40982	0.1902490442079849	0.3599133485896214	0.4498376072023937
40983	0.3611344277565081	0.36180759639638604	0.2770579758471058
40984	0.2480112618718304	0.35343564993298643	0.3985530881951832
40985	0.36989665735852517	0.3665654346879592	0.2635379079535158
40986	0.2771242069121503	0.3776504440073486	0.3452253490805011
40987	0.36710598902845587	0.3677902889217602	0.265103722049784
40988	0.1944252044807693	0.3656589237542292	0.43991587176500146
40989	0.2504426179680882	0.3761408311489117	0.37341655088300013
40990	0.26581989477277784	0.35945613040102853	0.3747239748261935
40991	0.26581989477277784	0.35945613040102853	0.3747239748261935
40992	0.36710598902845587	0.3677902889217602	0.265103722049784
40993	0.29561190693862205	0.37122260750882385	0.33316548555255415
40994	0.19735600756484514	0.2932387981128329	0.509405194322322
40995	0.36393138605206726	0.36002588706381067	0.2760427268841221
40996	0.36611493096760944	0.3671602106116159	0.26672485842077454
40997	0.3731276344779529	0.3730481579555264	0.25382420756652063
40998	0.36710598902845587	0.3677902889217602	0.265103722049784
40999	0.2771242069121503	0.3776504440073486	0.3452253490805011
41000	0.3686783846220539	0.36976137398367853	0.2615602413942676
41001	0.36710598902845587	0.3677902889217602	0.265103722049784
41002	0.35506007213346874	0.3557219178757697	0.2892180099907616
41003	0.36710598902845587	0.3677902889217602	0.265103722049784
41004	0.3729314620945819	0.3548537306337441	0.2722148072716741
41005	0.35643951272637986	0.37816526059156236	0.2653952266820577
41006	0.37367242725094596	0.26079142946400186	0.36553614328505213
41007	0.34832576770535695	0.36780488191398025	0.28386935038066285
41008	0.31307335741613185	0.3859142536125311	0.3010123889713371
41009	0.36710598902845587	0.3677902889217602	0.265103722049784
41010	0.3550005575609467	0.3556622924574676	0.2893371499815857
41011	0.36710598902845587	0.3677902889217602	0.265103722049784
41012	0.36710598902845587	0.3677902889217602	0.265103722049784
41013	0.2771242069121503	0.3776504440073486	0.3452253490805011
41014	0.2718355443598077	0.36759081920696124	0.36057363643323104
41015	0.3624215400728234	0.35361421005949173	0.2839642498676849
41016	0.36710598902845587	0.3677902889217602	0.265103722049784
41017	0.35504820588915054	0.35509063975223754	0.28986115435861187
41018	0.36894631114864734	0.3474387700574763	0.28361491879387624
41019	0.23814007174456078	0.36127568455511727	0.40058424370032186
41020	0.36710598902845587	0.3677902889217602	0.265103722049784
41021	0.2718355443598077	0.36759081920696124	0.36057363643323104
41022	0.36871636254898976	0.36751396554607424	0.26376967190493605
41023	0.2526459799937426	0.3738521013382376	0.37350191866801974
41024	0.23005604564506793	0.3617111698056234	0.4082327845493088
41025	0.3809804481880592	0.26288197221330917	0.3561375795986315
41026	0.3651792089094485	0.3681126057492059	0.26670818534134566
41027	0.2785867104046772	0.37836021694663585	0.34305307264868706
41028	0.2684017074783708	0.3763853725332498	0.35521291998837945
41029	0.2684017074783708	0.3763853725332498	0.35521291998837945
41030	0.3827933633366717	0.3614943135882524	0.25571232307507596
41031	0.2554566181897162	0.3781556013743525	0.36638778043593134
41032	0.2771242069121503	0.3776504440073486	0.3452253490805011
41033	0.2771242069121503	0.3776504440073486	0.3452253490805011
41034	0.3152066671327147	0.3573502274287168	0.3274431054385685
41035	0.34867971057016234	0.34899409631401296	0.30232619311582465
41036	0.36710598902845587	0.3677902889217602	0.265103722049784
41037	0.36710598902845587	0.3677902889217602	0.265103722049784
41038	0.357138091073656	0.3777821992738011	0.26507970965254285
41039	0.36710598902845587	0.3677902889217602	0.265103722049784
41040	0.31084743069227755	0.3080479946427929	0.38110457466492953
41041	0.2068201934910869	0.3747653462769984	0.41841446023191475
41042	0.35643951272637986	0.37816526059156236	0.2653952266820577
41043	0.2718355443598077	0.36759081920696124	0.36057363643323104
41044	0.36710598902845587	0.3677902889217602	0.265103722049784
41045	0.36710598902845587	0.3677902889217602	0.265103722049784
41046	0.2510598204040236	0.3728337382574127	0.37610644133856375
41047	0.36712999446813593	0.3674610158407647	0.26540898969109933
41048	0.3731276344779529	0.3730481579555264	0.25382420756652063
41049	0.36710598902845587	0.3677902889217602	0.265103722049784
41050	0.2523915137996053	0.3778877672289265	0.3697207189714683
41051	0.3671312572178847	0.3671751351962699	0.2656936075858454
41052	0.36710598902845587	0.3677902889217602	0.265103722049784
41053	0.38119711710835225	0.3596015875311704	0.2592012953604774
41054	0.36710598902845587	0.3677902889217602	0.265103722049784
41055	0.36710598902845587	0.3677902889217602	0.265103722049784
41056	0.24508084137906588	0.3665492792527214	0.3883698793682127
41057	0.2510997079457882	0.3735434155551153	0.37535687649909655
41058	0.3612185730942936	0.3703422264388599	0.2684392004668465
41059	0.26736676650306784	0.37736145138706695	0.3552717821098652
41060	0.35412216336391433	0.37419187294755285	0.2716859636885329
41061	0.25003553607338885	0.3731401663943636	0.37682429753224767
41062	0.25044916385322774	0.37595237454268626	0.373598461604086
41063	0.36710598902845587	0.3677902889217602	0.265103722049784
41064	0.36710598902845587	0.3677902889217602	0.265103722049784
41065	0.2498498854636524	0.37610127786107517	0.3740488366752724
41066	0.25661303253583173	0.37665765873093715	0.3667293087332312
41067	0.20331728752830405	0.3052021250724047	0.4914805873992912
41068	0.3152492471969011	0.31583688409414507	0.3689138687089539
41069	0.36871636254898976	0.36751396554607424	0.26376967190493605
41070	0.25044916385322774	0.37595237454268626	0.373598461604086
41071	0.36710598902845587	0.3677902889217602	0.265103722049784
41072	0.38119711710835225	0.3596015875311704	0.2592012953604774
41073	0.307113926813503	0.30828689611923765	0.3845991770672594
41074	0.3687078438104323	0.36914701112001946	0.2621451450695483
41075	0.3734838288284389	0.3725495077444116	0.25396666342714946
41076	0.36584330664835474	0.368898210991546	0.26525848236009925
41077	0.35362112986030436	0.3521989948662448	0.29417987527345085
41078	0.3275578096722037	0.3674719336057049	0.3049702567220914
41079	0.36710598902845587	0.3677902889217602	0.265103722049784
41080	0.34906780716471403	0.35079287791485836	0.3001393149204277
41081	0.2510598204040236	0.3728337382574127	0.37610644133856375
41082	0.3671312572178847	0.3671751351962699	0.2656936075858454
41083	0.34981991143081737	0.36330639652684626	0.28687369204233637
41084	0.36710598902845587	0.3677902889217602	0.265103722049784
41085	0.3648312042277678	0.368595626680501	0.266573169091731
41086	0.36307378242436494	0.3654435944448346	0.2714826231308005
41087	0.256013647872248	0.3124809928139099	0.4315053593138421
41088	0.2594219829883268	0.37850209860582895	0.3620759184058442
41089	0.36710598902845587	0.3677902889217602	0.265103722049784
41090	0.3686892413490788	0.36812794567830953	0.2631828129726116
41091	0.2508339916045581	0.3751538403302848	0.374012168065157
41092	0.3009173833614603	0.301478305098471	0.3976043115400688
41093	0.3641654234350218	0.3678071103436991	0.2680274662212791
41094	0.3627214708120746	0.36917345699155196	0.2681050721963734
41095	0.36710598902845587	0.3677902889217602	0.265103722049784
41096	0.25504268914624567	0.3739520296850472	0.371005281168707
41097	0.3674231524475253	0.36923893414101416	0.26333791341146057
41098	0.36710598902845587	0.3677902889217602	0.265103722049784
41099	0.36584330664835474	0.368898210991546	0.26525848236009925
41100	0.25875587341943235	0.3830314274503819	0.3582126991301858
41101	0.2521201510846822	0.37212214139571625	0.37575770751960147
41102	0.29604628735068134	0.3745692005243266	0.32938451212499203
41103	0.29604628735068134	0.3745692005243266	0.32938451212499203
41104	0.36668194617784405	0.3657901011843707	0.2675279526377853
41105	0.36710598902845587	0.3677902889217602	0.265103722049784
41106	0.3686892413490788	0.36812794567830953	0.2631828129726116
41107	0.36710598902845587	0.3677902889217602	0.265103722049784
41108	0.25044916385322774	0.37595237454268626	0.373598461604086
41109	0.30083890802065893	0.31809681985123145	0.3810642721281097
41110	0.36710598902845587	0.3677902889217602	0.265103722049784
41111	0.36710598902845587	0.3677902889217602	0.265103722049784
41112	0.3671312572178847	0.3671751351962699	0.2656936075858454
41113	0.36710598902845587	0.3677902889217602	0.265103722049784
41114	0.38119711710835225	0.3596015875311704	0.2592012953604774
41115	0.38119711710835225	0.3596015875311704	0.2592012953604774
41116	0.3333344607394567	0.3782650939931025	0.28840044526744085
41117	0.28449879864731004	0.2867841090178744	0.42871709233481553
41118	0.37655145722641603	0.36240520030201606	0.26104334247156785
41119	0.3150925069758388	0.315679851707865	0.36922764131629615
41120	0.3218737955142725	0.32247378081469885	0.3556524236710287
41121	0.32364047714218863	0.32314776408975654	0.3532117587680548
41122	0.36781379029863176	0.3674060677677625	0.2647801419336056
41123	0.23319603886458098	0.3691804682510647	0.39762349288435433
41124	0.36710598902845587	0.3677902889217602	0.265103722049784
41125	0.2395791722221778	0.38054304339518086	0.37987778438264125
41126	0.25044916385322774	0.37595237454268626	0.373598461604086
41127	0.36710598902845587	0.3677902889217602	0.265103722049784
41128	0.3734838288284389	0.3725495077444116	0.25396666342714946
41129	0.26260077892756445	0.36825060813794513	0.3691486129344904
41130	0.2492091822414359	0.37385942277015943	0.37693139498840467
41131	0.3734838288284389	0.3725495077444116	0.25396666342714946
41132	0.21209311433008762	0.3630472987855306	0.42485958688438175
41133	0.3686892413490788	0.36812794567830953	0.2631828129726116
41134	0.35980781832608566	0.3769705112282693	0.26322167044564493
41135	0.2684017074783708	0.3763853725332498	0.35521291998837945
41136	0.36710598902845587	0.3677902889217602	0.265103722049784
41137	0.36710598902845587	0.3677902889217602	0.265103722049784
41138	0.33561854018988313	0.33592114937880074	0.32846031043131607
41139	0.36260700824279235	0.37051167125628304	0.26688132050092456
41140	0.38119711710835225	0.3596015875311704	0.2592012953604774
41141	0.25504268914624567	0.3739520296850472	0.371005281168707
41142	0.36710598902845587	0.3677902889217602	0.265103722049784
41143	0.2718355443598077	0.36759081920696124	0.36057363643323104
41144	0.3623695728000806	0.3658201808796871	0.27181024632023226
41145	0.3333344607394567	0.3782650939931025	0.28840044526744085
41146	0.36710598902845587	0.3677902889217602	0.265103722049784
41147	0.3550005575609467	0.3556622924574676	0.2893371499815857
41148	0.2743040688014101	0.3617169960294213	0.36397893516916857
41149	0.3659086103663279	0.37132295899170353	0.26276843064196853
41150	0.3794314259631134	0.36160154172439607	0.2589670323124905
41151	0.2882482380662164	0.3136924784874463	0.39805928344633723
41152	0.15854526330374039	0.35209703546296905	0.48935770123329053
41153	0.24149485778681132	0.2417126006514803	0.5167925415617083
41154	0.3693872606853393	0.3693731368868923	0.2612396024277684
41155	0.2510238872705919	0.3756970845224774	0.37327902820693076
41156	0.27629078704083126	0.31116479141634157	0.41254442154282717
41157	0.28446831056940375	0.3869690498907219	0.32856263953987436
41158	0.3550005575609467	0.3556622924574676	0.2893371499815857
41159	0.363732424796638	0.36948129431799553	0.2667862808853665
41160	0.3717744060832705	0.3706352983316945	0.2575902955850351
41161	0.36710598902845587	0.3677902889217602	0.265103722049784
41162	0.3412966652770014	0.3739032606007621	0.28480007412223646
41163	0.25044916385322774	0.37595237454268626	0.373598461604086
41164	0.36710598902845587	0.3677902889217602	0.265103722049784
41165	0.2494656979041252	0.3769005148986628	0.373633787197212
41166	0.36584330664835474	0.368898210991546	0.26525848236009925
41167	0.37447331379980375	0.3717010019225826	0.2538256842776136
41168	0.38119711710835225	0.3596015875311704	0.2592012953604774
41169	0.36710598902845587	0.3677902889217602	0.265103722049784
41170	0.3686892413490788	0.36812794567830953	0.2631828129726116
41171	0.3624749375228027	0.37058775843270925	0.2669373040444881
41172	0.27425507460202203	0.3668389155051958	0.3589060098927822
41173	0.36710598902845587	0.3677902889217602	0.265103722049784
41174	0.2475632346684166	0.38257039072420995	0.3698663746073734
41175	0.36710598902845587	0.3677902889217602	0.265103722049784
41176	0.2724863392041497	0.37422034225459194	0.3532933185412583
41177	0.2516755151962049	0.3732891546758555	0.3750353301279396
41178	0.3671312572178847	0.3671751351962699	0.2656936075858454
41179	0.3279632695711549	0.37288510030127453	0.29915163012757046
41180	0.36710598902845587	0.3677902889217602	0.265103722049784
41181	0.24618240039033482	0.37237232456836267	0.38144527504130255
41182	0.3623695728000806	0.3658201808796871	0.27181024632023226
41183	0.2227823830497411	0.34939161524244944	0.4278260017078094
41184	0.3318195890587338	0.3811723959489146	0.28700801499235157
41185	0.36710598902845587	0.3677902889217602	0.265103722049784
41186	0.36710598902845587	0.3677902889217602	0.265103722049784
41187	0.30814926950508054	0.30872367164544495	0.38312705884947457
41188	0.36710598902845587	0.3677902889217602	0.265103722049784
41189	0.31678312262138525	0.3579235197966723	0.3252933575819424
41190	0.2743769873876432	0.38361616248003205	0.3420068501323247
41191	0.3610168254429755	0.3616897748915118	0.2772933996655128
41192	0.36781379029863176	0.3674060677677625	0.2647801419336056
41193	0.36710598902845587	0.3677902889217602	0.265103722049784
41194	0.36710598902845587	0.3677902889217602	0.265103722049784
41195	0.30820992374966055	0.3087844389997694	0.3830056372505701
41196	0.2504426179680882	0.3761408311489117	0.37341655088300013
41197	0.2718355443598077	0.36759081920696124	0.36057363643323104
41198	0.24538608495043826	0.36504365955644225	0.3895702554931195
41199	0.2475632346684166	0.38257039072420995	0.3698663746073734
41200	0.12903277063094393	0.3453497899763661	0.5256174393926899
41201	0.21015869275896487	0.37540674733096724	0.41443455991006783
41202	0.2501900539259072	0.37291657313908405	0.3768933729350088
41203	0.36609162035311427	0.36748984500194215	0.2664185346449435
41204	0.38119711710835225	0.3596015875311704	0.2592012953604774
41205	0.3536616356027708	0.3716404550955873	0.27469790930164195
41206	0.2863872947845789	0.3725014232818632	0.3411112819335578
41207	0.3750523665508597	0.372849560863895	0.25209807258524525
41208	0.3556905662148244	0.35529628230897725	0.28901315147619827
41209	0.2667572800404206	0.37055129251777186	0.36269142744180766
41210	0.2518505743910925	0.373479922207593	0.3746695034013145
41211	0.2508339916045581	0.3751538403302848	0.374012168065157
41212	0.36710598902845587	0.3677902889217602	0.265103722049784
41213	0.16777291798698427	0.3524234958810387	0.47980358613197693
41214	0.2641010361155265	0.37026157487616285	0.36563738900831066
41215	0.36114371981385107	0.3614693436832587	0.27738693650289026
41216	0.37159606815629986	0.3722993459647195	0.2561045858789807
41217	0.29604628735068134	0.3745692005243266	0.32938451212499203
41218	0.288586025606382	0.37432983194953307	0.33708414244408486
41219	0.2814164127101592	0.36423067805924336	0.3543529092305973
41220	0.3481685640396625	0.3612043712559639	0.29062706470437366
41221	0.3336129494612172	0.386802030396488	0.27958502014229475
41222	0.3686892413490788	0.36812794567830953	0.2631828129726116
41223	0.35985133777759903	0.3587487620177561	0.2813999002046449
41224	0.25504268914624567	0.3739520296850472	0.371005281168707
41225	0.16124418120853784	0.3542350454757644	0.48452077331569776
41226	0.24680981986846887	0.36996825471329237	0.3832219254182388
41227	0.3080012006640125	0.3788087878618248	0.31319001147416275
41228	0.2869670450984319	0.38017667240705055	0.33285628249451754
41229	0.3678952081492186	0.3678852599612164	0.264219531889565
41230	0.3819156922266756	0.3592105009301426	0.2588738068431819
41231	0.38119711710835225	0.3596015875311704	0.2592012953604774
41232	0.2428571306423975	0.3742199059140049	0.38292296344359755
41233	0.28096072093643004	0.28778051423384415	0.43125876482972586
41234	0.34867971057016234	0.34899409631401296	0.30232619311582465
41235	0.36710598902845587	0.3677902889217602	0.265103722049784
41236	0.36710598902845587	0.3677902889217602	0.265103722049784
41237	0.35541897713737486	0.34781378612662517	0.2967672367359999
41238	0.36701846654987325	0.36716068073549224	0.26582085271463446
41239	0.36144988898914876	0.36475895933532876	0.2737911516755224
41240	0.38122148895925984	0.3592791225053849	0.25949938853535526
41241	0.3692186543606502	0.3700364366225595	0.2607449090167904
41242	0.36781379029863176	0.3674060677677625	0.2647801419336056
41243	0.38119711710835225	0.3596015875311704	0.2592012953604774
41244	0.36710598902845587	0.3677902889217602	0.265103722049784
41245	0.3564702629984661	0.37753933771080284	0.26599039929073115
41246	0.36710598902845587	0.3677902889217602	0.265103722049784
41247	0.2306402800359335	0.3785063844983082	0.39085333546575823
41248	0.34201005668962586	0.37799916424701496	0.2799907790633591
41249	0.36710598902845587	0.3677902889217602	0.265103722049784
41250	0.3077287105613782	0.3083023288721232	0.3839689605664985
41251	0.21579329608813236	0.2918074406843745	0.49239926322749317
41252	0.3611518574100652	0.36182505856961705	0.27702308402031767
41253	0.3611518574100652	0.36182505856961705	0.27702308402031767
41254	0.36710598902845587	0.3677902889217602	0.265103722049784
41255	0.34867971057016234	0.34899409631401296	0.30232619311582465
41256	0.2508339916045581	0.3751538403302848	0.374012168065157
41257	0.3333344607394567	0.3782650939931025	0.28840044526744085
41258	0.36111450212081664	0.36144009964749485	0.2774453982316885
41259	0.15784311662897751	0.3524682536219642	0.4896886297490582
41260	0.1705283985653893	0.367297683326957	0.46217391810765374
41261	0.2666971153546236	0.3833851932893078	0.3499176913560686
41262	0.3734838288284389	0.3725495077444116	0.25396666342714946
41263	0.3686783846220539	0.36976137398367853	0.2615602413942676
41264	0.16640740035972507	0.3491809604380232	0.4844116392022519
41265	0.2624881797685133	0.3676065259312044	0.3699052943002823
41266	0.36710598902845587	0.3677902889217602	0.265103722049784
41267	0.3080603942817735	0.30809721223377634	0.3838423934844501
41268	0.35643951272637986	0.37816526059156236	0.2653952266820577
41269	0.36631126324586333	0.36754370962190136	0.2661450271322353
41270	0.2526842544429895	0.3745609523736282	0.3727547931833824
41271	0.3372939360571594	0.24094742167694513	0.4217586422658955
41272	0.31254633353729605	0.38148274303253743	0.3059709234301665
41273	0.36710598902845587	0.3677902889217602	0.265103722049784
41274	0.36781379029863176	0.3674060677677625	0.2647801419336056
41275	0.36611493096760944	0.3671602106116159	0.26672485842077454
41276	0.3400442158821776	0.3700605895049028	0.2898951946129196
41277	0.3412794140261683	0.3742438606907194	0.28447672528311235
41278	0.27079688372505073	0.36855704935997824	0.36064606691497114
41279	0.30814926950508054	0.30872367164544495	0.38312705884947457
41280	0.36710598902845587	0.3677902889217602	0.265103722049784
41281	0.2653751163790402	0.3616393950053461	0.37298548861561376
41282	0.36712999446813593	0.3674610158407647	0.26540898969109933
41283	0.32845320673226736	0.3806560345264759	0.29089075874125675
41284	0.2535775374961436	0.3730678992324268	0.37335456327142963
41285	0.3536616356027708	0.3716404550955873	0.27469790930164195
41286	0.36710598902845587	0.3677902889217602	0.265103722049784
41287	0.28562897344557564	0.3929420555909284	0.321428970963496
41288	0.30820729486997056	0.374915103265559	0.3168776018644705
41289	0.2771242069121503	0.3776504440073486	0.3452253490805011
41290	0.36710598902845587	0.3677902889217602	0.265103722049784
41291	0.2668384649205345	0.36641320600630456	0.3667483290731609
41292	0.3487006345148648	0.3493506261089142	0.3019487393762209
41293	0.36710598902845587	0.3677902889217602	0.265103722049784
41294	0.36710598902845587	0.3677902889217602	0.265103722049784
41295	0.36710598902845587	0.3677902889217602	0.265103722049784
41296	0.3579377056655797	0.3601247090350913	0.281937585299329
41297	0.36710598902845587	0.3677902889217602	0.265103722049784
41298	0.36710598902845587	0.3677902889217602	0.265103722049784
41299	0.36710598902845587	0.3677902889217602	0.265103722049784
41300	0.2152665325910075	0.38099171783289904	0.40374174957609354
41301	0.34251848823625497	0.36529225361018075	0.2921892581535643
41302	0.3671312572178847	0.3671751351962699	0.2656936075858454
41303	0.36781379029863176	0.3674060677677625	0.2647801419336056
41304	0.3610978250545339	0.36177092549566603	0.27713124944980005
41305	0.27637968053225676	0.37507252539788305	0.3485477940698602
41306	0.30820992374966055	0.3087844389997694	0.3830056372505701
41307	0.30498645832372445	0.3082205354122852	0.3867930062639902
41308	0.36710598902845587	0.3677902889217602	0.265103722049784
41309	0.36989665735852517	0.3665654346879592	0.2635379079535158
41310	0.36710598902845587	0.3677902889217602	0.265103722049784
41311	0.36710598902845587	0.3677902889217602	0.265103722049784
41312	0.29011287802426516	0.36706202180687614	0.34282510016885864
41313	0.2624881797685133	0.3676065259312044	0.3699052943002823
41314	0.2890986146758039	0.30526562099975135	0.40563576432444487
41315	0.28126247643898517	0.38884771280250535	0.3298898107585096
41316	0.3686036089543142	0.36750002022967865	0.2638963708160072
41317	0.36710598902845587	0.3677902889217602	0.265103722049784
41318	0.38346096319415995	0.2647428115496406	0.3517962252561995
41319	0.3030036157789969	0.30588892065844	0.3911074635625632
41320	0.23433765560969774	0.31934315905726374	0.4463191853330385
41321	0.36781379029863176	0.3674060677677625	0.2647801419336056
41322	0.3596922612136894	0.3809022435829435	0.25940549520336714
41323	0.3100030847009469	0.31061505142292967	0.37938186387612355
41324	0.11715185559127368	0.26884883583969155	0.6139993085690348
41325	0.36989665735852517	0.3665654346879592	0.2635379079535158
41326	0.20977064833688255	0.31200352905815987	0.47822582260495755
41327	0.36710598902845587	0.3677902889217602	0.265103722049784
41328	0.3731276344779529	0.3730481579555264	0.25382420756652063
41329	0.368714239177471	0.3677992569544642	0.2634865038680648
41330	0.2399209818338268	0.379851573694999	0.3802274444711741
41331	0.35412216336391433	0.37419187294755285	0.2716859636885329
41332	0.35518932585588997	0.3792786027502629	0.26553207139384727
41333	0.36710598902845587	0.3677902889217602	0.265103722049784
41334	0.3493993062742761	0.3598035530689876	0.2907971406567364
41335	0.29604628735068134	0.3745692005243266	0.32938451212499203
41336	0.02781589238209242	0.19323411216893507	0.7789499954489724
41337	0.38119711710835225	0.3596015875311704	0.2592012953604774
41338	0.3671312572178847	0.3671751351962699	0.2656936075858454
41339	0.3333344607394567	0.3782650939931025	0.28840044526744085
41340	0.36584330664835474	0.368898210991546	0.26525848236009925
41341	0.36584330664835474	0.368898210991546	0.26525848236009925
41342	0.3663347156253194	0.3672141550017116	0.266451129372969
41343	0.36710598902845587	0.3677902889217602	0.265103722049784
41344	0.30259593381786387	0.31023889728481524	0.3871651688973209
41345	0.36710598902845587	0.3677902889217602	0.265103722049784
41346	0.2624881797685133	0.3676065259312044	0.3699052943002823
41347	0.25996533443428965	0.38357398088631056	0.3564606846793998
41348	0.3832162247660156	0.36365164839308955	0.2531321268408949
41349	0.36710598902845587	0.3677902889217602	0.265103722049784
41350	0.2399128185364866	0.3743471875784374	0.385739993885076
41351	0.3536616356027708	0.3716404550955873	0.27469790930164195
41352	0.38371503502507154	0.3484879943039875	0.26779697067094094
41353	0.36710598902845587	0.3677902889217602	0.265103722049784
41354	0.2504426179680882	0.3761408311489117	0.37341655088300013
41355	0.35643951272637986	0.37816526059156236	0.2653952266820577
41356	0.2862280122950348	0.2864860885837515	0.4272858991212136
41357	0.28098438136440407	0.36265965668279454	0.3563559619528013
41358	0.2771242069121503	0.3776504440073486	0.3452253490805011
41359	0.2684017074783708	0.3763853725332498	0.35521291998837945
41360	0.36710598902845587	0.3677902889217602	0.265103722049784
41361	0.30814926950508054	0.30872367164544495	0.38312705884947457
41362	0.3544518221995823	0.3563511599821643	0.2891970178182534
41363	0.07363445786718989	0.2568987034528818	0.6694668386799283
41364	0.25114220436302714	0.3506732927877729	0.3981845028492001
41365	0.34535588933659933	0.36538742089729265	0.289256689766108
41366	0.3686783846220539	0.36976137398367853	0.2615602413942676
41367	0.36710598902845587	0.3677902889217602	0.265103722049784
41368	0.36710598902845587	0.3677902889217602	0.265103722049784
41369	0.2504426179680882	0.3761408311489117	0.37341655088300013
41370	0.36710598902845587	0.3677902889217602	0.265103722049784
41371	0.25504268914624567	0.3739520296850472	0.371005281168707
41372	0.36114251408427733	0.3618156978275053	0.2770417880882175
41373	0.12229320718603622	0.3300584638662041	0.5476483289477597
41374	0.3729314620945819	0.3548537306337441	0.2722148072716741
41375	0.36710598902845587	0.3677902889217602	0.265103722049784
41376	0.3667613544863252	0.3684577947932396	0.2647808507204352
41377	0.3491959152685228	0.3521504787655648	0.29865360596591245
41378	0.3491959152685228	0.3521504787655648	0.29865360596591245
41379	0.35643951272637986	0.37816526059156236	0.2653952266820577
41380	0.2775297144693326	0.3771329918821629	0.3453372936485045
41381	0.3550364568474706	0.37252839270544563	0.27243515044708383
41382	0.3610499136839038	0.3611898151442447	0.27776027117185154
41383	0.2504426179680882	0.3761408311489117	0.37341655088300013
41384	0.3748522259276281	0.2599319762969498	0.36521579777542207
41385	0.38119711710835225	0.3596015875311704	0.2592012953604774
41386	0.34782623727263734	0.3489964911736583	0.30317727155370444
41387	0.3340120500624633	0.377909418471329	0.2880785314662076
41388	0.36989665735852517	0.3665654346879592	0.2635379079535158
41389	0.3617170988351018	0.35397714175500494	0.28430575940989333
41390	0.33275891523994366	0.3731288941413011	0.2941121906187552
41391	0.36584330664835474	0.368898210991546	0.26525848236009925
41392	0.36710598902845587	0.3677902889217602	0.265103722049784
41393	0.36710598902845587	0.3677902889217602	0.265103722049784
41394	0.36710598902845587	0.3677902889217602	0.265103722049784
41395	0.27540370917601564	0.37761668863018527	0.34697960219379914
41396	0.3152492471969011	0.31583688409414507	0.3689138687089539
41397	0.2769174616163992	0.37742081790480875	0.345661720478792
41398	0.36710598902845587	0.3677902889217602	0.265103722049784
41399	0.36701846654987325	0.36716068073549224	0.26582085271463446
41400	0.33846127854799735	0.3587701055060432	0.30276861594595933
41401	0.24166914773462303	0.3446557163600362	0.4136751359053407
41402	0.2684017074783708	0.3763853725332498	0.35521291998837945
41403	0.36710598902845587	0.3677902889217602	0.265103722049784
41404	0.36710598902845587	0.3677902889217602	0.265103722049784
41405	0.3514347971384882	0.34793528987833783	0.30062991298317393
41406	0.2508339916045581	0.3751538403302848	0.374012168065157
41407	0.19748813868364137	0.29441162923292524	0.5081002320834332
41408	0.3729314620945819	0.3548537306337441	0.2722148072716741
41409	0.3550005575609467	0.3556622924574676	0.2893371499815857
41410	0.34074976447061095	0.23628447045183323	0.4229657650775559
41411	0.36710598902845587	0.3677902889217602	0.265103722049784
41412	0.30814926950508054	0.30872367164544495	0.38312705884947457
41413	0.37782883699639025	0.36129549194839145	0.2608756710552183
41414	0.312002389133732	0.3819287695174952	0.3060688413487728
41415	0.36781379029863176	0.3674060677677625	0.2647801419336056
41416	0.38119711710835225	0.3596015875311704	0.2592012953604774
41417	0.36388654859627334	0.36917732959337346	0.2669361218103531
41418	0.3671312572178847	0.3671751351962699	0.2656936075858454
41419	0.2976498404473472	0.37700158557168834	0.32534857398096445
41420	0.36710598902845587	0.3677902889217602	0.265103722049784
41421	0.2937388114940773	0.2942863520297586	0.41197483647616406
41422	0.25686810617641453	0.37895976044265034	0.36417213338093507
41423	0.38122148895925984	0.3592791225053849	0.25949938853535526
41424	0.36710598902845587	0.3677902889217602	0.265103722049784
41425	0.36710598902845587	0.3677902889217602	0.265103722049784
41426	0.3670752325188893	0.3687478696201623	0.26417689786094833
41427	0.2523915137996053	0.3778877672289265	0.3697207189714683
41428	0.35414483000551533	0.3764230300247352	0.2694321399697496
41429	0.2510062482095653	0.37550776377222456	0.3734859880182101
41430	0.2684017074783708	0.3763853725332498	0.35521291998837945
41431	0.2769174616163992	0.37742081790480875	0.345661720478792
41432	0.3340120500624633	0.377909418471329	0.2880785314662076
41433	0.2973062114686509	0.20554793849341438	0.4971458500379347
41434	0.36710598902845587	0.3677902889217602	0.265103722049784
41435	0.376387017018353	0.3577781180159092	0.2658348649657379
41436	0.23381945901084594	0.3543625443020237	0.41181799668713037
41437	0.34914636771581026	0.35315896093102656	0.29769467135316324
41438	0.2684017074783708	0.3763853725332498	0.35521291998837945
41439	0.2510238872705919	0.3756970845224774	0.37327902820693076
41440	0.36781379029863176	0.3674060677677625	0.2647801419336056
41441	0.3558248965596415	0.3786154237101727	0.2655596797301857
41442	0.35839240580340403	0.34311919011332076	0.29848840408327515
41443	0.36710598902845587	0.3677902889217602	0.265103722049784
41444	0.349388654974708	0.36013853447291405	0.29047281055237806
41445	0.2958383323561147	0.37817139360425484	0.32599027403963043
41446	0.35516437463752215	0.3547476252916076	0.2900880000708703
41447	0.3333344607394567	0.3782650939931025	0.28840044526744085
41448	0.29604628735068134	0.3745692005243266	0.32938451212499203
41449	0.35384628935522316	0.3746606260587618	0.271493084586015
41450	0.3762859486031719	0.3712722656167498	0.25244178578007836
41451	0.3731276344779529	0.3730481579555264	0.25382420756652063
41452	0.35146384134879755	0.3393739144631324	0.30916224418807015
41453	0.30989942163649054	0.3094276280139786	0.3806729503495309
41454	0.36710598902845587	0.3677902889217602	0.265103722049784
41455	0.36710598902845587	0.3677902889217602	0.265103722049784
41456	0.36109769521900126	0.36177079541811474	0.277131509362884
41457	0.3504693524593147	0.3514988529565517	0.2980317945841336
41458	0.31543229722994776	0.26370230566857406	0.42086539710147813
41459	0.31320199081767586	0.3811487766786393	0.30564923250368486
41460	0.3874524792933915	0.36441159539736234	0.24813592530924602
41461	0.3819156922266756	0.3592105009301426	0.2588738068431819
41462	0.358388757407764	0.3618086598242561	0.27980258276798
41463	0.24667251250369548	0.3819378766540855	0.3713896108422189
41464	0.3731276344779529	0.3730481579555264	0.25382420756652063
41465	0.36710598902845587	0.3677902889217602	0.265103722049784
41466	0.3750948821399156	0.3538450555857456	0.27106006227433876
41467	0.36710598902845587	0.3677902889217602	0.265103722049784
41468	0.36710598902845587	0.3677902889217602	0.265103722049784
41469	0.36710598902845587	0.3677902889217602	0.265103722049784
41470	0.36710598902845587	0.3677902889217602	0.265103722049784
41471	0.38428541819608736	0.36586827249890125	0.24984630930501142
41472	0.3748522259276281	0.2599319762969498	0.36521579777542207
41473	0.36588549422154365	0.3677302579499187	0.2663842478285376
41474	0.24953782000859204	0.3755133554360288	0.37494882455537915
41475	0.349388654974708	0.36013853447291405	0.29047281055237806
41476	0.37147122961176443	0.3685202567112269	0.2600085136770087
41477	0.36710598902845587	0.3677902889217602	0.265103722049784
41478	0.2624881797685133	0.3676065259312044	0.3699052943002823
41479	0.3723811558859716	0.355565996977767	0.27205284713626154
41480	0.36710598902845587	0.3677902889217602	0.265103722049784
41481	0.3550005575609467	0.3556622924574676	0.2893371499815857
41482	0.2695123552552935	0.3819253564472008	0.3485622882975057
41483	0.34878359907710155	0.36376166924653325	0.2874547316763653
41484	0.35667831278051	0.35772605204154506	0.28559563517794495
41485	0.36781379029863176	0.3674060677677625	0.2647801419336056
41486	0.36710598902845587	0.3677902889217602	0.265103722049784
41487	0.3623880311697871	0.36520178813898846	0.27241018069122447
41488	0.3734838288284389	0.3725495077444116	0.25396666342714946
41489	0.36710598902845587	0.3677902889217602	0.265103722049784
41490	0.36710598902845587	0.3677902889217602	0.265103722049784
41491	0.24628878668123094	0.37029850766450617	0.38341270565426294
41492	0.3416511533545396	0.35901940527836257	0.29932944136709777
41493	0.3612185730942936	0.3703422264388599	0.2684392004668465
41494	0.36710598902845587	0.3677902889217602	0.265103722049784
41495	0.2967483655105983	0.20577279198144852	0.4974788425079532
41496	0.25835835938081286	0.25043026079749203	0.49121137982169505
41497	0.1569176992922213	0.22706512642393872	0.61601717428384
41498	0.3125570093339635	0.3811293078396565	0.3063136828263801
41499	0.2475632346684166	0.38257039072420995	0.3698663746073734
41500	0.38119711710835225	0.3596015875311704	0.2592012953604774
41501	0.367389549655128	0.3654085860196027	0.26720186432526943
41502	0.35504971297764626	0.35571153950178264	0.2892387475205711
41503	0.38346096319415995	0.2647428115496406	0.3517962252561995
41504	0.25504268914624567	0.3739520296850472	0.371005281168707
41505	0.36710598902845587	0.3677902889217602	0.265103722049784
41506	0.36710598902845587	0.3677902889217602	0.265103722049784
41507	0.3274337579155812	0.37156902691576776	0.300997215168651
41508	0.2625483022895207	0.36817701904216416	0.36927467866831526
41509	0.3674231524475253	0.36923893414101416	0.26333791341146057
41510	0.1844433274456001	0.36572594260127295	0.4498307299531269
41511	0.2853838873807292	0.37767462880428426	0.3369414838149866
41512	0.3623695728000806	0.3658201808796871	0.27181024632023226
41513	0.2538837108118399	0.3604859712500443	0.3856303179381158
41514	0.2475632346684166	0.38257039072420995	0.3698663746073734
41515	0.3692186543606502	0.3700364366225595	0.2607449090167904
41516	0.2958383323561147	0.37817139360425484	0.32599027403963043
41517	0.3665500592616267	0.36851422571244913	0.2649357150259242
41518	0.36710598902845587	0.3677902889217602	0.265103722049784
41519	0.36781379029863176	0.3674060677677625	0.2647801419336056
41520	0.3623695728000806	0.3658201808796871	0.27181024632023226
41521	0.38352402782205725	0.3595039222217637	0.25697204995617906
41522	0.36710598902845587	0.3677902889217602	0.265103722049784
41523	0.36710598902845587	0.3677902889217602	0.265103722049784
41524	0.36114251408427733	0.3618156978275053	0.2770417880882175
41525	0.3731276344779529	0.3730481579555264	0.25382420756652063
41526	0.2475632346684166	0.38257039072420995	0.3698663746073734
41527	0.3890579084904153	0.2540253550206099	0.35691673648897476
41528	0.36710598902845587	0.3677902889217602	0.265103722049784
41529	0.245950436915503	0.38241829631340446	0.37163126677109254
41530	0.33147639791866346	0.37847266780137323	0.2900509342799632
41531	0.34867971057016234	0.34899409631401296	0.30232619311582465
41532	0.36781379029863176	0.3674060677677625	0.2647801419336056
