21257	0.1581567072293238	0.6815618007886992	0.16028149198197705
21258	0.10718967980805512	0.7997768534848326	0.09303346670711217
21259	0.24537669321628217	0.6727968670902258	0.08182643969349197
21260	0.12781541544817362	0.7943284044347635	0.07785618011706286
21261	0.20189185283363673	0.37139954450581086	0.42670860266055244
21262	0.24072499497529223	0.4424263528374155	0.3168486521872922
21263	0.06340967364948315	0.68945972365448	0.2471306026960368
21264	0.21762513646466045	0.7083373234904323	0.07403754004490729
21265	0.2198325480289888	0.7418217192621582	0.03834573270885298
21266	0.05973404457727044	0.6636241427024315	0.27664181272029803
21267	0.06065113960391357	0.34465081443293055	0.5946980459631558
21268	0.08840640658238519	0.7522416196719354	0.15935197374567936
21269	0.19030105335890493	0.7297759497651727	0.07992299687592226
21270	0.16176248896931808	0.5511787942841849	0.287058716746497
21271	0.24985081073311985	0.5127557298670724	0.23739345939980772
21272	0.18528339345829078	0.7223909124817888	0.09232569405992046
21273	0.0990998493662676	0.8939015337702702	0.006998616863462235
21274	0.36558576295706285	0.5584081601767054	0.07600607686623163
21275	0.3821507056833718	0.5310264748309691	0.086822819485659
21276	0.26539357890614546	0.6423604761468916	0.09224594494696291
21277	0.11483623434237476	0.8465104678736877	0.038653297783937474
21278	0.5037092890451715	0.41073035049495354	0.08556036045987492
21279	0.3931582743462863	0.5007703996161217	0.10607132603759191
21280	0.055154756389756386	0.7414751643432099	0.20337007926703365
21281	0.17234788452069774	0.7238206254773264	0.10383149000197588
21282	0.05925423071338897	0.5481257198273443	0.3926200494592668
21283	0.12028130545662519	0.7853532622304741	0.09436543231290077
21284	0.08557191049876754	0.8122936998588989	0.10213438964233346
21285	0.08646518653460329	0.7026120217742801	0.21092279169111658
21286	0.10590424918003317	0.8516889051747419	0.042406845645224955
21287	0.2677647932860763	0.6823580545791791	0.04987715213474465
21288	0.12427847396156111	0.7944257036478959	0.08129582239054302
21289	0.1522165944033865	0.7779718808756448	0.0698115247209687
21290	0.10419489368454567	0.8097907192014909	0.08601438711396332
21291	0.1809218091645167	0.7687930592790512	0.05028513155643224
21292	0.12970034645782014	0.4515397963945101	0.4187598571476698
21293	0.1540976007108975	0.5672056373557375	0.278696761933365
21294	0.09152145784934101	0.2766108131184026	0.6318677290322564
21295	0.1456113138658901	0.523385407852619	0.33100327828149095
21296	0.21924245573645992	0.6443789106014305	0.13637863366210962
21297	0.18256202611399422	0.7350428740621204	0.08239509982388539
21298	0.1334341017429941	0.8195652875729623	0.04700061068404356
21299	0.23730926227593552	0.7108639403382723	0.051826797385792274
21300	0.24147697337807475	0.6579487260311461	0.10057430059077925
21301	0.23993250912173805	0.28280121821873894	0.4772662726595229
21302	0.17172844566125192	0.7502086551837902	0.07806289915495777
21303	0.14755886617446243	0.7827326849241288	0.0697084489014088
21304	0.3698234357375327	0.5124841705253502	0.11769239373711704
21305	0.11362579884882866	0.5659808940250873	0.320393307126084
21306	0.08197457609242785	0.7445896368779151	0.17343578702965715
21307	0.08885065510364898	0.821772922852324	0.08937642204402714
21308	0.05828049040945765	0.7309156248231096	0.21080388476743275
21309	0.10759118854319234	0.78390249682881	0.10850631462799769
21310	0.20428405116221934	0.4530513583210623	0.34266459051671827
21311	0.4026079886160863	0.5740715248120855	0.023320486571828336
21312	0.027624092987072815	0.2730462743993517	0.6993296326135754
21313	0.08594428358824306	0.8591950772119604	0.0548606391997965
21314	0.12978359824037236	0.7570941340888039	0.11312226767082369
21315	0.1674180470900698	0.6127640059108511	0.2198179469990792
21316	0.1386219541046186	0.43922036486103333	0.4221576810343481
21317	0.3360068699099142	0.5765531583412477	0.08743997174883818
21318	0.1362242161647353	0.7438678878861623	0.11990789594910238
21319	0.21588758421822027	0.5715537223567327	0.21255869342504705
21320	0.1390635678027627	0.6251269523213957	0.23580947987584158
21321	0.0954415061379491	0.5488670854647458	0.35569140839730506
21322	0.18880532445217812	0.7044471197422587	0.10674755580556317
21323	0.1161693465482781	0.8362027063495313	0.04762794710219053
21324	0.12367249362715514	0.6268134851935362	0.24951402117930863
21325	0.05972643787379974	0.8941542007939635	0.04611936133223692
21326	0.033472460246981826	0.847922074020523	0.11860546573249531
21327	0.11960838092269144	0.7011075331020343	0.17928408597527423
21328	0.1536088589493224	0.7673014787124731	0.07908966233820436
21329	0.05977627687212431	0.5285565619777697	0.41166716115010593
21330	0.04298459874726168	0.5679172754885526	0.3890981257641857
21331	0.060237506896924885	0.3958502515066049	0.5439122415964702
21332	0.11719083833694834	0.5895471497907693	0.29326201187228246
21333	0.2555580034364637	0.6720509965197733	0.07239100004376305
21334	0.1385858796745474	0.6892239118446808	0.17219020848077182
21335	0.15483579859704505	0.779844570018375	0.06531963138458
21336	0.08512244816385438	0.797910051967864	0.11696749986828148
21337	0.4231224076258997	0.5133542806109924	0.06352331176310777
21338	0.052080668988806665	0.5557737215695323	0.39214560944166105
21339	0.05830959780451117	0.39070924957437575	0.5509811526211131
21340	0.15375375259097154	0.7256990533026566	0.12054719410637187
21341	0.25681259904902737	0.6963520385590253	0.046835362391947404
21342	0.13586460985677407	0.5564935063731286	0.3076418837700973
21343	0.3919386937587035	0.45850734068298166	0.149553965558315
21344	0.2883414387587408	0.6062692601143249	0.10538930112693427
21345	0.34380603358893896	0.5713264863107748	0.08486748010028623
21346	0.2519412325289883	0.658169798339082	0.08988896913192974
21347	0.044150935600583106	0.520888114898332	0.43496094950108494
21348	0.18182778185161377	0.7656055728814491	0.052566645266937134
21349	0.1685365161587816	0.7873519150685991	0.044111568772619396
21350	0.3515988208592759	0.5951083785928903	0.0532928005478337
21351	0.11496180643957594	0.8303361278885376	0.05470206567188646
21352	0.2627793997694337	0.7127377618185439	0.024482838412022468
21353	0.22462989909829276	0.6398708818559363	0.13549921904577097
21354	0.12678256591414605	0.7266966768837246	0.1465207572021293
21355	0.18244120529119665	0.7401646277218785	0.07739416698692482
21356	0.17113825799765933	0.7573165592618585	0.0715451827404822
21357	0.21617857457952275	0.7194299570105884	0.06439146840988873
21358	0.16865367331711137	0.7556016558618865	0.07574467082100206
21359	0.16865367331711137	0.7556016558618865	0.07574467082100206
21360	0.10690663648828012	0.8325877227941624	0.06050564071755754
21361	0.21631180937572939	0.7525611878112612	0.031127002813009477
21362	0.07201055776379418	0.3202143659447607	0.607775076291445
21363	0.2652394212682501	0.6702901006471446	0.06447047808460528
21364	0.5366040437051812	0.41702074454408083	0.04637521175073795
21365	0.12867314694218893	0.7555214330553476	0.11580542000246345
21366	0.07959301300998399	0.7741387559925311	0.1462682309974848
21367	0.07362173418389881	0.8128757631646234	0.11350250265147792
21368	0.2452899093866743	0.5553621592433254	0.19934793137000015
21369	0.17049360994858234	0.5174557651914865	0.31205062485993107
21370	0.2570892844460298	0.6708102949525214	0.07210042060144882
21371	0.29583498542129344	0.6426213862155993	0.06154362836310723
21372	0.06307514228824947	0.831899723309976	0.10502513440177445
21373	0.10178986736388634	0.7807604290061522	0.11744970362996159
21374	0.07975468696818419	0.8812101363850143	0.03903517664680136
21375	0.15303927465662545	0.8036725281655747	0.043288197177799935
21376	0.475307447809534	0.43054069784531723	0.09415185434514883
21377	0.2833681816726805	0.6002406857031556	0.1163911326241639
21378	0.15605470478826192	0.7603423141672611	0.08360298104447701
21379	0.34323924423926994	0.5498610225932392	0.10689973316749087
21380	0.36701364783245527	0.554801363556316	0.07818498861122866
21381	0.44467563623625433	0.4919489462663364	0.0633754174974092
21382	0.03590509709080409	0.6429727649729241	0.3211221379362717
21383	0.10132310310519177	0.8478630270865106	0.050813869808297586
21384	0.0785538722366856	0.4948424915677658	0.4266036361955487
21385	0.13937815253947602	0.6997412265684942	0.16088062089202967
21386	0.06416326337424862	0.5920220355566882	0.34381470106906326
21387	0.22236237058584837	0.6998112513277254	0.07782637808642628
21388	0.07829393404800473	0.7881609096902545	0.13354515626174077
21389	0.19663953286289093	0.7343069915348989	0.06905347560221013
21390	0.16002278560858632	0.7720706468667627	0.06790656752465092
21391	0.21851329061607797	0.7613691580005	0.020117551383422114
21392	0.23358889242604738	0.5741453646101108	0.19226574296384177
21393	0.20280076126156818	0.39399358661876765	0.403205652119664
21394	0.35241017401209135	0.5353751984279742	0.11221462755993443
21395	0.38664663434273744	0.39756155882741284	0.21579180682984977
21396	0.05698996456774865	0.766489017860892	0.1765210175713594
21397	0.2995177793696084	0.6435975083137012	0.056884712316690345
21398	0.17880378727768995	0.744504465972739	0.07669174674957113
21399	0.1667946705581759	0.6843469786087072	0.14885835083311696
21400	0.18842903276591985	0.7344289243165267	0.07714204291755343
21401	0.13189311574203297	0.8031734088300618	0.06493347542790534
21402	0.10244067987753057	0.8077694683525781	0.08978985176989122
21403	0.05482998506945874	0.6054616638133173	0.3397083511172239
21404	0.06044171115208039	0.681548243447507	0.25801004540041256
21405	0.17007822986026047	0.5200385803097842	0.3098831898299553
21406	0.2126763341710731	0.5567802754016357	0.23054339042729113
21407	0.06259984615985033	0.5644674184000124	0.37293273544013744
21408	0.17129065562774234	0.8149360836209084	0.013773260751349275
21409	0.20877553356195375	0.7671065894020717	0.024117877035974556
21410	0.23440572473047575	0.7422950544359522	0.023299220833572096
21411	0.12237673713089241	0.7730366595959354	0.1045866032731722
21412	0.14075523414215488	0.7534618791809654	0.10578288667687985
21413	0.5673733795585961	0.40020233166742386	0.032424288773979994
21414	0.02090952664157299	0.6411565350600023	0.3379339382984248
21415	0.06331785549306297	0.8634342752522836	0.07324786925465347
21416	0.15288622279949096	0.47981626269702354	0.3672975145034855
21417	0.4583945035730368	0.5292620377170735	0.012343458709889786
21418	0.26469567256120846	0.7021000653172315	0.03320426212156003
21419	0.20486419156728272	0.7113358104782096	0.08379999795450772
21420	0.0432039576289682	0.810170762382635	0.14662527998839672
21421	0.2849320208758996	0.6340935586727644	0.08097442045133611
21422	0.24441875010876513	0.723510183117821	0.03207106677341385
21423	0.10711223509021478	0.8613869936910299	0.031500771218755344
21424	0.19529100243665534	0.7706059021297205	0.0341030954336242
21425	0.06893009465116316	0.8686817638010528	0.062388141547784076
21426	0.16793510778748913	0.5615969440943026	0.27046794811820823
21427	0.13157289524129	0.7249548351928149	0.14347226956589504
21428	0.3430585752712836	0.6098090796645906	0.04713234506412576
21429	0.2713226092950745	0.6292236727648318	0.09945371794009374
21430	0.13007493335543158	0.6161736751037535	0.2537513915408149
21431	0.0289549957218323	0.3607959718574021	0.6102490324207656
21432	0.21490181243055415	0.6748012657736234	0.11029692179582255
21433	0.09767983511206922	0.7153423246477141	0.18697784024021677
21434	0.07934605200969544	0.40996266678264454	0.5106912812076602
21435	0.20429035237839033	0.6853053230949255	0.11040432452668425
21436	0.21027855208367882	0.7440140456793879	0.04570740223693331
21437	0.24035858288262904	0.7304826351490427	0.029158781968328124
21438	0.20746767367113736	0.4441991989088554	0.34833312742000727
21439	0.09854546081895504	0.712089714792	0.18936482438904498
21440	0.30638983802614567	0.6361499246661919	0.0574602373076624
21441	0.17382421720419586	0.7962807291243209	0.02989505367148318
21442	0.176335258489471	0.797446953048755	0.026217788461773944
21443	0.08778849269360538	0.5603809346703362	0.35183057263605844
21444	0.6081468787677333	0.34610803258059875	0.045745088651667924
21445	0.059446144385740564	0.7111906164180763	0.22936323919618296
21446	0.2154029983973552	0.7053376914034749	0.07925931019916985
21447	0.07964619492812054	0.691100503857557	0.22925330121432252
21448	0.04229355713233887	0.6112943860922002	0.34641205677546094
21449	0.09475574782943143	0.8166243426238659	0.08861990954670274
21450	0.15281026591467295	0.7806373692884877	0.06655236479683944
21451	0.04910597094969868	0.3959885611741458	0.5549054678761555
21452	0.16699280656024493	0.7797737046535588	0.05323348878619627
21453	0.1980646775709428	0.7450802260637414	0.05685509636531586
21454	0.050358049741305255	0.8722823941406915	0.0773595561180032
21455	0.149397839199233	0.7346489318088762	0.11595322899189087
21456	0.08052218911212537	0.7580208832498517	0.16145692763802286
21457	0.14836850917914782	0.8469933324991774	0.0046381583216747665
21458	0.10663401258387824	0.6334899623437744	0.2598760250723474
21459	0.12684985426774148	0.8203505183733126	0.05279962735894597
21460	0.3107146184437672	0.6266320241725581	0.06265335738367477
21461	0.14672994573560266	0.8207503478786037	0.03251970638579363
21462	0.5633563841602743	0.3963712318017251	0.04027238403800047
21463	0.05917766439838953	0.623248472013109	0.3175738635885014
21464	0.1876369231824846	0.5532321353445678	0.2591309414729476
21465	0.28388045740003776	0.6764401085810343	0.03967943401892792
21466	0.19599623229418073	0.6908683275437103	0.11313544016210904
21467	0.02070931740712586	0.39193736140027396	0.5873533211926001
21468	0.09366673556626282	0.8205746207939355	0.08575864363980173
21469	0.08636618340880205	0.8634063594682294	0.050227457122968534
21470	0.09414922497549176	0.7236178910006003	0.182232884023908
21471	0.3170485889563753	0.5892344866662086	0.09371692437741615
21472	0.2269355710579465	0.7375563064105902	0.03550812253146326
21473	0.049128181393181425	0.34289717986486085	0.6079746387419577
21474	0.10943403819938685	0.4946277613144508	0.3959382004861623
21475	0.08927082771500087	0.7990054744221667	0.11172369786283236
21476	0.10404558004000487	0.7768373511037802	0.11911706885621504
21477	0.08361216343432461	0.32332907119873805	0.5930587653669374
21478	0.35049274250686696	0.6061117492131182	0.04339550828001487
21479	0.08457090114646097	0.49108492693576294	0.424344171917776
21480	0.20583805546179326	0.7258033206972944	0.06835862384091236
21481	0.22777161755210598	0.6994317123301981	0.07279667011769597
21482	0.41985136340435	0.49384970121225114	0.08629893538339883
21483	0.23239910048040024	0.614175668872584	0.15342523064701571
21484	0.07401701742817929	0.521634116526585	0.40434886604523573
21485	0.1162564941899858	0.43891786629591306	0.44482563951410103
21486	0.03912484848687072	0.31627170050122483	0.6446034510119044
21487	0.056257791126119144	0.37023549133639566	0.5735067175374852
21488	0.03167858947065028	0.8677160399342098	0.10060537059514003
21489	0.05436577634328779	0.833913002910697	0.11172122074601516
21490	0.13924553128211284	0.6906671752663843	0.17008729345150284
21491	0.26228680758784223	0.670271178931534	0.0674420134806238
21492	0.2658806090782393	0.6951075867320325	0.039011804189728196
21493	0.19326193523847135	0.7012870877241316	0.10545097703739705
21494	0.49874120646803877	0.46744087869061896	0.03381791484134227
21495	0.13984648404546363	0.8085407727955559	0.0516127431589804
21496	0.0665947331798674	0.8666304536411392	0.06677481317899336
21497	0.08234885818696908	0.8925163528399286	0.025134788973102357
21498	0.2438786258406913	0.6183257668748916	0.1377956072844171
21499	0.1616342139481533	0.8115630459900202	0.02680274006182659
21500	0.22002243664638188	0.662061189346545	0.11791637400707311
21501	0.11736648593064557	0.6157028846539322	0.2669306294154223
21502	0.16395964332266902	0.700992931189366	0.13504742548796483
21503	0.25486267317436667	0.6390146183922135	0.10612270843341985
21504	0.10600882750715677	0.8260791469079852	0.06791202558485805
21505	0.18996681045381592	0.7211499761916947	0.08888321335448936
21506	0.30870455565743504	0.6413034560075788	0.04999198833498623
21507	0.180594395569722	0.6144995938843412	0.2049060105459369
21508	0.35580408902856114	0.5856263675285378	0.05856954344290108
21509	0.24754299168600422	0.608311301782014	0.1441457065319818
21510	0.09979676095032479	0.5530558266344737	0.3471474124152015
21511	0.08330811474537565	0.6785414558196438	0.2381504294349807
21512	0.16010052378921988	0.74747099295486	0.09242848325592024
21513	0.1010072106783473	0.28484015136047985	0.6141526379611729
21514	0.19791430619012343	0.38762776868322457	0.4144579251266521
21515	0.06288218783114635	0.8378603893403117	0.09925742282854182
21516	0.1606908028278613	0.6181434422755903	0.22116575489654852
21517	0.19720092389906274	0.773439934651718	0.029359141449219212
21518	0.02094864522665966	0.345871386110373	0.6331799686629674
21519	0.14102207830553612	0.7908724665510726	0.06810545514339139
21520	0.25395895760206527	0.7014311747053917	0.0446098676925431
21521	0.03315062150997345	0.37470226967585374	0.5921471088141729
21522	0.06735469096154521	0.46614527096127595	0.4665000380771788
21523	0.5274910458854705	0.4315611525363761	0.040947801578153385
21524	0.10206999646012538	0.8010802425519773	0.09684976098789733
21525	0.17427037474475907	0.7517410895474982	0.07398853570774278
21526	0.18545124972235774	0.7777730000092037	0.036775750268438594
21527	0.26174376446126046	0.7134046102891777	0.024851625249561828
21528	0.07814244721305749	0.40872575148666573	0.5131318013002768
21529	0.14491651417663312	0.8129524266261635	0.042131059197203335
21530	0.07370054180029621	0.4943967771248083	0.43190268107489554
21531	0.11949568766276854	0.8476722007596273	0.0328321115776041
21532	0.11272247337987522	0.4700655222136718	0.41721200440645295
21533	0.22700166845940253	0.7155788687402763	0.057419462800321126
21534	0.18833314800106868	0.7661748026185871	0.045492049380344346
21535	0.09516326347095892	0.5654721672176878	0.3393645693113532
21536	0.1928972704201977	0.7738043403867435	0.0332983891930587
21537	0.1939726455432753	0.7548299326189388	0.051197421837785785
21538	0.19463993334536833	0.766761457090344	0.03859860956428757
21539	0.350518026908105	0.4953957333159333	0.1540862397759617
21540	0.022012687019901847	0.8032319006524736	0.1747554123276245
21541	0.43795366037069927	0.4742567755597749	0.0877895640695258
21542	0.03706929476261357	0.25228615467866283	0.7106445505587234
21543	0.1505773282202437	0.5627046123641484	0.28671805941560796
21544	0.13831809521133712	0.7165726205671644	0.1451092842214985
21545	0.24044514806232162	0.6133425224757204	0.14621232946195795
21546	0.3490780464226075	0.5535859485586868	0.09733600501870576
21547	0.12265868589038247	0.35061921258276546	0.5267221015268521
21548	0.0874726058605008	0.7814418372948827	0.13108555684461642
21549	0.6798287273263034	0.2870263806415458	0.03314489203215079
21550	0.03854766563806572	0.8203295928029527	0.1411227415589815
21551	0.18068554065805423	0.7401140295848466	0.07920042975709919
21552	0.47005458557911944	0.5194309121259651	0.010514502294915401
21553	0.3161614320318911	0.49679192573727565	0.1870466422308332
21554	0.09011266559219622	0.19466671566157923	0.7152206187462246
21555	0.026754450173672065	0.2928326666823557	0.6804128831439723
21556	0.15216280712914257	0.7230160706179953	0.12482112225286225
21557	0.1204809182712736	0.6397266904479948	0.23979239128073163
21558	0.2095985291462162	0.7321505232461316	0.05825094760765217
21559	0.09734854106161316	0.2797867179448412	0.6228647409935456
21560	0.0834153173608506	0.879074451001185	0.037510231637964415
21561	0.2972591512907001	0.6454314153767151	0.05730943333258479
21562	0.05798507543436008	0.8680026998417075	0.07401222472393236
21563	0.23165735463758752	0.5524544067456197	0.21588823861679277
21564	0.2391761355879861	0.6920355791439546	0.06878828526805927
21565	0.15473191998480054	0.778697086028823	0.0665709939863764
21566	0.15398877238098127	0.7786082397973026	0.06740298782171614
21567	0.1659832831772212	0.7661559250693518	0.06786079175342696
21568	0.1493856370179743	0.7967371459104632	0.05387721707156251
21569	0.21275388204332182	0.6294847354424721	0.1577613825142061
21570	0.19206403220011856	0.6580611867678653	0.14987478103201612
21571	0.16799493172402502	0.7879919824346878	0.04401308584128721
21572	0.18787124307556616	0.7826936182578983	0.029435138666535576
21573	0.2951860933258547	0.6590216844310137	0.04579222224313154
21574	0.22322959671031803	0.5909744133286448	0.1857959899610372
21575	0.14874309605274463	0.7894621039706107	0.061794799976644686
21576	0.0545366097087631	0.9175430437755109	0.02792034651572606
21577	0.1541921159723733	0.8028613612149552	0.04294652281267163
21578	0.04163813605203762	0.4470364815599987	0.5113253823879637
21579	0.028860047857010362	0.8293908046622561	0.14174914748073356
21580	0.0651630784294679	0.8562069824199426	0.07862993915058931
21581	0.34094712590659554	0.5301959044364023	0.12885696965700214
21582	0.37614708328802204	0.5831736359745054	0.040679280737472436
21583	0.23250109572460045	0.7016781617100737	0.06582074256532577
21584	0.32611653120303263	0.5256597176342478	0.1482237511627195
21585	0.06628332571153966	0.31944323546991876	0.6142734388185417
21586	0.09208014249178914	0.2901917484097764	0.6177281090984345
21587	0.10944069107520378	0.5327816348019153	0.35777767412288103
21588	0.045643862032429074	0.8916614477811353	0.06269469018643554
21589	0.09089871744391242	0.7228411351795837	0.1862601473765039
21590	0.07787758779843634	0.5699542822762541	0.3521681299253096
21591	0.0755983577120698	0.7835397321147766	0.14086191017315366
21592	0.3990890657774773	0.49378801354445856	0.10712292067806407
21593	0.11759498544815938	0.717225997357115	0.16517901719472566
21594	0.2035310563311583	0.6985494682860133	0.09791947538282846
21595	0.25076915792478216	0.6344724384255794	0.11475840364963841
21596	0.42633224821466564	0.4929983189951823	0.08066943279015205
21597	0.16203512624540273	0.7796164961469153	0.058348377607681995
21598	0.2642409636753106	0.693656727432738	0.042102308891951316
21599	0.06278538044533986	0.8862985677678646	0.050916051786795535
21600	0.07400713951000099	0.7927275482418529	0.13326531224814617
21601	0.06077926561849533	0.2497787899572744	0.6894419444242302
21602	0.30472897331220167	0.5614019820791075	0.13386904460869067
21603	0.3455295163136361	0.5770582494780744	0.0774122342082894
21604	0.31507974585478804	0.611262851412759	0.07365740273245289
21605	0.354458207611666	0.6014639250828858	0.044077867305448236
21606	0.06231504524613459	0.4280844662094456	0.5096004885444197
21607	0.07246937950232261	0.4419305146854851	0.4856001058121923
21608	0.25567544370526835	0.594152318317776	0.15017223797695564
21609	0.6387134459601108	0.2988959928515999	0.06239056118828935
21610	0.28006170257124646	0.6565275009112713	0.06341079651748215
21611	0.21564763200167444	0.6462600677261806	0.13809230027214495
21612	0.04446610301870347	0.3301353922097466	0.62539850477155
21613	0.13014547131419044	0.7496617107263722	0.12019281795943722
21614	0.35477285521356555	0.5460772631644882	0.09914988162194625
21615	0.1659466761567522	0.7368239547262666	0.09722936911698123
21616	0.15454000920647068	0.7480995138924577	0.09736047690107176
21617	0.12977036948509008	0.6109212023178344	0.25930842819707545
21618	0.16432388013884983	0.8004953837259524	0.035180736135197906
21619	0.17249674029313034	0.5995830658973006	0.22792019380956893
21620	0.07861316634882193	0.7905667284762994	0.13082010517487866
21621	0.18712173084097974	0.7354694446452449	0.07740882451377527
21622	0.3558765921704463	0.6174941727449729	0.026629235084580743
21623	0.2528642998936849	0.5585643499040028	0.18857135020231233
21624	0.04104109840365159	0.8617940675205741	0.09716483407577436
21625	0.38362978687424976	0.5879949060854034	0.028375307040346853
21626	0.45965317930776406	0.45647106564815365	0.08387575504408228
21627	0.20193941343523822	0.700225755651663	0.0978348309130988
21628	0.0970522584249538	0.874625760644386	0.028321980930660226
21629	0.03809000077993751	0.7289490957258863	0.23296090349417634
21630	0.09910032728632971	0.41204647645806536	0.4888531962556049
21631	0.09950933322222238	0.7949403045301052	0.10555036224767243
21632	0.042748671542592376	0.3982791295283917	0.5589721989290161
21633	0.15170162467212242	0.4013401599488886	0.446958215378989
21634	0.30485005264828813	0.5843882150855716	0.11076173226614039
21635	0.18517874439127116	0.790295116311238	0.024526139297490774
21636	0.36272472955192164	0.5179241735351385	0.11935109691293981
21637	0.36195329926820136	0.5460707933633483	0.09197590736845022
21638	0.18951209598272298	0.7119904380821436	0.09849746593513349
21639	0.06614986794563384	0.7861042425192842	0.14774588953508186
21640	0.12208310618898277	0.6963598180993397	0.18155707571167748
21641	0.17835717250202507	0.7793076596323741	0.04233516786560077
21642	0.1625848235648463	0.633655993947753	0.2037591824874007
21643	0.29289358293671114	0.6660984866416741	0.04100793042161471
21644	0.2896507388054881	0.6894695963373008	0.02087966485721122
21645	0.0619067015917818	0.7855527974480981	0.15254050096012015
21646	0.18959498560622437	0.6390769334208443	0.17132808097293137
21647	0.1268540651867603	0.8298497014563974	0.04329623335684229
21648	0.23071198267284942	0.6836653995006797	0.08562261782647078
21649	0.10406278357183413	0.7443775168801018	0.15155969954806411
21650	0.03876850437617043	0.40920709778870473	0.5520243978351249
21651	0.11846587979897956	0.6709073730313749	0.21062674716964555
21652	0.24727745155185663	0.7156150520411003	0.03710749640704317
21653	0.04624761234421445	0.7559546340281623	0.19779775362762328
21654	0.0571273327582951	0.8668352694305902	0.07603739781111477
21655	0.05690943783833324	0.7571602910263214	0.1859302711353454
21656	0.1395410620692614	0.7592204841927132	0.10123845373802533
21657	0.049051625625258284	0.28821818122538684	0.6627301931493549
21658	0.08247305301630613	0.3366607010438128	0.5808662459398811
21659	0.28211224573612875	0.6230579138755484	0.09482984038832283
21660	0.2073355719370491	0.7341289508355734	0.058535477227377626
21661	0.09626795758032086	0.4632173088233799	0.4405147335962993
21662	0.21171248572488732	0.7432878500976553	0.0449996641774574
21663	0.13741272486616596	0.3750365907500086	0.4875506843838255
21664	0.10996514644774025	0.6521367655650725	0.23789808798718728
21665	0.05064684400804755	0.8553419474842002	0.09401120850775219
21666	0.12910658399855648	0.8284621526650802	0.042431263336363344
21667	0.07290272498130156	0.5729523942565781	0.35414488076212036
21668	0.5365596881020718	0.3758097217504229	0.08763059014750535
21669	0.16618350198105777	0.7515477211967436	0.08226877682219867
21670	0.1664998624160404	0.7582961506674638	0.07520398691649581
21671	0.08051123100524528	0.7904658034552154	0.12902296553953932
21672	0.15478320605596727	0.6729707656793624	0.17224602826467025
21673	0.2618378083069097	0.6130282544332067	0.12513393725988356
21674	0.4199836815492109	0.5042618924050388	0.07575442604575028
21675	0.06558976654938932	0.8590120799719657	0.07539815347864504
21676	0.1319606991962036	0.8164271455310147	0.05161215527278177
21677	0.16260258549650855	0.8017558453653802	0.03564156913811125
21678	0.037605558857642364	0.30493740814450027	0.6574570329978574
21679	0.0676414220156609	0.5836568791066105	0.34870169887772867
21680	0.09395713649710664	0.6972288348927306	0.20881402861016282
21681	0.1832044756002252	0.5531484236959066	0.26364710070386826
21682	0.19515154044126104	0.552803228793968	0.2520452307647709
21683	0.1483426996646163	0.8111199783120439	0.040537322023340004
21684	0.4225234358295353	0.5503330260052605	0.027143538165204262
21685	0.3550313265731387	0.6004315024435312	0.044537170983330286
21686	0.1603223615514842	0.6334866748622354	0.2061909635862804
21687	0.2214246362388658	0.5661431486186347	0.21243221514249946
21688	0.05463150962792507	0.568066300159694	0.377302190212381
21689	0.16208375888679974	0.7647520060513315	0.0731642350618687
21690	0.3452867856659154	0.5996619877985714	0.05505122653551328
21691	0.371577546813886	0.5038479595322042	0.12457449365390984
21692	0.32345216892264833	0.5685189055345822	0.10802892554276955
21693	0.06474781123656101	0.33423623335276936	0.6010159554106697
21694	0.24907348236179586	0.6817670647704387	0.06915945286776534
21695	0.41840862607010304	0.5485007365338894	0.03309063739600748
21696	0.09677406531537053	0.8413895007980807	0.06183643388654881
21697	0.18570232391673366	0.7424224696961415	0.07187520638712486
21698	0.055089255555322514	0.8041210748472953	0.1407896695973821
21699	0.0873532400921558	0.7688468051935163	0.14379995471432785
21700	0.2629871091391618	0.5298571500938624	0.20715574076697588
21701	0.23975197651300953	0.7446651353066779	0.015582888180312423
21702	0.08345850108971405	0.5499617229216064	0.3665797759886795
21703	0.06919662349979684	0.7641448111489343	0.16665856535126874
21704	0.15933932293171946	0.7457257820712547	0.09493489499702579
21705	0.13532599312944943	0.5771845329220603	0.28748947394849034
21706	0.22798927180510387	0.7085502478552109	0.06346048033968518
21707	0.1816910500821738	0.666207670083501	0.15210127983432528
21708	0.08015556462280084	0.4324506698665867	0.48739376551061236
21709	0.05696428093810111	0.48374126299078074	0.4592944560711181
21710	0.13851131734122554	0.3895506179328228	0.4719380647259516
21711	0.3742232628358426	0.5873707350085805	0.03840600215557687
21712	0.32199214043252256	0.5401190733830626	0.13788878618441472
21713	0.4171265123013222	0.5465205795737634	0.03635290812491439
21714	0.14886913712054525	0.7468971613881902	0.10423370149126447
21715	0.18166811143536857	0.7760354429959472	0.042296445568684206
21716	0.10983038502539884	0.7721069886338853	0.11806262634071596
21717	0.2547115718964468	0.5453893496225427	0.19989907848101043
21718	0.2583521161429924	0.6994916851293755	0.042156198727631995
21719	0.07913667916804844	0.18731709407692074	0.7335462267550309
21720	0.07995430419234424	0.6249320092247715	0.2951136865828842
21721	0.11673830632831622	0.7742650845305246	0.1089966091411592
21722	0.11424763829247479	0.5518875669895354	0.3338647947179898
21723	0.2339140790894941	0.5596332200244173	0.20645270088608866
21724	0.2334428343108261	0.671926162814405	0.09463100287476905
21725	0.08714935349362714	0.26156028570267237	0.6512903608037006
21726	0.3329850373605408	0.5918556105427903	0.07515935209666891
21727	0.4100530576078037	0.3616603108473991	0.2282866315447972
21728	0.11845385179724027	0.7975104010986335	0.08403574710412613
21729	0.07963011269647503	0.7428264497259943	0.17754343757753066
21730	0.04936987473699928	0.6485684439925014	0.3020616812704993
21731	0.08918849035075822	0.8314386278167846	0.07937288183245723
21732	0.08608371437488821	0.872116383760552	0.04179990186455975
21733	0.23669492509933163	0.7136423203677432	0.049662754532925076
21734	0.1465579892760889	0.8163243014528425	0.037117709271068576
21735	0.3498600918465525	0.6261491304366306	0.023990777716816996
21736	0.17000661989802368	0.23634164090019538	0.5936517392017809
21737	0.1274419228036129	0.7314075780660003	0.14115049913038688
21738	0.05878731005661419	0.8967348995080352	0.044477790435350696
21739	0.26164167364985014	0.6621085849966254	0.07624974135352454
21740	0.17360516554248695	0.5100717061232152	0.3163231283342978
21741	0.28702424330480897	0.597696643599935	0.11527911309525596
21742	0.10378610966390782	0.5082554818900439	0.38795840844604834
21743	0.15025849276660283	0.805894555196281	0.04384695203711613
21744	0.20019637763945217	0.7095273050738462	0.09027631728670166
21745	0.22030077672536486	0.7444202370829505	0.03527898619168473
21746	0.224406154163302	0.7394191921382522	0.03617465369844574
21747	0.1258126558175788	0.6751813814829175	0.19900596269950377
21748	0.21021074170775367	0.393224084515686	0.39656517377656036
21749	0.37922915324460366	0.5623075773470695	0.058463269408326746
21750	0.2014085162686289	0.6785261318520895	0.12006535187928162
21751	0.3164937447691141	0.6017709903171964	0.08173526491368942
21752	0.049045550107615986	0.9030860611475809	0.04786838874480312
21753	0.22115619518572646	0.7255785880673842	0.05326521674688937
21754	0.42652469651031427	0.4218126313881621	0.15166267210152354
21755	0.09942488878138118	0.8036049249043042	0.09697018631431446
21756	0.22169652233949466	0.6418630737766761	0.1364404038838294
21757	0.41466239721394915	0.4032409175206813	0.18209668526536948
21758	0.21147676163877474	0.7005778401117305	0.08794539824949466
21759	0.049727127233774315	0.6016887514241357	0.3485841213420901
21760	0.11504019681097845	0.8531867722038683	0.03177303098515327
21761	0.16396983266486803	0.8029815630385285	0.0330486042966035
21762	0.20123180838101795	0.7009779121103676	0.09779027950861435
21763	0.09416641638563616	0.2926920222692901	0.6131415613450738
21764	0.3334949438722788	0.6140858399570888	0.05241921617063241
21765	0.16450401162171083	0.7826834026447465	0.052812585733542715
21766	0.4997322822074725	0.4608911769809527	0.039376540811574774
21767	0.14393048123526597	0.8255934456719757	0.030476073092758363
21768	0.12246773053284872	0.820989473441346	0.056542796025805385
21769	0.1518861734576555	0.7888923134135339	0.05922151312881061
21770	0.12071597960173192	0.49199175617465823	0.3872922642236099
21771	0.18356838890264257	0.7782218361659471	0.03820977493141036
21772	0.06469616211320425	0.48273274646024017	0.45257109142655555
21773	0.06930131778766706	0.6109031202495022	0.31979556196283077
21774	0.1983975326299865	0.7809164413503934	0.020686026019620152
21775	0.41477563389715705	0.5634529601501297	0.021771405952713246
21776	0.09529288606461588	0.5695360503376801	0.33517106359770404
21777	0.10466597722489458	0.8383519314426163	0.05698209133248899
21778	0.2481522490873289	0.7119610084899574	0.039886742422713534
21779	0.3808911593614197	0.575661288613419	0.0434475520251612
21780	0.18396101744315388	0.5748586692191714	0.24118031333767476
21781	0.05887222173122932	0.680089682985744	0.26103809528302674
21782	0.11085482211756977	0.6913194567577898	0.19782572112464047
21783	0.10105964903173968	0.6792013307957968	0.2197390201724636
21784	0.19221960586506437	0.7448259546595416	0.06295443947539411
21785	0.11987497979073354	0.841374644456066	0.03875037575320045
21786	0.12085685694562437	0.8069925081099694	0.07215063494440634
21787	0.3553063180414337	0.5692947167971534	0.07539896516141291
21788	0.06723907571048889	0.4980107368424737	0.4347501874470374
21789	0.15499858772113978	0.8202168618520854	0.02478455042677491
21790	0.06209866847065174	0.5258554914048116	0.41204584012453666
21791	0.07758363400530893	0.8581017274137336	0.06431463858095747
21792	0.12916447237458886	0.820880463451946	0.049955064173465284
21793	0.05261100580236564	0.918732829177189	0.02865616502044531
21794	0.2131344200758675	0.7478950936357741	0.03897048628835836
21795	0.5467686024836645	0.41126704386017404	0.041964353656161274
21796	0.2869957316262825	0.506414076222291	0.2065901921514266
21797	0.3354437494700069	0.6219441312472859	0.04261211928270725
21798	0.6798287273263034	0.2870263806415458	0.03314489203215079
21799	0.026235464285999474	0.6035096273995745	0.370254908314426
21800	0.038207399358701655	0.6633418451633784	0.29845075547792
21801	0.48549884972900054	0.4217164547709966	0.09278469550000285
21802	0.22607387731332396	0.7400716630278937	0.033854459658782345
21803	0.2655975353744457	0.717813393213997	0.016589071411557323
21804	0.2187406423897431	0.6905281378314904	0.0907312197787664
21805	0.10613665344702118	0.7706478346944402	0.12321551185853864
21806	0.14774153689753342	0.8135954691856074	0.03866299391685923
21807	0.28418383280526643	0.5989659532335044	0.11685021396122913
21808	0.28599450792846576	0.6736347444511637	0.04037074762037058
21809	0.24262514432103388	0.6096242542032401	0.14775060147572608
21810	0.24933292934552198	0.6985888817968807	0.052078188857597296
21811	0.2926571314691233	0.6158227387429943	0.09152012978788236
21812	0.33105905908951433	0.5855781428802695	0.08336279803021607
21813	0.20524397303896347	0.6782077383935358	0.11654828856750062
21814	0.2125140804926738	0.7488929914836234	0.03859292802370274
21815	0.06067330893720166	0.427226506923622	0.5121001841391762
21816	0.1350487756851504	0.6822946985317119	0.18265652578313762
21817	0.17818505724207775	0.7544575092786664	0.0673574334792558
21818	0.32551453662308516	0.5983118349900777	0.07617362838683721
21819	0.25345551560873564	0.6611423410971139	0.08540214329415051
21820	0.12776076026042654	0.8152649288991235	0.056974310840450015
21821	0.2837935708517294	0.6505522711228559	0.06565415802541485
21822	0.26150099885646894	0.6866836232146881	0.051815377928842964
21823	0.07309457121874795	0.6832622930101073	0.24364313577114474
21824	0.30431767303688545	0.5028810464684255	0.19280128049468895
21825	0.2731905789178886	0.7009000799360172	0.025909341146094098
21826	0.19689380913989865	0.7519917029797583	0.051114487880343056
21827	0.30009087602546186	0.645397191413524	0.05451193256101423
21828	0.11565825039794426	0.8395841419165725	0.04475760768548337
21829	0.07103859539176588	0.7344363139975628	0.19452509061067128
21830	0.11082729976195578	0.8455587704483455	0.043613929789698774
21831	0.39221979321143263	0.423154205990806	0.18462600079776137
21832	0.10960416110385385	0.8550537591588038	0.03534207973734227
21833	0.5575240329403508	0.4020351142850096	0.040440852774639546
21834	0.19558861301466154	0.6907558351552128	0.11365555183012577
21835	0.23901278890679192	0.6722758578418121	0.08871135325139606
21836	0.11040238469164294	0.8583272187857323	0.031270396522624824
21837	0.2113190510503974	0.6058423214210856	0.18283862752851698
21838	0.3445785353104345	0.6309541709228972	0.02446729376666836
21839	0.13105966151137163	0.30112537593992567	0.5678149625487027
21840	0.156687365855225	0.715559116018345	0.12775351812643007
21841	0.14108513535547398	0.5950083084279142	0.2639065562166118
21842	0.10029688778216699	0.7047804272617993	0.1949226849560337
21843	0.12154686136890014	0.7608286351617594	0.11762450346934038
21844	0.07316511522198936	0.8845500460402814	0.04228483873772924
21845	0.21836055902941784	0.7443657092020551	0.037273731768526906
21846	0.316588112124554	0.5297781463491806	0.15363374152626533
21847	0.44193153646524913	0.4902960316545619	0.067772431880189
21848	0.15105279379294523	0.771258344117423	0.07768886208963181
21849	0.059434510364909494	0.39656824877305724	0.5439972408620333
21850	0.4326056040954378	0.5233637205977683	0.04403067530679385
21851	0.13341167195641193	0.8402939374831325	0.026294390560455527
21852	0.06359174618490904	0.7527974695456724	0.18361078426941843
21853	0.16937237856489326	0.6398012466874393	0.1908263747476675
21854	0.09803599899070746	0.48032565194078664	0.4216383490685059
21855	0.16034651886420404	0.7082526720755787	0.13140080906021714
21856	0.22098295403511403	0.6490246850105912	0.1299923609542949
21857	0.025558180550911972	0.3218870344936042	0.6525547849554839
21858	0.13869412521407362	0.7983098074638426	0.06299606732208375
21859	0.15062064937364475	0.7941815579263407	0.055197792700014604
21860	0.08612148824212205	0.5380896327830863	0.37578887897479163
21861	0.20581017328518014	0.731624084538585	0.06256574217623491
21862	0.0914341799906374	0.40923871341579693	0.4993271065935656
21863	0.24597043279910022	0.5666990432999598	0.18733052390094015
21864	0.05427398495504194	0.5289948110037904	0.41673120404116754
21865	0.1372819183632175	0.3643061389049569	0.4984119427318257
21866	0.4081723388468162	0.5626185959502351	0.029209065202948654
21867	0.19855874507952334	0.6907592154896861	0.11068203943079045
21868	0.16795811303308317	0.7570265035016911	0.07501538346522572
21869	0.13782365897909196	0.687467193010186	0.17470914801072202
21870	0.05474620785630063	0.8351451736753468	0.11010861846835256
21871	0.21526913523323724	0.2626313536061439	0.5220995111606188
21872	0.09049859150738358	0.8682204791583789	0.041280929334237486
21873	0.21954819497062986	0.7310255598553747	0.04942624517399543
21874	0.2644999612663154	0.5287322085775376	0.20676783015614697
21875	0.36397423952726005	0.3748661141066367	0.26115964636610317
21876	0.24967292546996003	0.7213768913125104	0.028950183217529485
21877	0.1410507944336398	0.45026378052599564	0.4086854250403645
21878	0.3223398207028927	0.6426739812116634	0.03498619808544376
21879	0.06127904607341683	0.35518366149106706	0.583537292435516
21880	0.4295145274105905	0.3896708807777796	0.18081459181162998
21881	0.18743657079801623	0.717782502942959	0.09478092625902486
21882	0.09203963210831674	0.8081313573147778	0.09982901057690552
21883	0.225045726017167	0.6527402285575348	0.12221404542529823
21884	0.10409551039989413	0.7609226141767967	0.1349818754233091
21885	0.1537213166764507	0.6067556701504223	0.23952301317312696
21886	0.01815125020610872	0.6482975673213524	0.333551182472539
21887	0.10992408720287679	0.8133994031504295	0.07667650964669376
21888	0.17116162856039133	0.8026503389446537	0.026188032494954952
21889	0.1492647127763599	0.7945379146923445	0.056197372531295746
21890	0.21851329061607797	0.7613691580005	0.020117551383422114
21891	0.11330419741141216	0.823433361062493	0.0632624415260948
21892	0.5675476536857983	0.3902873858027511	0.042164960511450605
21893	0.06512938219904155	0.8614967686568206	0.07337384914413791
21894	0.13321781844597289	0.783026478066002	0.08375570348802519
21895	0.15242825939222707	0.7865710679577068	0.06100067265006607
21896	0.1039127883092879	0.27325947833718106	0.6228277333535309
21897	0.3303488721687436	0.566244558922799	0.10340656890845736
21898	0.1843601108508041	0.6941321069354975	0.12150778221369836
21899	0.39130962856520285	0.5573777151347679	0.051312656300029326
21900	0.21459858331146753	0.703662416150901	0.08173900053763139
21901	0.3043873999034754	0.66824257323581	0.027370026860714648
21902	0.11887433684693864	0.7037060621045489	0.1774196010485126
21903	0.23925446981483237	0.7218081861657349	0.038937344019432635
21904	0.07224372163144326	0.892616974189694	0.035139304178862824
21905	0.21441952341372858	0.745662737360255	0.039917739226016345
21906	0.16382288649663498	0.7957571052697293	0.040420008233635764
21907	0.1313707932023268	0.7975136611688957	0.07111554562877755
21908	0.16691842926887712	0.5405469505725803	0.2925346201585427
21909	0.07061522231574362	0.6574127771859498	0.27197200049830655
21910	0.2044900536426674	0.7300729370330643	0.06543700932426827
21911	0.21171248572488732	0.7432878500976553	0.0449996641774574
21912	0.19121353590163057	0.738016562615002	0.07076990148336747
21913	0.33527712607177906	0.5615855700276936	0.10313730390052733
21914	0.1247833592536957	0.8305788225164914	0.04463781822981283
21915	0.2692565622113975	0.672009427064435	0.058734010724167396
21916	0.016491300157899107	0.4814336909724693	0.5020750088696315
21917	0.19725579595035922	0.6948230756250188	0.10792112842462194
21918	0.18412653592812486	0.7523348994728764	0.06353856459899881
21919	0.1363417828762781	0.43329010655944106	0.43036811056428076
21920	0.20770569881534592	0.7653554262965693	0.026938874888084788
21921	0.26435407513020076	0.7101200053644895	0.025525919505309816
21922	0.1558515639223588	0.7526259608722908	0.09152247520535035
21923	0.13566508594175666	0.5090658479347967	0.3552690661234467
21924	0.12386675377584565	0.3033487813872991	0.5727844648368552
21925	0.3023787346639147	0.5880477406752762	0.10957352466080905
21926	0.15182918254192831	0.5597501458069866	0.28842067165108515
21927	0.07789301465045737	0.8762912458526899	0.0458157394968528
21928	0.39696039651586573	0.4049162661927952	0.198123337291339
21929	0.3212689515595995	0.5930065897656519	0.08572445867474852
21930	0.16508460581052495	0.7616823264722439	0.07323306771723116
21931	0.16281598118526644	0.7053144034049605	0.13186961540977296
21932	0.25264208134876426	0.450061132803166	0.29729678584806973
21933	0.32956224404202794	0.48968491117077945	0.18075284478719264
21934	0.06686961239445528	0.5429699002383349	0.3901604873672098
21935	0.05417813356508846	0.5741248898888714	0.37169697654604006
21936	0.15136056692286834	0.7661327097738596	0.08250672330327206
21937	0.1502855161799598	0.7725578893763055	0.07715659444373474
21938	0.3298290338478478	0.5715098882248544	0.09866107792729782
21939	0.08819296540476762	0.729489668447846	0.18231736614738628
21940	0.23427537421057143	0.6778368162660221	0.08788780952340632
21941	0.16674951304947175	0.7414870269285885	0.09176346002193976
21942	0.33677618254983055	0.582324530760515	0.0808992866896543
21943	0.2040528501141876	0.373839499716564	0.4221076501692484
21944	0.05491718331370813	0.5106727872373962	0.4344100294488957
21945	0.046587528472755824	0.4833486387340166	0.47006383279322744
21946	0.14368331231049403	0.7252969564356176	0.1310197312538883
21947	0.1270708589371218	0.32019548177322826	0.5527336592896499
21948	0.2710923648162527	0.5283851808238293	0.20052245435991797
21949	0.11629796197229818	0.8237381404340542	0.0599638975936476
21950	0.1360955938438284	0.8276622176262269	0.036242188529944756
21951	0.0950271180801036	0.8665384115843597	0.038434470335536645
21952	0.27138853458736484	0.6449136825230515	0.08369778288958357
21953	0.2769385371537641	0.6444259918334425	0.07863547101279335
21954	0.17559600988206747	0.6389060522232887	0.18549793789464397
21955	0.2522500749548234	0.7095843696760017	0.03816555536917496
21956	0.24937463769528825	0.7192803781319923	0.031344984172719435
21957	0.06733332952083479	0.6832151185276979	0.2494515519514675
21958	0.11096025559344773	0.8616113959572059	0.027428348449346343
21959	0.1723126386253108	0.7316250164686423	0.09606234490604693
21960	0.20676231524869562	0.5702938562915972	0.22294382845970717
21961	0.21873121272549736	0.6682105792688144	0.11305820800568815
21962	0.16833488553131834	0.7366396123591903	0.09502550210949125
21963	0.03449605516757493	0.8627690799784832	0.10273486485394186
21964	0.10192120867912308	0.7597542825099343	0.13832450881094271
21965	0.2476586206403577	0.7170823112672923	0.03525906809235009
21966	0.24094362796477062	0.6945566135663747	0.06449975846885457
21967	0.22243822051096326	0.7567136015413466	0.020848177947690047
21968	0.37236084437951106	0.5873229181446373	0.04031623747585161
21969	0.02322369506040431	0.4698530783091324	0.5069232266304633
21970	0.16664292268930406	0.7728862737177079	0.060470803592988086
21971	0.11282142859619103	0.8197700978109248	0.06740847359288421
21972	0.12585041671921232	0.8497409840239575	0.024408599256830213
21973	0.3159628388061445	0.5428528313062035	0.14118432988765198
21974	0.2568177501995072	0.6703931164933876	0.07278913330710517
21975	0.2568177501995072	0.6703931164933876	0.07278913330710517
21976	0.3156953316089664	0.571593799658009	0.11271086873302456
21977	0.40265419042244305	0.5485548245787725	0.0487909849987845
21978	0.20924644715789856	0.6530166985149869	0.1377368543271145
21979	0.17955204863932736	0.7687984190067315	0.05164953235394109
21980	0.04643418823902914	0.3382976888122602	0.6152681229487107
21981	0.1930713420853377	0.7483562327934771	0.0585724251211853
21982	0.1771828706438208	0.4559625781850625	0.36685455117111676
21983	0.06556834960407963	0.8156416362887796	0.11879001410714084
21984	0.11896162262137962	0.8122910060263825	0.06874737135223805
21985	0.35385408980477623	0.3451060020033266	0.3010399081918972
21986	0.2736195152820881	0.5403947692196814	0.1859857154982304
21987	0.22830783302741078	0.4445447304923566	0.32714743648023265
21988	0.08488823581313727	0.5895689206283385	0.3255428435585242
21989	0.12355767424957771	0.6101431229378708	0.2662992028125514
21990	0.1727094975997665	0.7332460882113252	0.09404441418890824
21991	0.05061675104908909	0.28729958724769317	0.6620836617032176
21992	0.1038713826790653	0.8284052324833487	0.06772338483758601
21993	0.0864175892867793	0.48767432115484577	0.4259080895583749
21994	0.0582148918671729	0.4427487537641624	0.4990363543686646
21995	0.16881772600410505	0.7799466859530587	0.051235588042836254
21996	0.19094313316333356	0.7154502709363489	0.09360659590031761
21997	0.10529764347764868	0.5872870034022578	0.30741535312009355
21998	0.22442096094035136	0.47823360323985536	0.2973454358197933
21999	0.03344770727677529	0.8797430827893297	0.08680920993389495
22000	0.21171248572488732	0.7432878500976553	0.0449996641774574
22001	0.21171248572488732	0.7432878500976553	0.0449996641774574
22002	0.10921945089579083	0.7794791373071375	0.11130141179707183
22003	0.10520874562292555	0.3883652432317062	0.5064260111453682
22004	0.44657950987769923	0.4915075803315525	0.061912909790748205
22005	0.06944021243894356	0.3701566262199198	0.5604031613411365
22006	0.180594395569722	0.6144995938843412	0.2049060105459369
22007	0.3988366040766087	0.4581357237827625	0.14302767214062873
22008	0.19101750215572652	0.29012874390700755	0.518853753937266
22009	0.5546483944380781	0.3630349398344667	0.08231666572745526
22010	0.13227181445600533	0.5593403375219608	0.30838784802203395
22011	0.302867912659885	0.6192896593391853	0.07784242800092965
22012	0.3635486889944157	0.5753656403635647	0.0610856706420195
22013	0.05078943600184708	0.9145653414218314	0.03464522257632146
22014	0.09569559756827646	0.8498636121396114	0.05444079029211226
22015	0.2194856786865944	0.7243912321160334	0.05612308919737216
22016	0.12655449164797664	0.7729707739614508	0.1004747343905726
22017	0.07157396459376347	0.6863456737234893	0.24208036168274716
22018	0.08313976033912689	0.3581880146669172	0.558672224993956
22019	0.2686496575851156	0.6990856556021932	0.032264686812691325
22020	0.4900246956327081	0.48171919289282367	0.028256111474468177
22021	0.2035140319802775	0.7314265649256825	0.06505940309404008
22022	0.0697586758235652	0.8916093530607451	0.03863197111568973
22023	0.20529440617694342	0.7552196552292411	0.039485938593815474
22024	0.5222012659630555	0.440741361594069	0.037057372442875484
22025	0.3550235093644589	0.4440825441716647	0.20089394646387645
22026	0.08138744055699972	0.34449755767579066	0.5741150017672096
22027	0.21337300503970527	0.6128069858543256	0.17382000910596915
22028	0.3073611168755123	0.5800680770074433	0.11257080611704436
22029	0.2138640831745273	0.48350423885790095	0.3026316779675718
22030	0.05750032073305592	0.6855516310524039	0.25694804821454015
22031	0.08100568784180597	0.4801717662292491	0.43882254592894493
22032	0.2945502988322474	0.37081439902283647	0.33463530214491616
22033	0.5022547117620798	0.4641420471395951	0.033603241098325104
22034	0.3594447108423788	0.5313524994838362	0.10920278967378505
22035	0.2834988355315729	0.6064287021404761	0.11007246232795109
22036	0.08795809255223715	0.45799640497828037	0.45404550246948244
22037	0.1515395382590672	0.5020214938794852	0.3464389678614475
22038	0.1933534167890513	0.7885435974592022	0.01810298575174647
22039	0.2518222798184117	0.7197787335616385	0.02839898661994968
22040	0.21575765155913126	0.6834226941603044	0.10081965428056433
22041	0.0557544604996843	0.8845546531821616	0.05969088631815415
22042	0.10404003275356827	0.6946990380544608	0.201260929191971
22043	0.14263393894073154	0.7266428922480048	0.13072316881126364
22044	0.21272081528060194	0.6366914920274627	0.15058769269193537
22045	0.26775236495037885	0.6680635889623266	0.06418404608729433
22046	0.10949570022652344	0.8030024334757907	0.08750186629768576
22047	0.13886055012624007	0.6385117944623809	0.222627655411379
22048	0.040405410061012725	0.8588931293348598	0.10070146060412744
22049	0.20555856468961822	0.7451669721285626	0.04927446318181918
22050	0.11533583334743701	0.7692448959857913	0.11541927066677184
22051	0.22650915153232268	0.6949167483840349	0.07857410008364236
22052	0.2662696477699255	0.5818495207821268	0.1518808314479477
22053	0.14459065535859816	0.7698453844628229	0.08556396017857908
22054	0.03706237162609588	0.4887055309078326	0.4742320974660716
22055	0.07645302007903447	0.7870153614213562	0.13653161849960935
22056	0.177827520842217	0.6187112153376534	0.2034612638201296
22057	0.04455023610122641	0.2741554849297743	0.6812942789689993
22058	0.24552444140283539	0.6949350698984013	0.05954048869876327
22059	0.13580179905016362	0.18224216239208044	0.681956038557756
22060	0.190413665107294	0.49730231050834234	0.31228402438436365
22061	0.07814244721305749	0.40872575148666573	0.5131318013002768
22062	0.36683279949375286	0.4287073192622231	0.204459881244024
22063	0.18848490021662814	0.2836970786799171	0.5278180211034548
22064	0.08025897255400931	0.8066517176786882	0.11308930976730243
22065	0.09087560073083324	0.4082991229131703	0.5008252763559965
22066	0.4676357601763422	0.43384655441376285	0.09851768540989499
22067	0.26756883139628407	0.6748105665654857	0.057620602038230134
22068	0.18188373144399392	0.6046125389484164	0.2135037296075898
22069	0.24286084439569447	0.5398544912335451	0.21728466437076044
22070	0.06113029272948626	0.43506218184166917	0.5038075254288445
22071	0.2786113652604612	0.5481552893605974	0.17323334537894144
22072	0.38391045011875696	0.46504413777552295	0.1510454121057202
22073	0.057580305615553364	0.6069840712294498	0.33543562315499686
22074	0.16410775340934236	0.7952420968025279	0.04065014978812965
22075	0.07564252565094338	0.3488297371810234	0.5755277371680333
22076	0.16995965283064018	0.488695529684791	0.3413448174845688
22077	0.3451527146816849	0.5869248493770208	0.06792243594129428
22078	0.05790782974424354	0.1835370381980541	0.7585551320577024
22079	0.06068334974181586	0.45815790914694743	0.48115874111123674
22080	0.13442141834486346	0.770346727824743	0.0952318538303936
22081	0.471966430982877	0.45521970244329496	0.07281386657382805
22082	0.21583240243023316	0.2783227355743014	0.5058448619954653
22083	0.4183357568216263	0.4803229923613192	0.10134125081705454
22084	0.19405688807194368	0.7938240057048892	0.012119106223167099
22085	0.18333818676785218	0.8052917847206061	0.011370028511541744
22086	0.26579376989660897	0.6979576328835142	0.03624859721987687
22087	0.1333061659606183	0.7708744349746173	0.09581939906476429
22088	0.10788877339655366	0.3558101899675506	0.5363010366358957
22089	0.34219254095642865	0.5866128523813005	0.07119460666227077
22090	0.3392879147068619	0.604860797728422	0.055851287564716016
22091	0.08184159720680145	0.8013000366881049	0.1168583661050937
22092	0.5167422170316037	0.4489735051532244	0.03428427781517186
22093	0.21828283910034976	0.6469180046898991	0.13479915620975114
22094	0.43860643042108366	0.394127021204652	0.16726654837426444
22095	0.11744190462281784	0.517344622740105	0.3652134726370771
22096	0.27331475400370225	0.6376147510945707	0.0890704949017271
22097	0.2133313985830685	0.6615524344410691	0.12511616697586245
22098	0.18452778779186438	0.5489989711719918	0.2664732410361438
22099	0.058708160059301566	0.9003662165058922	0.04092562343480629
22100	0.07981256638769986	0.7720695755705386	0.1481178580417615
22101	0.08575816078999911	0.4287828879943873	0.4854589512156135
22102	0.2179196325444254	0.7056680045548517	0.07641236290072302
22103	0.26915415454987834	0.5833795151640427	0.14746633028607878
22104	0.5938186793575778	0.3298905089649353	0.07629081167748682
22105	0.0618744292816689	0.9138399796093174	0.024285591109013755
22106	0.4722448040703811	0.4800459612063459	0.047709234723273014
22107	0.16158432111561125	0.7452141217819349	0.09320155710245387
22108	0.1984984868931506	0.7135757068399567	0.0879258062668926
22109	0.3379076519937732	0.28249103853164187	0.37960130947458487
22110	0.15963289821517987	0.6688236198228488	0.17154348196197133
22111	0.1851213967161949	0.7291513529692079	0.08572725031459723
22112	0.09567912151545005	0.8149204574474429	0.08940042103710709
22113	0.4911179143912907	0.4372405399509563	0.07164154565775295
22114	0.05608610100995775	0.8849766966075215	0.058937202382520655
22115	0.22965452055543367	0.6653660982012032	0.10497938124336315
22116	0.08630542059506567	0.7069750458445103	0.20671953356042416
22117	0.1485459951571925	0.8277227942610864	0.023731210581721052
22118	0.07657394041709073	0.861389110910561	0.06203694867234816
22119	0.16219780254752306	0.7274057706514521	0.1103964268010248
22120	0.3166110074957427	0.6495499813887541	0.0338390111155033
22121	0.26404397360186393	0.5759090833899692	0.1600469430081669
22122	0.2640628500510353	0.5628261047699424	0.1731110451790223
22123	0.3003808899929792	0.5296386343408575	0.16998047566616328
22124	0.3244248261115807	0.5832950594856012	0.09228011440281814
22125	0.3211324265630624	0.5487080456928478	0.1301595277440899
22126	0.1786069261034482	0.775127552362937	0.046265521533614906
22127	0.08033394095697798	0.8950694624573878	0.024596596585634196
22128	0.03932183458526004	0.30026049169752783	0.660417673717212
22129	0.17645088254726293	0.6920392199767204	0.1315098974760168
22130	0.15167163948890588	0.6749190785504217	0.1734092819606724
22131	0.22397757472696225	0.644456924443228	0.1315655008298098
22132	0.19413346284115926	0.32764448299866994	0.4782220541601708
22133	0.1474917505835172	0.7989561937417875	0.05355205567469518
22134	0.24414374124682206	0.6076957142543632	0.14816054449881477
22135	0.12141379230156724	0.5487538514930306	0.32983235620540213
22136	0.19389322300308107	0.7153855561182957	0.09072122087862329
22137	0.12098988050633147	0.46334041149028043	0.41566970800338804
22138	0.1956946015281448	0.7570957052013649	0.04720969327049024
22139	0.07870768976696811	0.4638740910480375	0.4574182191849944
22140	0.21934360100427996	0.6568661108957173	0.1237902881000027
22141	0.09648256354335429	0.8757009082866986	0.02781652816994704
22142	0.25338432296173025	0.715259300453778	0.031356376584491884
22143	0.047831868008209856	0.3655612396164689	0.5866068923753213
22144	0.047831868008209856	0.3655612396164689	0.5866068923753213
22145	0.17838187178587264	0.7564936113611713	0.06512451685295591
22146	0.5488636087690152	0.4165215792687716	0.03461481196221318
22147	0.27182401615964075	0.6768518426075786	0.051324141232780646
22148	0.13840413816661695	0.7582763421065234	0.10331951972685978
22149	0.1445499537561958	0.68981524990705	0.16563479633675424
22150	0.19450100069697673	0.7134508890704364	0.09204811023258681
22151	0.17135916331885884	0.6923135434995425	0.1363272931815986
22152	0.09464332565587058	0.8103733865419973	0.09498328780213212
22153	0.1258119078632973	0.8176445137249765	0.05654357841172609
22154	0.03473893148377464	0.894595881798765	0.07066518671746026
22155	0.17596464166985648	0.7168543361543577	0.10718102217578589
22156	0.1692783536884567	0.6876393918419524	0.1430822544695909
22157	0.035999644963989844	0.9312080802751311	0.03279227476087908
22158	0.12287252548168344	0.8379303553836955	0.039197119134621025
22159	0.0871443575645184	0.8555638719333601	0.057291770502121496
22160	0.06042100794209097	0.41795891244428884	0.5216200796136202
22161	0.03911411614188088	0.3448187814071109	0.6160671024510082
22162	0.16658422468132486	0.7652365159594856	0.06817925935918952
22163	0.0747719482420407	0.8892327167319621	0.03599533502599719
22164	0.09620645601578166	0.8545161218161427	0.04927742216807579
22165	0.13479233195598692	0.5116655467440319	0.3535421212999812
22166	0.09807784001823298	0.8620978924942637	0.03982426748750321
22167	0.26055964512228796	0.610613757675092	0.12882659720262
22168	0.22814366100945982	0.6008829637821193	0.17097337520842096
22169	0.17945344389761617	0.7400698962345968	0.08047665986778707
22170	0.4972223881971567	0.47005493072637233	0.03272268107647106
22171	0.14704640401903765	0.48007435784452035	0.372879238136442
22172	0.5163300070426782	0.4493938279400955	0.034276165017226363
22173	0.19664822762359854	0.7627852329802748	0.04056653939612653
22174	0.38929871501433566	0.4755873858176973	0.13511389916796712
22175	0.20488519869984503	0.7104651047443068	0.0846496965558481
22176	0.13985122308262057	0.5667714100576896	0.2933773668596899
22177	0.06408340077509307	0.2615251920376239	0.674391407187283
22178	0.047715599494907245	0.8957831530162815	0.05650124748881132
22179	0.1519337611325228	0.7778408752760022	0.0702253635914749
22180	0.1897804608186836	0.7233010152293798	0.08691852395193655
22181	0.20107945691810372	0.5798959253640525	0.2190246177178438
22182	0.24078034310266727	0.6793205187114005	0.07989913818593228
22183	0.18890264072927887	0.7997152447299901	0.011382114540730954
22184	0.18890264072927887	0.7997152447299901	0.011382114540730954
22185	0.1606864395256611	0.8014650656992858	0.03784849477505319
22186	0.09572432184444363	0.5887064365877097	0.3155692415678466
22187	0.22919888515269768	0.7248854440725822	0.045915670774720335
22188	0.2531930475299053	0.6704444017161642	0.07636255075393056
22189	0.06662901210294994	0.20820539839542432	0.7251655895016258
22190	0.1479853715682423	0.7986020006460187	0.053412627785738964
22191	0.4142130248599473	0.5095466664915614	0.07624030864849125
22192	0.11963287063724674	0.8512861225464095	0.029081006816343773
22193	0.28738521287319096	0.6550247668045873	0.05759002032222169
22194	0.37113160767105535	0.6080390182262138	0.020829374102730842
22195	0.06296451362634209	0.5746927922138817	0.36234269415977627
22196	0.08850470629740248	0.5393569520762705	0.37213834162632703
22197	0.604431032638277	0.2835141910434617	0.11205477631826122
22198	0.09838540910260378	0.5007169791104659	0.4008976117869303
22199	0.14018483018733088	0.5508798011672403	0.30893536864542875
22200	0.13545363336593622	0.8026383599218523	0.06190800671221149
22201	0.1893767017747804	0.7547085587165142	0.055914739508705374
22202	0.26120177907405934	0.6637519303452389	0.07504629058070174
22203	0.02296252630041154	0.35091239415766	0.6261250795419284
22204	0.07654351144637991	0.48727996031814164	0.4361765282354786
22205	0.2707153237036162	0.6685212190356461	0.060763457260737674
22206	0.3917700339117803	0.48340156003414786	0.12482840605407197
22207	0.08364586656561668	0.5376261498440481	0.37872798359033516
22208	0.35241546744503816	0.594627665231766	0.05295686732319584
22209	0.08935058656840329	0.8261875872441781	0.0844618261874186
22210	0.22952921249105274	0.7206906452873255	0.049780142221621936
22211	0.19070945989228796	0.7437381359645491	0.06555240414316288
22212	0.10659473411238689	0.4463404540369756	0.44706481185063746
22213	0.2641608721804866	0.4513415589100249	0.28449756890948846
22214	0.25932733712574746	0.5460991229138891	0.19457353996036356
22215	0.07508463724126399	0.7636042382264573	0.16131112453227864
22216	0.095821306679938	0.7372550911412387	0.16692360217882332
22217	0.05966644779108985	0.4045589879982548	0.5357745642106554
22218	0.14388228393187652	0.5895180896587305	0.2665996264093929
22219	0.18280608801514533	0.7586374278652341	0.058556484119620444
22220	0.13903929523301148	0.7306858517636173	0.1302748530033712
22221	0.09649307045920329	0.8954807628924809	0.008026166648315784
22222	0.19593512947099243	0.49829426137953076	0.30577060914947674
22223	0.151447277974163	0.7884950673278324	0.060057654698004594
22224	0.11508213995055748	0.5982770046813113	0.2866408553681312
22225	0.17765936424467121	0.7865471506278213	0.03579348512750743
22226	0.21592447136351586	0.7640077804683468	0.02006774816813726
22227	0.056915699748072764	0.6183690539754257	0.3247152462765015
22228	0.3874832791159162	0.568795829200687	0.043720891683396775
22229	0.20791422317667116	0.7466625008947131	0.04542327592861562
22230	0.5405931014913486	0.3490536958071755	0.11035320270147586
22231	0.06210193575140477	0.7596039120424266	0.17829415220616865
22232	0.09955710765557313	0.7457549359702371	0.15468795637418983
22233	0.13539937200565613	0.7928261941141272	0.07177443388021651
22234	0.15558506051511622	0.8206125740384449	0.023802365446438895
22235	0.39851793813577463	0.5575580098023453	0.04392405206188005
22236	0.5351190451066933	0.3946466347985236	0.07023432009478321
22237	0.11755696046248111	0.3363468840516271	0.5460961554858917
22238	0.04427400225392889	0.8928698361601949	0.06285616158587626
22239	0.11298826222839814	0.8469920979490618	0.04001963982254014
22240	0.06880483614508809	0.7403816327074653	0.19081353114744673
22241	0.12424420118090414	0.43851458463022924	0.43724121418886663
22242	0.48486205832266543	0.4704660617524336	0.044671879924900966
22243	0.05043309098887717	0.6115065142393467	0.33806039477177624
22244	0.18497701593434154	0.5858009379150616	0.22922204615059671
22245	0.1996180380149808	0.5766310411035215	0.2237509208814977
22246	0.039360613027010896	0.6696760858434493	0.2909633011295398
22247	0.01700919373299802	0.6107875302724398	0.3722032759945622
22248	0.2681582165098657	0.4456943461441205	0.2861474373460136
22249	0.06243139421916799	0.4651556840433844	0.4724129217374476
22250	0.25717792015257235	0.5163401449900435	0.2264819348573841
22251	0.27761995044681104	0.6169494850701145	0.10543056448307446
