21257	0.16840137335605773	0.6637957857485736	0.16780284089536876
21258	0.0898803463121285	0.6897308709598192	0.22038878272805235
21259	0.15690560090296582	0.41544807668034334	0.4276463224166908
21260	0.15996103698311315	0.6555892045588465	0.1844497584580403
21261	0.510729237445247	0.25965673878512574	0.22961402376962728
21262	0.5218587465097286	0.28992709153434226	0.18821416195592913
21263	0.16548507432919524	0.33243417208362463	0.5020807535871801
21264	0.3588417421587361	0.2644354600670368	0.37672279777422707
21265	0.35021953403354106	0.38192137581114516	0.26785909015531373
21266	0.14522595790258472	0.6167015492213707	0.2380724928760446
21267	0.050598947373585806	0.39534848255467697	0.5540525700717372
21268	0.17192852120105356	0.7009018383952936	0.12716964040365286
21269	0.25694245670365956	0.6192944332528905	0.12376311004344998
21270	0.13169977933427732	0.49976804158584	0.3685321790798827
21271	0.15706501726792668	0.46792670197287045	0.375008280759203
21272	0.1723410213820419	0.4976912340290216	0.32996774458893663
21273	0.1156286943242166	0.7692957791843273	0.11507552649145608
21274	0.39276381728440163	0.4746389345243951	0.13259724819120325
21275	0.2694324686529937	0.5682212838996183	0.16234624744738796
21276	0.3308381658319903	0.5125973935820864	0.15656444058592311
21277	0.24883029444992222	0.6665270057512889	0.084642699798789
21278	0.41116847750827384	0.40146457862449775	0.18736694386722835
21279	0.31530876487355036	0.3640628941089352	0.3206283410175146
21280	0.13811102683970253	0.6247563847175666	0.23713258844273088
21281	0.19185699663450803	0.5664969223768738	0.2416460809886182
21282	0.10044116435085661	0.43349674038808483	0.46606209526105846
21283	0.2059111968185299	0.598065881855394	0.19602292132607602
21284	0.17209924791036127	0.6039831205191218	0.22391763157051683
21285	0.11840717044409405	0.7497552165528959	0.13183761300301006
21286	0.1260494515331602	0.7315360721878413	0.1424144762789984
21287	0.25423111077086213	0.5562452636779067	0.18952362555123106
21288	0.13834789216312626	0.5193478683095337	0.34230423952734007
21289	0.18796291140000068	0.559751223674103	0.2522858649258963
21290	0.20888979789335246	0.6865579285000636	0.10455227360658392
21291	0.24548024014062544	0.6571202019668334	0.09739955789254119
21292	0.17533749270761242	0.41398580677347846	0.41067670051890914
21293	0.159844319292688	0.4797631641331144	0.36039251657419763
21294	0.0920145828179301	0.21941806057961896	0.6885673566024509
21295	0.1258876044326526	0.514471284271775	0.35964111129557236
21296	0.12363176326750996	0.5121446181454482	0.36422361858704183
21297	0.16216132174597936	0.6984836825994511	0.13935499565456944
21298	0.1402749167153697	0.7194276240312595	0.14029745925337075
21299	0.18010775018032674	0.6102665579832033	0.20962569183646992
21300	0.1618910228523955	0.580155959142907	0.2579530180046975
21301	0.3003314594295037	0.42838969919028974	0.2712788413802066
21302	0.2123403264035025	0.6242766780039192	0.16338299559257824
21303	0.14244339100783435	0.7342717894462651	0.12328481954590044
21304	0.31358740396728524	0.5486735284244192	0.1377390676082955
21305	0.41418463701833935	0.4385891939441638	0.14722616903749686
21306	0.11069861221715166	0.6670998794908649	0.22220150829198346
21307	0.11162811633553311	0.6087678026389345	0.2796040810255325
21308	0.18166086601316975	0.6441166590187285	0.17422247496810178
21309	0.12002416159098044	0.545335615715294	0.3346402226937255
21310	0.1668076536093021	0.39892729846003605	0.4342650479306618
21311	0.29425213964313773	0.6198715955572406	0.08587626479962172
21312	0.05173482090624723	0.288083198507672	0.6601819805860808
21313	0.12667564753688146	0.7608660688773194	0.11245828358579915
21314	0.19950796565140722	0.6805256209740278	0.119966413374565
21315	0.17831240176422783	0.6652495859246453	0.15643801231112692
21316	0.19756860991271719	0.32838549864344285	0.47404589144384
21317	0.4258668282135905	0.4441905239634198	0.12994264782298978
21318	0.13312356416760754	0.7889872259927342	0.07788920983965827
21319	0.2541231668668357	0.41368425685352894	0.3321925762796353
21320	0.13581377723551732	0.2895114036843167	0.5746748190801659
21321	0.1441499849202971	0.31409273998617615	0.5417572750935267
21322	0.23536915806774136	0.4611627456881516	0.3034680962441071
21323	0.2133213651113897	0.6278272543076203	0.15885138058098996
21324	0.14050942777340839	0.5284950486125696	0.3309955236140219
21325	0.15159632500585718	0.6004682561061436	0.2479354188879992
21326	0.06600023811683585	0.7549097297501367	0.17909003213302752
21327	0.19696670385056478	0.5170070641105654	0.2860262320388697
21328	0.23361934914067012	0.61934353868383	0.14703711217549986
21329	0.08935890370564595	0.41259786243737295	0.4980432338569812
21330	0.07959666665418104	0.46219277364004663	0.45821055970577224
21331	0.14412437037921041	0.4687681012982164	0.38710752832257317
21332	0.2964105745309135	0.454688506473758	0.24890091899532832
21333	0.17064950635545056	0.6381880602132739	0.19116243343127556
21334	0.15194539761617346	0.5776286090114124	0.27042599337241413
21335	0.12921030676250647	0.6656184605870235	0.2051712326504701
21336	0.09196216851238362	0.665409163664872	0.24262866782274434
21337	0.486614534778083	0.3360420588671328	0.17734340635478424
21338	0.1703546040263224	0.4570338736552485	0.37261152231842914
21339	0.09092412401996712	0.3263891729694719	0.582686703010561
21340	0.18079245132275268	0.5481335879960274	0.2710739606812198
21341	0.30253109872055056	0.31122851548979374	0.38624038578965586
21342	0.11197759389367833	0.41419694043862215	0.4738254656676994
21343	0.30238542984258526	0.3405250633535632	0.3570895068038516
21344	0.23310042656668362	0.5693509198919043	0.19754865354141204
21345	0.1605050356835848	0.692028509547994	0.1474664547684212
21346	0.19797333229841993	0.6740272647060588	0.1279994029955213
21347	0.13690586303598826	0.6346799286766492	0.22841420828736247
21348	0.21586515682750215	0.675207290573454	0.10892755259904392
21349	0.11418758126479558	0.598763315689061	0.2870491030461433
21350	0.1996346427222406	0.4541337130602876	0.34623164421747177
21351	0.13421637174195322	0.769618262561868	0.09616536569617873
21352	0.21819706412366344	0.7057341582454125	0.07606877763092403
21353	0.21191251988710683	0.6726552962640676	0.11543218384882549
21354	0.15622869988543586	0.60881544697695	0.23495585313761416
21355	0.10629411323467398	0.7645335522848246	0.12917233448050144
21356	0.12968447006875525	0.7299404736004683	0.14037505633077646
21357	0.23703358504323047	0.46897415373582463	0.2939922612209449
21358	0.2597028662183149	0.6429451320184133	0.0973520017632718
21359	0.2597028662183149	0.6429451320184133	0.0973520017632718
21360	0.0873700307355248	0.6935929694698548	0.21903699979462035
21361	0.17453043619968045	0.7203145542980722	0.10515500950224721
21362	0.09223665264192223	0.19372237844852694	0.7140409689095509
21363	0.19793215346154902	0.3731432800892369	0.42892456644921406
21364	0.5734231841670205	0.346235108997717	0.0803417068352624
21365	0.1344425497464932	0.7636271896844269	0.10193026056907996
21366	0.10791027669415677	0.7892570124476769	0.10283271085816628
21367	0.09446472503128407	0.6076450337844836	0.2978902411842323
21368	0.28560927036511624	0.4931705085918336	0.22122022104305014
21369	0.21038695720498127	0.41608949350890895	0.3735235492861099
21370	0.17158273589681236	0.6802503019073285	0.1481669621958591
21371	0.19458425530149218	0.5957530981949677	0.20966264650354016
21372	0.2652802181746085	0.6052135857451518	0.1295061960802397
21373	0.3204024098648997	0.4991037534158896	0.18049383671921068
21374	0.0829858446806244	0.8794682249292709	0.037545930390104704
21375	0.23079421569855432	0.5843296386650702	0.1848761456363755
21376	0.5308614365424675	0.3612775280750168	0.10786103538251572
21377	0.3927681066456841	0.4696061556244474	0.13762573772986852
21378	0.08410536746350068	0.7958021999892031	0.12009243254729621
21379	0.17706521338485265	0.6599595185971949	0.16297526801795242
21380	0.4378034373029689	0.4770539275766097	0.08514263512042149
21381	0.46923938421273104	0.4410220477614251	0.08973856802584379
21382	0.09796625168392974	0.7403349486830536	0.1616987996330167
21383	0.2478294440322731	0.5834407377697779	0.16872981819794902
21384	0.1270922788536396	0.5687540839254162	0.30415363722094435
21385	0.08435529180768324	0.5837856386580462	0.33185906953427047
21386	0.20202700622318578	0.4097936255929062	0.388179368183908
21387	0.20881066770352175	0.6511137274192167	0.14007560487726156
21388	0.14504781823172525	0.7599206867568864	0.09503149501138837
21389	0.25342457984957095	0.6593504284607133	0.0872249916897156
21390	0.12298478855271232	0.7482790624264987	0.12873614902078898
21391	0.23297599095370794	0.7061297374075999	0.06089427163869214
21392	0.16374482582092917	0.5494633070791969	0.28679186709987403
21393	0.15485875496643062	0.4905660001426733	0.35457524489089615
21394	0.23583406871054519	0.6494328345011655	0.11473309678828929
21395	0.3344245363252872	0.3763752588474842	0.2892002048272287
21396	0.2091271934827883	0.7027984085639534	0.08807439795325825
21397	0.38856228280104044	0.46997960159263386	0.1414581156063257
21398	0.20233010668053156	0.5690940531223784	0.22857584019709
21399	0.21794577414323316	0.4593740945329154	0.3226801313238514
21400	0.10478862674450182	0.7652303125538951	0.12998106070160312
21401	0.07841235917261917	0.5173462186871824	0.4042414221401982
21402	0.1563353758218695	0.7245070887300772	0.1191575354480533
21403	0.16720743738779315	0.5794449757037765	0.25334758690843046
21404	0.12650720867437265	0.48021063626537175	0.3932821550602557
21405	0.15240441736863822	0.6322793805560651	0.21531620207529664
21406	0.18102946997547875	0.5353498119715402	0.283620718052981
21407	0.069320831797202	0.32600301810000354	0.6046761501027945
21408	0.20121108539490906	0.7224420330321354	0.07634688157295556
21409	0.18026810750887384	0.7064003885158298	0.11333150397529634
21410	0.20099748286671135	0.6842093337727542	0.11479318336053443
21411	0.2592896290754345	0.6332833558891714	0.10742701503539408
21412	0.29357657718983143	0.5900796932897595	0.11634372952040899
21413	0.30476450305033775	0.5366688613914191	0.1585666355582432
21414	0.07160608182590879	0.46089716805024933	0.4674967501238419
21415	0.12241262280929087	0.6053575181734794	0.27222985901722974
21416	0.33488628461554965	0.5325257108242117	0.13258800456023864
21417	0.4948173849985419	0.4247592971680398	0.08042331783341827
21418	0.42362583823033634	0.5045798116441665	0.0717943501254973
21419	0.13641517944963027	0.7604167278464412	0.10316809270392845
21420	0.22614898241461678	0.6624241486697169	0.11142686891566636
21421	0.40074829564947667	0.4291527123521569	0.17009899199836637
21422	0.2002102286255017	0.5777155678039977	0.22207420357050067
21423	0.1705937207073439	0.7697129958875901	0.059693283405065925
21424	0.23832376336486763	0.6646826052977948	0.09699363133733759
21425	0.18312596401457754	0.6103027424217897	0.20657129356363282
21426	0.15983726888127878	0.38096064706524996	0.45920208405347135
21427	0.24787996585334007	0.5672904241185275	0.18482961002813242
21428	0.3578352027286206	0.4963625048095023	0.1458022924618772
21429	0.2610442531976785	0.6205164642015786	0.1184392826007429
21430	0.17478054886778818	0.5215216339936645	0.3036978171385473
21431	0.07419457580707958	0.3080399661714611	0.6177654580214593
21432	0.16710283838317866	0.7009570755126506	0.13194008610417074
21433	0.18096897854540772	0.5796968047958555	0.23933421665873675
21434	0.10403896690996958	0.5336064826734018	0.36235455041662856
21435	0.22515717922271075	0.4764653258246177	0.29837749495267163
21436	0.19747812057823136	0.5775618698302746	0.22496000959149406
21437	0.1412658203050065	0.7334448529931912	0.12528932670180232
21438	0.30870630744911953	0.4010569283036726	0.2902367642472078
21439	0.14919784018354748	0.47235889477093695	0.37844326504551556
21440	0.2172562612899073	0.7092369823908027	0.07350675631929009
21441	0.1673969935741944	0.7295936497272564	0.10300935669854912
21442	0.16188146543690238	0.73914929461287	0.09896923995022751
21443	0.141586773279339	0.4767314302423761	0.381681796478285
21444	0.44785014538617063	0.49126291600562355	0.06088693860820566
21445	0.19329280236621563	0.605929592683041	0.20077760495074332
21446	0.21093089819488847	0.4063464789666626	0.38272262283844893
21447	0.3181116704316028	0.4713181947963231	0.21057013477207406
21448	0.21401576727208893	0.5734862201128287	0.21249801261508242
21449	0.19259742619350972	0.5746951850726602	0.23270738873383015
21450	0.25089208684500836	0.5128472870120678	0.23626062614292392
21451	0.13235772492716696	0.21913823522988096	0.648504039842952
21452	0.18255036559851523	0.7034606294853443	0.11398900491614058
21453	0.2151245255064163	0.6329694579276027	0.15190601656598088
21454	0.05395458844967648	0.8610502016288305	0.08499520992149302
21455	0.16894633208562246	0.6947881501123432	0.13626551780203433
21456	0.17902394243373532	0.5711428732512839	0.24983318431498067
21457	0.1555177641222003	0.7444835537368067	0.09999868214099292
21458	0.08172013994552442	0.3617337371971404	0.5565461228573351
21459	0.24448494348633182	0.6836267500029821	0.07188830651068613
21460	0.35676382796525835	0.5591206089756667	0.084115563059075
21461	0.12778990935682405	0.7462983683839987	0.12591172225917735
21462	0.5478276331731414	0.3565179961890049	0.09565437063785376
21463	0.11319197808739248	0.4858212029299058	0.4009868189827017
21464	0.22521840505990898	0.3961019888313209	0.37867960610877016
21465	0.3743929960881526	0.49290898677962297	0.13269801713222443
21466	0.1948756790291144	0.5750531658169955	0.23007115515389007
21467	0.06371710354104587	0.4047805612754893	0.5315023351834648
21468	0.131954472390669	0.6946986335753484	0.17334689403398254
21469	0.22765654124847234	0.7048345934783059	0.06750886527322174
21470	0.32975204531463764	0.5355081232755532	0.13473983140980916
21471	0.41522902514555354	0.4294664822074757	0.15530449264697063
21472	0.28062947950998723	0.6176096383840792	0.10176088210593352
21473	0.10598984219072156	0.22946909111367972	0.6645410666955988
21474	0.23824611776949192	0.3117436674397051	0.45001021479080305
21475	0.18094865673450797	0.6259890194547084	0.1930623238107837
21476	0.2003309179700166	0.5638657059632708	0.23580337606671262
21477	0.08471869244820229	0.3365979415636028	0.5786833659881949
21478	0.2643185026774715	0.5304273014584348	0.20525419586409369
21479	0.1950641936466214	0.35207869918818524	0.45285710716519323
21480	0.32701819082812794	0.4498205846972343	0.22316122447463774
21481	0.3006034366954842	0.5859048587894619	0.11349170451505383
21482	0.4745403625225617	0.364018046150053	0.16144159132738523
21483	0.2212104016286031	0.4839004773958396	0.29488912097555725
21484	0.15750932184707922	0.7416481343104063	0.10084254384251441
21485	0.21077816657257778	0.6276389828577353	0.16158285056968688
21486	0.04447583187655328	0.31240304009320496	0.6431211280302417
21487	0.061490389194652176	0.3891431643274898	0.549366446477858
21488	0.0769291865272916	0.6789839911340732	0.24408682233863535
21489	0.10392210826577267	0.5001815043908788	0.3958963873433485
21490	0.2196437278602957	0.6578993141284754	0.12245695801122898
21491	0.3212075286214952	0.39329043810884184	0.28550203326966306
21492	0.2974567073021211	0.48055713569647474	0.22198615700140417
21493	0.19911523469536643	0.6684839172677733	0.1324008480368603
21494	0.39876700355028016	0.4972253183782573	0.10400767807146245
21495	0.12378785692855512	0.6090267982801297	0.26718534479131517
21496	0.16177259585128734	0.6541983461550224	0.18402905799369026
21497	0.08239223122981218	0.8318328044313663	0.08577496433882155
21498	0.19035678000670642	0.47992950190725897	0.3297137180860346
21499	0.12814679387963737	0.7467467769564524	0.12510642916391018
21500	0.30736170381949407	0.5191169663767574	0.17352132980374851
21501	0.08423978400444894	0.44576329744504206	0.469996918550509
21502	0.10279274531108658	0.719198428932924	0.17800882575598947
21503	0.23079421569855432	0.5843296386650702	0.1848761456363755
21504	0.17667585658030507	0.6989221663574899	0.124401977062205
21505	0.24385117384056781	0.6502534644851362	0.10589536167429592
21506	0.33320014640363443	0.5428454556423754	0.12395439795399009
21507	0.15554559341967836	0.574075467194401	0.27037893938592067
21508	0.16097186996812196	0.5966172297054656	0.24241090032641247
21509	0.3559390971547078	0.49424010195137397	0.14982080089391833
21510	0.09891314774294262	0.47326253853197725	0.42782431372508
21511	0.1406305991557326	0.6048460802312171	0.2545233206130503
21512	0.21174298567563538	0.5084244644931004	0.2798325498312644
21513	0.15133120047377338	0.3161464528001528	0.5325223467260738
21514	0.2375249548436393	0.44893765497144356	0.3135373901849171
21515	0.09938394914313688	0.5456661235120845	0.3549499273447785
21516	0.2827710379715587	0.5189407196445246	0.1982882423839168
21517	0.3986320909904855	0.51810595919318	0.0832619498163344
21518	0.030611468586315638	0.21537228409127945	0.7540162473224049
21519	0.19095153427865916	0.676473377717169	0.13257508800417184
21520	0.1856934645584391	0.6931202831094989	0.12118625233206207
21521	0.26468274597477587	0.3385431421905181	0.39677411183470596
21522	0.43158353900410296	0.4182924393930495	0.15012402160284752
21523	0.4847524340824293	0.43198819952323037	0.0832593663943402
21524	0.10279274531108658	0.719198428932924	0.17800882575598947
21525	0.23079421569855432	0.5843296386650702	0.1848761456363755
21526	0.3634874033797531	0.571939213755386	0.06457338286486082
21527	0.2224990807190339	0.6783411254700848	0.09915979381088134
21528	0.02926356808002484	0.2709663680245953	0.69977006389538
21529	0.141504673027501	0.766537408040276	0.091957918932223
21530	0.39382864976368753	0.5102354835322447	0.09593586670406772
21531	0.14536009669852948	0.722432435223993	0.1322074680774776
21532	0.08193321108295333	0.29540441864746786	0.6226623702695787
21533	0.23079421569855432	0.5843296386650702	0.1848761456363755
21534	0.17081747220313062	0.7108860916398481	0.11829643615702129
21535	0.02926356808002484	0.2709663680245953	0.69977006389538
21536	0.23079421569855432	0.5843296386650702	0.1848761456363755
21537	0.1680979347185967	0.6580866116386057	0.1738154536427976
21538	0.16340174266875218	0.685940682103674	0.15065757522757386
21539	0.24388264975847687	0.5167618883058143	0.2393554619357088
21540	0.09119299377926718	0.7819875289470573	0.12681947727367554
21541	0.4941720070967229	0.33204085976820297	0.17378713313507413
21542	0.11903270019129959	0.3347076458719934	0.546259653936707
21543	0.24100434750804703	0.6062861100334517	0.15270954245850132
21544	0.30991156375209455	0.4365867341702585	0.25350170207764683
21545	0.24259277911879146	0.49358040528653135	0.26382681559467713
21546	0.20060556926213102	0.593240030906984	0.206154399830885
21547	0.14202444475154966	0.22047848258754815	0.6374970726609022
21548	0.1666116717311688	0.3966325097359644	0.4367558185328667
21549	0.7800354437347097	0.17187061294417633	0.04809394332111403
21550	0.060613476180283225	0.7687636244077436	0.17062289941197317
21551	0.23644744167945764	0.6385313541797162	0.12502120414082615
21552	0.23341462770091417	0.6469881958844389	0.11959717641464691
21553	0.48147978985646883	0.30691504403754377	0.21160516610598723
21554	0.10571094284015306	0.3719725961176484	0.5223164610421986
21555	0.04492450563296259	0.28663868553387595	0.6684368088331615
21556	0.10971217190795013	0.5810315122798759	0.3092563158121739
21557	0.13925511755679587	0.3692365617672321	0.4915083206759721
21558	0.24474420092288057	0.5639990127516556	0.19125678632546378
21559	0.08879565189469832	0.2885610195395589	0.6226433285657428
21560	0.15834479858933442	0.7536225418501994	0.08803265956046613
21561	0.1548327005436784	0.7403046360385898	0.10486266341773189
21562	0.08629498544076111	0.8166728375906955	0.09703217696854347
21563	0.34453844168973735	0.6022749247958786	0.05318663351438407
21564	0.1891806426713682	0.5599505679204773	0.25086878940815455
21565	0.24237841345539532	0.6753148155589629	0.08230677098564179
21566	0.23989521310722767	0.6578689497819139	0.10223583711085833
21567	0.15459390854506683	0.6732182558571271	0.172187835597806
21568	0.276208502661274	0.5352319189498869	0.1885595783888392
21569	0.173859977498372	0.4055937839554254	0.42054623854620266
21570	0.4361174473281438	0.3795895373681313	0.18429301530372497
21571	0.17088574211492924	0.709598176391613	0.11951608149345766
21572	0.20813641252237938	0.658314480653944	0.13354910682367666
21573	0.27903412805341954	0.4703491725681558	0.2506166993784246
21574	0.16914903597617992	0.5497775928923692	0.28107337113145076
21575	0.1562151100201619	0.7049468563252649	0.1388380336545732
21576	0.14457472700084426	0.7452700385988373	0.11015523440031835
21577	0.24541425102580264	0.6181262537364224	0.13645949523777504
21578	0.0675018723437784	0.36886269665704485	0.5636354309991768
21579	0.12480108884257993	0.7748097331231869	0.1003891780342332
21580	0.16776308615867136	0.7319473924569113	0.1002895213844174
21581	0.17111267243171088	0.3665824858487963	0.4623048417194928
21582	0.2655385454446529	0.489270884018982	0.24519057053636523
21583	0.19120252326739848	0.6411095372009803	0.1676879395316212
21584	0.26378249366028855	0.4105871340428625	0.3256303722968489
21585	0.04111595249237325	0.1361070032860159	0.8227770442216109
21586	0.1251545566558546	0.3752214111437199	0.4996240322004254
21587	0.11762819189036747	0.37762419172533457	0.504747616384298
21588	0.14581278343121942	0.6852878306517658	0.16889938591701475
21589	0.23086174500869072	0.5497221672712046	0.21941608772010462
21590	0.2530329065175353	0.4699095965121704	0.2770574969702942
21591	0.08516540368316747	0.4307970838932656	0.4840375124235669
21592	0.4864726202050553	0.4110427239984498	0.10248465579649489
21593	0.20191129397112123	0.5867349662716643	0.21135373975721444
21594	0.25909058060877793	0.6278002435626372	0.11310917582858493
21595	0.38874540855031664	0.3825159086375375	0.22873868281214582
21596	0.43058607141326866	0.4064391097659357	0.1629748188207956
21597	0.18879226133043564	0.7305735052964708	0.08063423337309353
21598	0.4479293664680691	0.4639460763509382	0.08812455718099285
21599	0.025571444095486992	0.9012859444158148	0.07314261148869823
21600	0.15927420554401675	0.5021211117423509	0.33860468271363237
21601	0.2293478492146613	0.20221257306792795	0.5684395777174108
21602	0.4710152197189859	0.4120735251352224	0.11691125514579166
21603	0.21960517689519754	0.68484166607029	0.09555315703451249
21604	0.19947426342435298	0.7233617214887426	0.07716401508690446
21605	0.3079618791667745	0.6077840805040996	0.08425404032912581
21606	0.13349890997225175	0.5888500280730817	0.2776510619546665
21607	0.14039448385134254	0.5471407579050458	0.31246475824361175
21608	0.1970980461835573	0.42771731161909765	0.3751846421973451
21609	0.6384249081744651	0.275689481133125	0.08588561069240987
21610	0.20500170410185303	0.7098817942825959	0.08511650161555101
21611	0.33343414809266136	0.5758226297928065	0.09074322211453202
21612	0.0668983205215505	0.20699149188835206	0.7261101875900975
21613	0.12079210931690976	0.7283441824256326	0.15086370825745762
21614	0.24414777903848595	0.4420726245411831	0.3137795964203309
21615	0.29669246362691537	0.5462038018720082	0.1571037345010764
21616	0.30669546989108154	0.5492569123865797	0.14404761772233876
21617	0.14415528885214665	0.644696905786373	0.21114780536148037
21618	0.16682216120830776	0.7129580971205526	0.12021974167113961
21619	0.1538524844963607	0.3856515468961214	0.4604959686075179
21620	0.12872928765337716	0.5524414363095588	0.31882927603706407
21621	0.1676907095705275	0.47767395293576387	0.3546353374937086
21622	0.2637046359716326	0.664407481893506	0.07188788213486147
21623	0.11645936678102257	0.4867728043952212	0.3967678288237561
21624	0.17192974635698055	0.7297966069771564	0.09827364666586308
21625	0.24860673562576358	0.6403787890337314	0.11101447534050508
21626	0.5107611984177082	0.3807527073370448	0.108486094245247
21627	0.2492554811566062	0.36871666020310156	0.38202785864029215
21628	0.23779514721373163	0.6332647609116522	0.1289400918746162
21629	0.10424317207348925	0.532086479258707	0.36367034866780373
21630	0.11404523720560923	0.466128474791851	0.41982628800253985
21631	0.1983419898596604	0.6220515311379199	0.17960647900241972
21632	0.04569217231533414	0.3084218893717919	0.645885938312874
21633	0.2279080877105618	0.2479627044434358	0.5241292078460024
21634	0.4830562411598269	0.4318786789590468	0.08506507988112628
21635	0.1588625010778073	0.745309054442646	0.09582844447954678
21636	0.1970408313692125	0.5275787627250181	0.27538040590576934
21637	0.19389297143110842	0.5627032680704228	0.2434037604984688
21638	0.302673841070155	0.4358814680373027	0.26144469089254224
21639	0.09296597408373186	0.7894432733300417	0.11759075258622637
21640	0.12405708700638671	0.6881572968357782	0.18778561615783504
21641	0.175806405108016	0.7122971989370056	0.11189639595497837
21642	0.14050942777340839	0.5284950486125696	0.3309955236140219
21643	0.2783163515923791	0.5805234814512426	0.14116016695637837
21644	0.2552523115955137	0.6354233089919793	0.10932437941250699
21645	0.1502017927468783	0.523336141857158	0.3264620653959635
21646	0.2494491514867782	0.3444437892517861	0.4061070592614358
21647	0.16265000506735544	0.7152542623997438	0.12209573253290072
21648	0.1650618097009942	0.38098803329660713	0.45395015700239866
21649	0.12388231425945473	0.5831990955135472	0.292918590226998
21650	0.09184306804338377	0.3401250406480742	0.568031891308542
21651	0.15852294365283112	0.5131129901757	0.3283640661714688
21652	0.20904474573697987	0.6761961237098605	0.11475913055315969
21653	0.14597768985218312	0.6110505369259545	0.24297177322186242
21654	0.20173256856079097	0.6490318466252999	0.14923558481390917
21655	0.12748710977855604	0.7531223405614357	0.11939054966000838
21656	0.21412845882285791	0.6698800617597188	0.11599147941742326
21657	0.05104896820716679	0.2545301598680194	0.6944208719248138
21658	0.05826741815469265	0.3068998421188783	0.6348327397264292
21659	0.18965484093328328	0.548741183690144	0.2616039753765728
21660	0.17502496695459993	0.6655271778490512	0.1594478551963489
21661	0.057233615735542795	0.21434132059042804	0.7284250636740293
21662	0.23079421569855432	0.5843296386650702	0.1848761456363755
21663	0.22505375678042838	0.5262647601863287	0.2486814830332429
21664	0.1212648631478532	0.453303645837061	0.42543149101508565
21665	0.13772754588851155	0.6001419098373375	0.26213054427415083
21666	0.13056350124146066	0.7407640313664772	0.1286724673920622
21667	0.18697656124613513	0.5998260562080066	0.21319738254585832
21668	0.37374968322837043	0.4986906337485211	0.12755968302310852
21669	0.1905204167732722	0.5346960231410571	0.27478356008567073
21670	0.17881116447319714	0.4896268451709732	0.3315619903558297
21671	0.12826291414174337	0.5983525442970543	0.27338454156120223
21672	0.16797021030003784	0.42753497459634343	0.4044948151036187
21673	0.1690868492617878	0.5892565191772274	0.24165663156098474
21674	0.3655213534194265	0.403988067785708	0.23049057879486545
21675	0.09740878788934806	0.7535740359864981	0.14901717612415383
21676	0.16324603655124326	0.6614654438282124	0.17528851962054437
21677	0.22515143093376289	0.6811167018615218	0.09373186720471527
21678	0.05559078099082548	0.19649816100311335	0.7479110580060613
21679	0.06734741423689836	0.43772481585633394	0.4949277699067676
21680	0.21319170602587675	0.5557855133380395	0.23102278063608378
21681	0.3399447359454576	0.5431036529934263	0.11695161106111611
21682	0.2182186228016744	0.3644037992258824	0.41737757797244324
21683	0.16260741528513217	0.5643018530103826	0.2730907317044853
21684	0.6033409548448353	0.3441947752181855	0.0524642699369792
21685	0.31031129419577674	0.6018512393377806	0.08783746646644253
21686	0.26294688119806564	0.5588799147486959	0.17817320405323847
21687	0.3078182075055725	0.4738074470605915	0.21837434543383596
21688	0.19919446669952762	0.4007955436964007	0.4000099896040716
21689	0.33351061668715504	0.5014093932822267	0.16507999003061838
21690	0.3190244044143676	0.5414331043991545	0.1395424911864779
21691	0.21799964967446794	0.5846703209263254	0.19733002939920666
21692	0.2000988948472979	0.5952225361925049	0.20467856896019726
21693	0.0559015819501282	0.28865226778126324	0.6554461502686085
21694	0.15479630475407538	0.6491049492824702	0.19609874596345442
21695	0.4355310714008662	0.4688725150988228	0.0955964135003109
21696	0.0829858446806244	0.8794682249292709	0.037545930390104704
21697	0.23079421569855432	0.5843296386650702	0.1848761456363755
21698	0.1719198032702258	0.7094172397613953	0.11866295696837903
21699	0.22218625549898846	0.6151945769861195	0.16261916751489217
21700	0.07675288575785992	0.4723413954076744	0.45090571883446573
21701	0.33747654547649564	0.6039374796393548	0.058585974884149614
21702	0.18206884020737588	0.483321445164061	0.3346097146285631
21703	0.20752198602645766	0.5071931791574782	0.28528483481606415
21704	0.18861090548961276	0.554834580114598	0.2565545143957893
21705	0.1430174882384509	0.47278581405982595	0.3841966977017232
21706	0.24725726942237833	0.5962868980463281	0.15645583253129364
21707	0.11975137693590213	0.7551007571450633	0.12514786591903462
21708	0.12548197173054987	0.4825980709817239	0.39191995728772616
21709	0.09012676753699346	0.4692699341339626	0.440603298329044
21710	0.0851110874575384	0.35823188733618083	0.5566570252062808
21711	0.5078174781963174	0.42406809408750634	0.06811442771617625
21712	0.4725228397245422	0.42507995519596636	0.10239720507949153
21713	0.5576559656152739	0.3247147469245801	0.117629287460146
21714	0.10460295761081685	0.5943275424873102	0.3010694999018728
21715	0.25792338933298575	0.5952606934622984	0.14681591720471582
21716	0.17390230002112161	0.615455686148985	0.2106420138298933
21717	0.3391225182195858	0.42358782983924487	0.23728965194116935
21718	0.17478653849510367	0.35505838742478013	0.47015507408011614
21719	0.04130152334868687	0.20265395311941206	0.756044523531901
21720	0.1032614334733984	0.5631009254018503	0.33363764112475125
21721	0.13967645759109187	0.6122503691790838	0.24807317322982433
21722	0.12802812254169293	0.6523402958678229	0.21963158159048418
21723	0.18488885131411878	0.5904962933008995	0.22461485538498183
21724	0.16972572256678897	0.5555135367941699	0.27476074063904105
21725	0.1721959200863573	0.20407850783564616	0.6237255720779965
21726	0.41382759365074157	0.45150404618094236	0.13466836016831596
21727	0.4436401839177367	0.34166681510075814	0.21469300098150526
21728	0.23874223630743568	0.4997783474934122	0.26147941619915194
21729	0.09661214450707745	0.40520439093229216	0.4981834645606304
21730	0.1722400484939734	0.5194184807073688	0.30834147079865776
21731	0.26750925558169947	0.6116817748289521	0.12080896958934842
21732	0.1181666679168295	0.725022858690865	0.15681047339230547
21733	0.23605466660782756	0.5567332181944318	0.20721211519774066
21734	0.1736975848285717	0.6943026322538834	0.13199978291754483
21735	0.6197222681331247	0.3562908919003262	0.023986839966549146
21736	0.17111071807154501	0.16256744479790322	0.6663218371305518
21737	0.09534758742878321	0.26285335695341655	0.6417990556178002
21738	0.025571444095486992	0.9012859444158148	0.07314261148869823
21739	0.33610999723278884	0.466924014433443	0.19696598833376805
21740	0.2322484889728188	0.369505172683554	0.3982463383436271
21741	0.23092615896425198	0.6700707729871184	0.09900306804862975
21742	0.1234619346671508	0.3600080182776426	0.5165300470552066
21743	0.27278560871892166	0.5500164556988516	0.17719793558222677
21744	0.43405200548210715	0.41914504795316887	0.14680294656472406
21745	0.21003356443761587	0.6502130276040419	0.13975340795834232
21746	0.19782684182586757	0.6859946131534029	0.11617854502072954
21747	0.13020769054971365	0.5295036107380424	0.34028869871224393
21748	0.09854136840142456	0.5001618869864354	0.40129674461214015
21749	0.19831350628198757	0.6661947583631161	0.13549173535489623
21750	0.22573773878458958	0.4778548909303364	0.29640737028507413
21751	0.21549969912422404	0.5616127478305474	0.2228875530452286
21752	0.16699395583125962	0.7180430357571186	0.11496300841162171
21753	0.254950395650598	0.6077312771602834	0.13731832718911857
21754	0.5539727898063768	0.3611533710305023	0.08487383916312101
21755	0.10077689550710005	0.5605916379470762	0.3386314665458238
21756	0.07904643832178751	0.6989997262386264	0.22195383543958616
21757	0.13888097209169678	0.5846179317562695	0.2765010961520337
21758	0.36804865969483125	0.49015276073965824	0.14179857956551056
21759	0.09120452027161137	0.3838188905901204	0.5249765891382683
21760	0.19273125666926602	0.7565953307563309	0.05067341257440312
21761	0.23565262816525592	0.6998154238191722	0.06453194801557195
21762	0.23391274990537358	0.4331228250810867	0.3329644250135398
21763	0.12481408504269735	0.29075809186637297	0.5844278230909297
21764	0.26780399555334694	0.5486186409403142	0.18357736350633896
21765	0.21246875403571158	0.6351596119293499	0.15237163403493859
21766	0.35910620184854514	0.533225930039887	0.10766786811156781
21767	0.19220151910495864	0.6977283297453486	0.11007015114969278
21768	0.20248260176470298	0.7132814345851536	0.08423596365014344
21769	0.2543386727732792	0.6536251121049977	0.09203621512172304
21770	0.20252697553763377	0.47412083913808467	0.32335218532428156
21771	0.1899229304932057	0.66532857158482	0.14474849792197433
21772	0.06991284572759875	0.30696224180601944	0.6231249124663818
21773	0.21026675390565608	0.5244129891282379	0.26532025696610606
21774	0.24836612776626765	0.6885171451598263	0.06311672707390599
21775	0.41462580958903433	0.5081836535114883	0.07719053689947732
21776	0.2015387943075987	0.31314599615284744	0.48531520953955387
21777	0.1370747463760148	0.751086199062302	0.1118390545616831
21778	0.34200523414015127	0.5536154952154353	0.1043792706444134
21779	0.4189429493801167	0.4202872846934439	0.1607697659264392
21780	0.14132626246585286	0.7041376582494239	0.15453607928472335
21781	0.1364329425328424	0.5504608033872219	0.31310625407993564
21782	0.33692289158190825	0.5223236705756784	0.14075343784241337
21783	0.18597225690560035	0.5712166438025202	0.24281109929187947
21784	0.20186755195856704	0.5888784534133921	0.20925399462804084
21785	0.25453810012038697	0.5837621152976655	0.1616997845819475
21786	0.1992083341734791	0.532332916272249	0.26845874955427185
21787	0.27716861656243585	0.533313302496446	0.18951808094111797
21788	0.10696887764143151	0.5156891405765108	0.3773419817820576
21789	0.23574991096699632	0.6635639267932322	0.10068616223977148
21790	0.10629546458747743	0.499213145785261	0.3944913896272616
21791	0.1514823223023927	0.6597697858287787	0.18874789186882862
21792	0.20517089817096168	0.6043262916868036	0.19050281014223464
21793	0.06866939103168351	0.8306788129385536	0.10065179602976286
21794	0.13540558949952558	0.7747592853090502	0.08983512519142423
21795	0.3972081951963986	0.3043584642390407	0.2984333405645605
21796	0.2910567902191006	0.5072706543074412	0.2016725554734582
21797	0.5346212507165311	0.33458787476632296	0.13079087451714594
21798	0.7967799175306618	0.16153897352078522	0.04168110894855288
21799	0.0402619318100313	0.3913899402690943	0.5683481279208744
21800	0.05588517161207495	0.42524367387101636	0.5188711545169086
21801	0.45508463431992285	0.4132304168858542	0.1316849487942229
21802	0.219351222256966	0.5622085649959343	0.21844021274709974
21803	0.3077490188949852	0.49709891502186637	0.1951520660831484
21804	0.22937448010523673	0.6229232980934273	0.14770222180133605
21805	0.1285143536787525	0.6394643923372485	0.23202125398399895
21806	0.1178550153286559	0.6269484765618135	0.25519650810953054
21807	0.22244187639458768	0.48672046172773115	0.2908376618776811
21808	0.1854948785148623	0.6145571133919516	0.19994800809318614
21809	0.34672834369678446	0.4878020668666206	0.16546958943659495
21810	0.3006101952890763	0.6031934703766004	0.09619633433432333
21811	0.2594897861133611	0.5479498636924547	0.19256035019418416
21812	0.3076739288466238	0.5766111808077533	0.11571489034562281
21813	0.1973391582962997	0.5664893150622557	0.23617152664144453
21814	0.1117458089058394	0.7514687892136004	0.13678540188056026
21815	0.02926356808002484	0.2709663680245953	0.69977006389538
21816	0.22480002192649937	0.5730629910305015	0.2021369870429991
21817	0.28310791133162644	0.6369744842434795	0.07991760442489418
21818	0.3965579503833298	0.4916305591014212	0.11181149051524891
21819	0.35430653917815885	0.5502205367287882	0.09547292409305291
21820	0.1649913345866257	0.6927912240138577	0.1422174413995165
21821	0.30803174785868637	0.5087079878343491	0.18326026430696443
21822	0.21388550436513218	0.7086378109994126	0.07747668463545522
21823	0.10898678475720602	0.522111139647888	0.36890207559490595
21824	0.4677894224277956	0.4038056421865852	0.12840493538561917
21825	0.2770775178590843	0.6006886661982263	0.1222338159426894
21826	0.21816454279596983	0.6395840312403137	0.14225142596371648
21827	0.26950199998718954	0.5263008439860508	0.20419715602675972
21828	0.1384611494983306	0.8418226917848693	0.01971615871680004
21829	0.13629537659076993	0.655422623078615	0.20828200033061514
21830	0.1265963587256799	0.7782302355537151	0.09517340572060504
21831	0.2973944551220552	0.3610607809661057	0.3415447639118392
21832	0.22143397014520821	0.7037894358203086	0.07477659403448317
21833	0.6554175296803872	0.28581330868343774	0.05876916163617504
21834	0.15193730528253277	0.4083073250353494	0.43975536968211776
21835	0.25801850206296284	0.45488276982276216	0.28709872811427506
21836	0.22132786923187595	0.5978574447489635	0.18081468601916054
21837	0.14251706256355398	0.410336654993796	0.4471462824426499
21838	0.24576330077839953	0.5319893860217846	0.22224731319981592
21839	0.12858242482956017	0.19589590402338866	0.6755216711470512
21840	0.20216120721444827	0.6806519300328396	0.11718686275271208
21841	0.12283876484328965	0.7249890514582168	0.15217218369849345
21842	0.11371147510218296	0.4551293053435086	0.43115921955430836
21843	0.15692621591532724	0.48589772823547267	0.3571760558492001
21844	0.025571444095486992	0.9012859444158148	0.07314261148869823
21845	0.17315501679314266	0.7400691926394442	0.08677579056741316
21846	0.24452111815635288	0.5163117038096703	0.23916717803397683
21847	0.5155575927803243	0.3492320781628853	0.1352103290567903
21848	0.1984404593520284	0.4582867425395179	0.3432727981084538
21849	0.07771765916412833	0.33730655717427066	0.5849757836616011
21850	0.3455041742625207	0.601705938367202	0.052789887370277185
21851	0.15607187558793567	0.7898885126545659	0.05403961175749838
21852	0.10472491225495537	0.6339598700778721	0.2613152176671726
21853	0.19605918307762168	0.4995569962178738	0.3043838207045046
21854	0.2901902136706519	0.4399380569961078	0.26987172933324033
21855	0.21399678946118134	0.6491854696890318	0.13681774084978687
21856	0.2581080720563097	0.5780203335059637	0.16387159443772656
21857	0.14496822639609397	0.36748561612982894	0.487546157474077
21858	0.1520572000330772	0.7196206005822355	0.12832219938468728
21859	0.16586948424997547	0.6968099028203432	0.13732061292968134
21860	0.12500032614315607	0.3587564156572458	0.5162432581995982
21861	0.2911401805408382	0.5269138120375575	0.18194600742160433
21862	0.2789624289811773	0.3332359719448092	0.38780159907401357
21863	0.4275330309700219	0.4065802988577281	0.16588667017225006
21864	0.14902848272198846	0.5015585168591116	0.34941300041889994
21865	0.1437857559660028	0.32183671343091147	0.5343775306030858
21866	0.5237476124258944	0.37107234045637705	0.10518004711772852
21867	0.13929433759530907	0.5987915766087257	0.2619140857959652
21868	0.1604798116381768	0.6519789885291966	0.1875411998326267
21869	0.13823864004735262	0.6289590006092756	0.2328023593433719
21870	0.1504570176412465	0.7676518674928029	0.08189111486595069
21871	0.32033699936880144	0.4645484476447952	0.21511455298640336
21872	0.12657263125417687	0.7293375740671696	0.14408979467865357
21873	0.2521421598849079	0.5575012247638398	0.19035661535125228
21874	0.16994147660808628	0.6355359658855756	0.19452255750633812
21875	0.21552106841377974	0.5004587486637048	0.28402018292251546
21876	0.2888200905689383	0.5046822898616735	0.2064976195693881
21877	0.1580302763177382	0.40436466232770335	0.4376050613545585
21878	0.2620879068285912	0.6073381426348595	0.13057395053654927
21879	0.07924065693295433	0.363897781770936	0.5568615612961095
21880	0.26415480586707635	0.5250577307969259	0.21078746333599785
21881	0.20523559302089273	0.56990917980673	0.22485522717237738
21882	0.12243774503294018	0.5030195493751963	0.3745427055918636
21883	0.19991444162039876	0.49062429514203315	0.30946126323756806
21884	0.10947197812063086	0.4479298715880239	0.44259815029134525
21885	0.14870219063401804	0.3923601118221829	0.45893769754379915
21886	0.10634150871934299	0.6203578662749724	0.27330062500568464
21887	0.07728465476393091	0.5689708090567017	0.35374453617936746
21888	0.22386753508107693	0.663191610005195	0.11294085491372816
21889	0.28389484177527496	0.6173841562600756	0.0987210019646494
21890	0.23297599095370794	0.7061297374075999	0.06089427163869214
21891	0.1870635852699839	0.6109565075236438	0.20197990720637232
21892	0.5150004301225085	0.41476999876851106	0.07022957110898045
21893	0.09074824127333979	0.6345354931504513	0.27471626557620876
21894	0.11780475036686608	0.48150769025242673	0.4006875593807073
21895	0.05803698081011173	0.4168286633307626	0.5251343558591256
21896	0.07575567024056397	0.46298945914525513	0.46125487061418086
21897	0.27739595271103473	0.5222191077307199	0.20038493955824532
21898	0.08286377062916091	0.5476164492706316	0.36951978010020753
21899	0.5505040526220222	0.39152375541073675	0.05797219196724109
21900	0.365491001153548	0.4499125939508451	0.18459640489560686
21901	0.37559534157741237	0.5105638982217116	0.11384076020087609
21902	0.06618050602355903	0.45487153068822817	0.4789479632882129
21903	0.2620578826824391	0.6342947766825111	0.10364734063504977
21904	0.025571444095486992	0.9012859444158148	0.07314261148869823
21905	0.23079421569855432	0.5843296386650702	0.1848761456363755
21906	0.1378965942368059	0.7810888625340862	0.08101454322910802
21907	0.2226378666478908	0.5668064235251591	0.2105557098269501
21908	0.1437422086153232	0.7345762315363907	0.12168155984828596
21909	0.14389062618436213	0.6892594952880056	0.16684987852763222
21910	0.14909491571056419	0.5617045803210251	0.2892005039684108
21911	0.23079421569855432	0.5843296386650702	0.1848761456363755
21912	0.2664540142806813	0.6004093551191744	0.1331366306001444
21913	0.38357153693057655	0.5157034008330957	0.10072506223632774
21914	0.11875382322770878	0.7692948924797111	0.11195128429258029
21915	0.19597288946456723	0.6665661002629684	0.1374610102724645
21916	0.057312710245926816	0.3841919703040604	0.5584953194500127
21917	0.19357522612149944	0.6441041117759665	0.16232066210253412
21918	0.2463981161943308	0.6035909629650894	0.15001092084057974
21919	0.057233615735542795	0.21434132059042804	0.7284250636740293
21920	0.18232752815614614	0.7146764963230615	0.10299597552079238
21921	0.21225548441699293	0.6638092811536666	0.12393523442934061
21922	0.2384531856159464	0.5513116552203265	0.21023515916372704
21923	0.3050016896732808	0.39532074088202174	0.2996775694446976
21924	0.1830954869239959	0.2636369698349673	0.5532675432410368
21925	0.14769812476120678	0.6884647448105037	0.16383713042828957
21926	0.09330541070078802	0.5512912617272688	0.35540332757194315
21927	0.07213032955444043	0.8539213990911787	0.07394827135438092
21928	0.4263104215400519	0.404619391748351	0.16907018671159713
21929	0.19531543727786915	0.656450307106153	0.14823425561597778
21930	0.3429879414790812	0.44382873282765206	0.2131833256932669
21931	0.6382349197884044	0.2888964480029814	0.0728686322086143
21932	0.3458140619858637	0.5377162172213417	0.11646972079279468
21933	0.40527538710770245	0.49191056070028205	0.10281405219201553
21934	0.0753681973540546	0.4817473309037169	0.4428844717422285
21935	0.06861063517507764	0.5270061403451128	0.4043832244798094
21936	0.22042936733694035	0.6023083281127692	0.17726230455029038
21937	0.22939810686804676	0.61683491991792	0.15376697321403318
21938	0.1876593083052074	0.6577684228745395	0.15457226882025307
21939	0.1652178655929387	0.6301408416063687	0.20464129280069265
21940	0.2421903702546749	0.5515965332195979	0.2062130965257271
21941	0.17842631558747804	0.6809096351544932	0.14066404925802875
21942	0.18025619416894156	0.6166123302457239	0.20313147558533448
21943	0.24591025690961105	0.3449794354908991	0.40911030759948985
21944	0.0880616292689595	0.424712360619071	0.48722601011196953
21945	0.13750658910358882	0.5690999805318924	0.29339343036451887
21946	0.21561969928170863	0.678395447374393	0.10598485334389839
21947	0.17890153062206737	0.22769813921428933	0.5934003301636434
21948	0.29156129750685317	0.3372543815019599	0.3711843209911869
21949	0.1058592485007661	0.7918878284711327	0.10225292302810111
21950	0.21951017011935745	0.6667500792828045	0.11373975059783814
21951	0.18781099013835967	0.7178129294942878	0.0943760803673526
21952	0.24687750040143414	0.5843060990122985	0.16881640058626735
21953	0.27381243020884516	0.5410800190240604	0.18510755076709437
21954	0.22225026729032096	0.4485954120942299	0.3291543206154491
21955	0.31914712207061985	0.5236442197288262	0.15720865820055402
21956	0.31877788892886477	0.5549032515463291	0.126318859524806
21957	0.10434361130879762	0.460631783765971	0.4350246049252313
21958	0.2208218578199823	0.6428161940700577	0.1363619481099599
21959	0.22099989565962616	0.6063976962132693	0.1726024081271045
21960	0.281034632558749	0.5497933372854329	0.1691720301558181
21961	0.3362345597622881	0.46841275957169937	0.1953526806660125
21962	0.22951709293069406	0.48498600883449267	0.2854968982348133
21963	0.07787910502261296	0.8151445393020423	0.10697635567534464
21964	0.15497352511557413	0.703034855074241	0.14199161981018488
21965	0.3576692306192751	0.5146470725100835	0.12768369687064146
21966	0.43467532365012923	0.38823276538706514	0.17709191096280563
21967	0.34757541188939306	0.5554952424790272	0.09692934563157984
21968	0.3261728125258175	0.47236450657899104	0.20146268089519137
21969	0.06899734094867738	0.4840549214684121	0.44694773758291056
21970	0.1573948908445988	0.6886899817900688	0.1539151273653324
21971	0.1356574241962514	0.7370791930193494	0.12726338278439922
21972	0.22141858843916515	0.7162175137411628	0.06236389781967194
21973	0.2276634685589481	0.6407833593708272	0.13155317207022468
21974	0.21027439031659206	0.7113498203465104	0.07837578933689754
21975	0.21027439031659206	0.7113498203465104	0.07837578933689754
21976	0.21527118203536547	0.6003831120338717	0.1843457059307627
21977	0.6778307032682719	0.23978540425560937	0.08238389247611885
21978	0.28943471292182693	0.47041009109686427	0.24015519598130877
21979	0.278536191808229	0.5757209032926874	0.14574290489908362
21980	0.09718355613183147	0.312392158014596	0.5904242858535725
21981	0.2709489120445953	0.6065024303426447	0.12254865761275983
21982	0.23970099747826046	0.29322366034746317	0.4670753421742763
21983	0.14844845084959316	0.5862857145485945	0.2652658346018124
21984	0.13296764235007894	0.7725379315053728	0.09449442614454828
21985	0.18189741640950563	0.3554287299615255	0.4626738536289689
21986	0.12753756753028797	0.48082419615691885	0.3916382363127933
21987	0.1120181061452714	0.5457511888267357	0.342230705027993
21988	0.1511290747952998	0.5696680746084499	0.2792028505962503
21989	0.1321951179747035	0.5498501506403968	0.3179547313848997
21990	0.07340294788346	0.6438191128604002	0.28277793925613975
21991	0.1304187467067911	0.4108126276772901	0.4587686256159189
21992	0.081457547798935	0.632690453213288	0.2858519989877772
21993	0.1840018092262744	0.5334739731591305	0.28252421761459523
21994	0.13658937639866509	0.44994265888826346	0.4134679647130715
21995	0.15901418662803338	0.7240070979554933	0.11697871541647333
21996	0.1209473385382949	0.661902556069476	0.21715010539222915
21997	0.15992897583991528	0.6672948573860935	0.17277616677399119
21998	0.1961195297561298	0.39115893625539666	0.41272153398847355
21999	0.06598460422732189	0.7967850332103678	0.13723036256231025
22000	0.23079421569855432	0.5843296386650702	0.1848761456363755
22001	0.23079421569855432	0.5843296386650702	0.1848761456363755
22002	0.14249887506017722	0.45612904131333076	0.40137208362649207
22003	0.09835348792377352	0.3880256773057886	0.513620834770438
22004	0.40521653428861487	0.3220550184342526	0.2727284472771324
22005	0.05476707299444169	0.3554592835953205	0.5897736434102377
22006	0.15554559341967836	0.574075467194401	0.27037893938592067
22007	0.2073108869425006	0.3564435988825866	0.43624551417491275
22008	0.1183027530789329	0.22953113966949867	0.6521661072515685
22009	0.4430804264821879	0.462517519286962	0.09440205423085
22010	0.08923913993037241	0.48484560169751323	0.4259152583721145
22011	0.2086341020038585	0.6697396249079585	0.121626273088183
22012	0.270685359151136	0.5837488436633632	0.14556579718550086
22013	0.07133283456007469	0.8436833341410738	0.08498383129885151
22014	0.14447449580887142	0.6828730700331499	0.17265243415797868
22015	0.228729506048547	0.6744674003454488	0.09680309360600414
22016	0.1100017272730332	0.7548521273803993	0.13514614534656758
22017	0.1308517158794701	0.6436724588286091	0.22547582529192078
22018	0.1075350599199807	0.31769353755542534	0.574771402524594
22019	0.24804934084617544	0.6200258043342073	0.1319248548196173
22020	0.645679944832348	0.283520175433892	0.07079987973375994
22021	0.13178264419845664	0.48047553747943345	0.38774181832210985
22022	0.025571444095486992	0.9012859444158148	0.07314261148869823
22023	0.2546310521938947	0.6532490872116491	0.09211986059445615
22024	0.6288137825553177	0.3136382618049302	0.05754795563975205
22025	0.30023405136512876	0.5196742455565061	0.18009170307836514
22026	0.1306799951587364	0.4485418461070014	0.4207781587342622
22027	0.20884957798194867	0.6217535583703423	0.16939686364770903
22028	0.31058691879720124	0.2353244763650368	0.454088604837762
22029	0.529266778239798	0.34445507607314696	0.12627814568705525
22030	0.25157428769101786	0.3850871026138486	0.36333860969513365
22031	0.08527300731196698	0.24997168708236736	0.6647553056056656
22032	0.2935522857748691	0.2136921448513721	0.49275556937375886
22033	0.47977657506727417	0.3637988287508562	0.15642459618186966
22034	0.1599119887242039	0.6139219706885268	0.22616604058726933
22035	0.13990902696489171	0.6695076984094064	0.19058327462570188
22036	0.09906250377898286	0.449151027722725	0.451786468498292
22037	0.16650010215860342	0.5211894908000434	0.31231040704135304
22038	0.15906968352825143	0.7476973354255733	0.09323298104617528
22039	0.18580893799401138	0.7261184323260568	0.08807262967993186
22040	0.14573115192053146	0.5015833709308817	0.35268547714858695
22041	0.16884527642015068	0.7166659002475517	0.11448882333229768
22042	0.13933900296972807	0.45976286156748986	0.4008981354627821
22043	0.23162897571225205	0.5163295689728251	0.25204145531492284
22044	0.14834582130213803	0.6167289216166628	0.23492525708119916
22045	0.3578071040610891	0.548769769053563	0.09342312688534785
22046	0.2385118189964558	0.6500955085719817	0.11139267243156246
22047	0.2782293639400938	0.5670724350620222	0.15469820099788403
22048	0.16788351009928587	0.6893157204239668	0.14280076947674736
22049	0.1756367881116006	0.6708018813886608	0.15356133049973864
22050	0.08975596040191015	0.7576898662777267	0.15255417332036308
22051	0.17475846527348343	0.5624498872239798	0.26279164750253686
22052	0.2755383868864039	0.592085075923352	0.13237653719024406
22053	0.14938330257451124	0.6620566156884844	0.18856008173700434
22054	0.04582572331525406	0.49433743004566094	0.45983684663908503
22055	0.09135116405810653	0.6909867149195157	0.21766212102237786
22056	0.06865575419742968	0.5757137671653401	0.3556304786372304
22057	0.054744329520968395	0.31049331130481045	0.6347623591742212
22058	0.18078980976098583	0.6624829573717856	0.15672723286722853
22059	0.08930201880091677	0.3030112405348685	0.6076867406642146
22060	0.34423884033258095	0.4635342184760038	0.19222694119141528
22061	0.02926356808002484	0.2709663680245953	0.69977006389538
22062	0.22673476767338818	0.4522256784893657	0.32103955383724614
22063	0.12638963714551543	0.3422332941832872	0.5313770686711974
22064	0.14288784284156444	0.7003894803089185	0.1567226768495171
22065	0.09112656064525024	0.24250508286751535	0.6663683564872345
22066	0.4189229988396217	0.4086482016723205	0.1724287994880578
22067	0.2939038355562819	0.47249126016813814	0.23360490427558
22068	0.23297148181361205	0.5805529270948105	0.1864755910915774
22069	0.2705456769599405	0.5034152300473571	0.2260390929927024
22070	0.1324879129640707	0.35351966225317677	0.5139924247827524
22071	0.3548618488821295	0.392433682736507	0.25270446838136346
22072	0.3876587566156357	0.361608469065409	0.2507327743189553
22073	0.08270537531988742	0.47905066094481097	0.4382439637353017
22074	0.16889394894471507	0.674355328716486	0.15675072233879903
22075	0.06963912596833567	0.24022170290360478	0.6901391711280597
22076	0.09264985089757768	0.28717400241561913	0.6201761466868032
22077	0.2949708372315809	0.5739455754597176	0.1310835873087015
22078	0.10021317442564413	0.20608163022952652	0.6937051953448293
22079	0.08843540107352446	0.46367984259197115	0.4478847563345043
22080	0.18922587027092724	0.6502296575691989	0.16054447215987383
22081	0.45377401706204246	0.34092403085562994	0.20530195208232765
22082	0.17604551435314006	0.27612380367306194	0.547830681973798
22083	0.3013237194950767	0.3611718662306767	0.3375044142742465
22084	0.2283757484816211	0.6384661415349097	0.13315810998346933
22085	0.22590774817211362	0.6201577099916441	0.15393454183624233
22086	0.2879955952593684	0.5632129649683901	0.1487914397722414
22087	0.24067292378227118	0.6270506025896464	0.13227647362808237
22088	0.1957266901702156	0.27724569583129216	0.5270276139984923
22089	0.26559539809902355	0.5839009054857269	0.1505036964152495
22090	0.26292625654943075	0.6031321483155492	0.13394159513502013
22091	0.10239628035530289	0.472513327186099	0.42509039245859814
22092	0.5968036813274235	0.32737906820293045	0.07581725046964602
22093	0.2681505184656368	0.5724156105799633	0.15943387095439995
22094	0.3065747331807315	0.570398869496381	0.12302639732288773
22095	0.21450631810773024	0.5274740345122503	0.2580196473800195
22096	0.22209368582086078	0.579065177428358	0.19884113675078136
22097	0.36776942232136794	0.5255740369243581	0.10665654075427387
22098	0.38934397507281887	0.47387363279451367	0.13678239213266757
22099	0.11737935711195256	0.7458247725861822	0.13679587030186524
22100	0.0874073156147946	0.4437229074757785	0.46886977690942677
22101	0.13750198973889707	0.42024745032928096	0.44225055993182183
22102	0.27878297039766115	0.5728645646596167	0.1483524649427223
22103	0.17666142588179723	0.6791456637897177	0.14419291032848505
22104	0.5039827534201476	0.16997791627993364	0.3260393302999186
22105	0.11494855471935142	0.7903122197738908	0.09473922550675781
22106	0.49000293079748225	0.33109954111531964	0.1788975280871981
22107	0.2192747047407607	0.4625605433089742	0.31816475195026506
22108	0.4097422812796942	0.3962814922203156	0.19397622649999022
22109	0.23152465901729466	0.32492030199451555	0.4435550389881898
22110	0.3298020844023407	0.5054041313998249	0.16479378419783444
22111	0.365789907096685	0.503732989735222	0.13047710316809288
22112	0.1198167294019542	0.6012162999657031	0.27896697063234266
22113	0.22168026618852407	0.6265249182315533	0.15179481557992258
22114	0.14616052426801596	0.767774754006917	0.08606472172506711
22115	0.14362949686147386	0.5965186638960798	0.2598518392424463
22116	0.07842434602515541	0.4405226553072023	0.4810529986676422
22117	0.12826736898337635	0.6284695848394499	0.2432630461771738
22118	0.17139209056246532	0.5660650777872912	0.2625428316502434
22119	0.11951854925740565	0.5331225574693457	0.3473588932732486
22120	0.1743646051923548	0.6363649619515518	0.18927043285609338
22121	0.3498426455125473	0.4772266397113403	0.1729307147761124
22122	0.3093151274243805	0.4944911494387225	0.1961937231368969
22123	0.36645953249393565	0.5460429107947943	0.0874975567112699
22124	0.30220634032027033	0.4934805302246096	0.20431312945512017
22125	0.2970369786903968	0.47319003576877355	0.2297729855408295
22126	0.20302366302287153	0.68660487977392	0.11037145720320835
22127	0.1035449678993388	0.787121793916283	0.10933323818437814
22128	0.07640503840696065	0.30969219612589405	0.6139027654671453
22129	0.16229902232857107	0.5640225311734179	0.27367844649801115
22130	0.1843197774641361	0.6274212491881354	0.18825897334772854
22131	0.24073465471734035	0.5699617667017779	0.18930357858088168
22132	0.23616702340310877	0.4355858682342873	0.328247108362604
22133	0.1775412821630474	0.6769781615255844	0.14548055631136814
22134	0.12479488110040331	0.6847758590511963	0.1904292598484004
22135	0.08565888640296591	0.7644977639168532	0.14984334968018093
22136	0.18975289950315083	0.6708641259611815	0.13938297453566764
22137	0.3791385438110457	0.42007971238822445	0.2007817438007297
22138	0.24882918300268939	0.5836582878420736	0.16751252915523698
22139	0.14247581043250365	0.5412096367111505	0.3163145528563457
22140	0.22104659130684748	0.6503378498718428	0.1286155588213097
22141	0.050067473771113424	0.7342279179303031	0.21570460829858357
22142	0.23119346101808175	0.31664488204855706	0.45216165693336124
22143	0.04111595249237325	0.1361070032860159	0.8227770442216109
22144	0.04111595249237325	0.1361070032860159	0.8227770442216109
22145	0.16216132174597936	0.6984836825994511	0.13935499565456944
22146	0.5958062813767969	0.31367550105183245	0.09051821757137067
22147	0.18708017974038174	0.665076382603154	0.14784343765646418
22148	0.14647491725103304	0.5571908802311136	0.2963342025178533
22149	0.13667080505408277	0.49086641520614827	0.3724627797397688
22150	0.19499783695675418	0.5356555362790398	0.26934662676420595
22151	0.20904381388255244	0.5958241746725854	0.19513201144486203
22152	0.09003854038095413	0.5713743056660096	0.3385871539530364
22153	0.14855437552338444	0.6525112228961911	0.19893440158042436
22154	0.07760632672398801	0.6058742719640469	0.31651940131196515
22155	0.18673069764932732	0.5737342422339462	0.23953506011672648
22156	0.29940541540844545	0.5680910599719374	0.13250352461961717
22157	0.12058480222961392	0.7872233850756166	0.09219181269476943
22158	0.2881006570973753	0.5827399553717433	0.1291593875308814
22159	0.1326286544186237	0.7078948356548631	0.15947650992651322
22160	0.2081707170655776	0.5360334298332929	0.2557958531011295
22161	0.05628750374533242	0.34934991789495007	0.5943625783597176
22162	0.12674303452186808	0.6536575331073295	0.21959943237080234
22163	0.1565383801201388	0.6570671444678706	0.18639447541199064
22164	0.12997737228285372	0.7398352887321734	0.13018733898497284
22165	0.24216195869197127	0.3452155722468587	0.41262246906117
22166	0.1547810021434571	0.780319367698615	0.0648996301579279
22167	0.18896894471464704	0.3881240556043133	0.42290699968103984
22168	0.16288468017232668	0.5017696031709206	0.3353457166567527
22169	0.23791194986527012	0.6004074775384227	0.1616805725963071
22170	0.5361437539767626	0.35680746646379474	0.1070487795594427
22171	0.13441651310600686	0.2737769653846633	0.5918065215093299
22172	0.24078115496710434	0.6081841178822843	0.15103472715061134
22173	0.11934535271188933	0.7167519911219633	0.1639026561661474
22174	0.2751579813560518	0.5518767440261627	0.17296527461778552
22175	0.2709612658419536	0.6376888289524052	0.0913499052056411
22176	0.30462098575743307	0.35530150704176366	0.34007750720080326
22177	0.0935405249815106	0.2506605332742444	0.6557989417442449
22178	0.05069449659747097	0.839164861569483	0.11014064183304607
22179	0.11658360366902634	0.7246936111964298	0.1587227851345439
22180	0.11752441236156361	0.6338614190759048	0.2486141685625316
22181	0.3462330270968142	0.3468619706238386	0.3069050022793471
22182	0.3529687876688206	0.5780438867216354	0.06898732560954395
22183	0.23119346101808175	0.31664488204855706	0.45216165693336124
22184	0.2260133450412753	0.48083366400632566	0.29315299095239905
22185	0.24155870507341243	0.6169455162197507	0.14149577870683688
22186	0.09191053652465389	0.4080551468103733	0.5000343166649729
22187	0.21676312286036067	0.616144398405296	0.16709247873434327
22188	0.2276634685589481	0.6407833593708272	0.13155317207022468
22189	0.0648472290965898	0.21059001110689615	0.724562759796514
22190	0.21836854246583015	0.6047832654547519	0.17684819207941796
22191	0.4408245307910961	0.37443192121150914	0.18474354799739465
22192	0.12437577100797377	0.7828877647196951	0.09273646427233109
22193	0.28826710630068847	0.5638998755821425	0.14783301811716898
22194	0.44338703939193197	0.4406785194651958	0.11593444114287214
22195	0.09189001021239245	0.6517374713852184	0.2563725184023893
22196	0.10704726823312283	0.5538971124671452	0.339055619299732
22197	0.5048816843432034	0.33305268797357196	0.16206562768322463
22198	0.06914963337758885	0.4126651285788643	0.5181852380435469
22199	0.11430106460735545	0.4703468228069638	0.4153521125856808
22200	0.14535923830355224	0.7513734113260427	0.10326735037040494
22201	0.16235904547164845	0.7208578249724124	0.11678312955593914
22202	0.24238679766583487	0.5804069012767227	0.17720630105744237
22203	0.06327704002904874	0.2256488563767724	0.7110741035941789
22204	0.09809260568329158	0.3605626094304503	0.541344784886258
22205	0.254367721865323	0.601237603979226	0.14439467415545096
22206	0.3836725519998202	0.39824499085252185	0.21808245714765798
22207	0.0989779626461507	0.36179939862592936	0.53922263872792
22208	0.31013152721582965	0.46725413979092023	0.22261433299325023
22209	0.14000731375530695	0.42193441061542397	0.4380582756292692
22210	0.2563060131174805	0.49018699036445545	0.2535069965180641
22211	0.17380521019579087	0.44968779649970864	0.3765069933045006
22212	0.14710834630589895	0.3909607046841044	0.46193094900999665
22213	0.27174438307125015	0.5503456736339509	0.17790994329479898
22214	0.416422573418474	0.5213271016810871	0.06225032490043882
22215	0.14945472113432354	0.6369746596264378	0.21357061923923856
22216	0.16431175040597265	0.5959759216076421	0.23971232798638525
22217	0.08096913578703752	0.28730417676088604	0.6317266874520765
22218	0.1253900591992402	0.4000690617898569	0.47454087901090297
22219	0.4340296911225833	0.4541794431283246	0.11179086574909214
22220	0.19177463300339584	0.5717030399625189	0.23652232703408524
22221	0.11211407196090663	0.7788626218467073	0.109023306192386
22222	0.20282667179651148	0.5041271237920696	0.29304620441141893
22223	0.1596083096412952	0.5573137906028761	0.2830778997558287
22224	0.11146794640537548	0.4863180589677487	0.40221399462687574
22225	0.11396297510025713	0.6931200129261935	0.1929170119735494
22226	0.16371536189181654	0.7321385330337588	0.1041461050744247
22227	0.0849705803645548	0.590130856109468	0.3248985635259772
22228	0.40172578760865757	0.5420245722151088	0.05624964017623355
22229	0.21104142490126535	0.718921819535222	0.07003675556351267
22230	0.6536769143564158	0.23521793642951833	0.1111051492140658
22231	0.11090283057996142	0.5537460193890622	0.3353511500309763
22232	0.13759047616653172	0.7231974069977293	0.13921211683573903
22233	0.13644900658084447	0.626161970191191	0.23738902322796449
22234	0.17477459945348534	0.656707432254396	0.16851796829211868
22235	0.34220881944854586	0.568778720933388	0.0890124596180661
22236	0.48869068285870504	0.3819597324507869	0.12934958469050814
22237	0.11233777515637541	0.3713849601437851	0.5162772646998395
22238	0.09071763017260873	0.8659856386128318	0.04329673121455939
22239	0.25803639997742833	0.6883332323082603	0.05363036771431144
22240	0.11250331240525174	0.3212567916189821	0.5662398959757663
22241	0.15417309769648607	0.4016300298393417	0.4441968724641722
22242	0.47645515895184043	0.4105151119049138	0.11302972914324588
22243	0.07367232850168574	0.3365704380322205	0.5897572334660939
22244	0.1721652527349676	0.5113698763696456	0.3164648708953869
22245	0.13104289131290747	0.5969370309212212	0.27202007776587134
22246	0.2619025989405574	0.5698898003316278	0.16820760072781482
22247	0.19037102357930774	0.6405711377692127	0.16905783865147958
22248	0.09571684891880439	0.22821573929554773	0.6760674117856479
22249	0.11472306973412225	0.412496144312005	0.4727807859538728
22250	0.24757490770529555	0.4563567877157572	0.29606830457894734
22251	0.2618139378668876	0.4975301182727623	0.24065594386035005
