10941	0.34174739429622314	0.3738693191809306	0.2843832865228463
10942	0.35905980593413356	0.35987647497863234	0.28106371908723415
10943	0.2512796721951225	0.34267825241977673	0.4060420753851007
10944	0.35905980593413356	0.35987647497863234	0.28106371908723415
10945	0.35905980593413356	0.35987647497863234	0.28106371908723415
10946	0.35905980593413356	0.35987647497863234	0.28106371908723415
10947	0.34306105510397794	0.3616046305756352	0.29533431432038687
10948	0.2815469831318323	0.3593898957963163	0.3590631210718514
10949	0.35905980593413356	0.35987647497863234	0.28106371908723415
10950	0.3747245614982372	0.36527822115295466	0.25999721734880815
10951	0.34306105510397794	0.3616046305756352	0.29533431432038687
10952	0.2815469831318323	0.3593898957963163	0.3590631210718514
10953	0.3232119773529597	0.36236329785985966	0.3144247247871807
10954	0.28157746591936583	0.35985163195862147	0.3585709021220127
10955	0.35905980593413356	0.35987647497863234	0.28106371908723415
10956	0.3617721413200249	0.3613749885397274	0.27685287014024773
10957	0.3747245614982372	0.36527822115295466	0.25999721734880815
10958	0.34612293973780933	0.3659226153542462	0.2879544449079445
10959	0.3617721413200249	0.3613749885397274	0.27685287014024773
10960	0.32289860098473955	0.3738698810190239	0.3032315179962365
10961	0.28157746591936583	0.35985163195862147	0.3585709021220127
10962	0.35905980593413356	0.35987647497863234	0.28106371908723415
10963	0.3281610381977386	0.32117104450808054	0.35066791729418073
10964	0.2696264277930923	0.36684965510681966	0.3635239171000881
10965	0.3572052398805409	0.3602552593421972	0.2825395007772619
10966	0.35905980593413356	0.35987647497863234	0.28106371908723415
10967	0.34612293973780933	0.3659226153542462	0.2879544449079445
10968	0.34864353271676096	0.3672205069761539	0.2841359603070851
10969	0.35905980593413356	0.35987647497863234	0.28106371908723415
10970	0.35905980593413356	0.35987647497863234	0.28106371908723415
10971	0.2815469831318323	0.3593898957963163	0.3590631210718514
10972	0.30315911247573485	0.3757112973225907	0.32112959020167453
10973	0.35905980593413356	0.35987647497863234	0.28106371908723415
10974	0.35905980593413356	0.35987647497863234	0.28106371908723415
10975	0.32793698892253587	0.3343840253671894	0.33767898571027466
10976	0.27859350459434173	0.3624935191868965	0.3589129762187617
10977	0.36548954256440963	0.3650730322809494	0.26943742515464103
10978	0.3092717278971226	0.36302806880553695	0.32770020329734045
10979	0.2815469831318323	0.3593898957963163	0.3590631210718514
10980	0.1813317235933926	0.31167516033688064	0.5069931160697269
10981	0.24590232116559335	0.3314760200811422	0.42262165875326435
10982	0.2941769711266471	0.36057858784345476	0.3452444410298982
10983	0.35905980593413356	0.35987647497863234	0.28106371908723415
10984	0.3448053301237056	0.36045839676550556	0.29473627311078887
10985	0.351204548464632	0.3738806464807145	0.2749148050546533
10986	0.31198366662938215	0.37619057185544946	0.31182576151516833
10987	0.29702648877167653	0.3533521599156799	0.3496213513126436
10988	0.35905980593413356	0.35987647497863234	0.28106371908723415
10989	0.26922263554864534	0.3674844696604694	0.3632928947908852
10990	0.25440959766638543	0.36520614055952594	0.3803842617740886
10991	0.35905980593413356	0.35987647497863234	0.28106371908723415
10992	0.25504658611759307	0.3667547941481152	0.3781986197342917
10993	0.26912964431998704	0.367995005216606	0.362875350463407
10994	0.3190057679277061	0.3621499233718665	0.31884430870042746
10995	0.20349883422132004	0.34977625827082925	0.4467249075078507
10996	0.3652900394446201	0.3653577675485025	0.2693521930068774
10997	0.35905980593413356	0.35987647497863234	0.28106371908723415
10998	0.2693766595496597	0.36735770200392187	0.36326563844641846
10999	0.35905980593413356	0.35987647497863234	0.28106371908723415
11000	0.35905980593413356	0.35987647497863234	0.28106371908723415
11001	0.35905980593413356	0.35987647497863234	0.28106371908723415
11002	0.2941769711266471	0.36057858784345476	0.3452444410298982
11003	0.35905980593413356	0.35987647497863234	0.28106371908723415
11004	0.3555692342631872	0.36326630598566806	0.28116445975114485
11005	0.3555692342631872	0.36326630598566806	0.28116445975114485
11006	0.35905980593413356	0.35987647497863234	0.28106371908723415
11007	0.3616152536537704	0.3610936509322127	0.277291095414017
11008	0.3616152536537704	0.3610936509322127	0.277291095414017
11009	0.34306105510397794	0.3616046305756352	0.29533431432038687
11010	0.3654848741821338	0.36508044780909865	0.26943467800876747
11011	0.3634618487919918	0.36574742046734815	0.27079073074066007
11012	0.3654848741821338	0.36508044780909865	0.26943467800876747
11013	0.3653167227700477	0.3653306846070026	0.2693525926229497
11014	0.3654848741821338	0.36508044780909865	0.26943467800876747
11015	0.35905980593413356	0.35987647497863234	0.28106371908723415
11016	0.35905980593413356	0.35987647497863234	0.28106371908723415
11017	0.34306105510397794	0.3616046305756352	0.29533431432038687
11018	0.2924607447585894	0.3607154014486601	0.3468238537927505
11019	0.3566261821993247	0.3594509832517445	0.28392283454893075
11020	0.2693766595496597	0.36735770200392187	0.36326563844641846
11021	0.35905980593413356	0.35987647497863234	0.28106371908723415
11022	0.35905980593413356	0.35987647497863234	0.28106371908723415
11023	0.35905980593413356	0.35987647497863234	0.28106371908723415
11024	0.2778947036546963	0.3695351933881998	0.3525701029571039
11025	0.35905980593413356	0.35987647497863234	0.28106371908723415
11026	0.2636496900686507	0.3677749281293329	0.3685753818020165
11027	0.35270696563576803	0.36126687160819043	0.2860261627560416
11028	0.35905980593413356	0.35987647497863234	0.28106371908723415
11029	0.35905980593413356	0.35987647497863234	0.28106371908723415
11030	0.35905980593413356	0.35987647497863234	0.28106371908723415
11031	0.2778947036546963	0.3695351933881998	0.3525701029571039
11032	0.35905980593413356	0.35987647497863234	0.28106371908723415
11033	0.3402615712327451	0.34851943778928146	0.31121899097797334
11034	0.2651597983975316	0.36044152507835	0.3743986765241184
11035	0.281124573229881	0.3721424859967498	0.3467329407733692
11036	0.2937919358004914	0.3723962274436998	0.3338118367558089
11037	0.2937919358004914	0.3723962274436998	0.3338118367558089
11038	0.281124573229881	0.3721424859967498	0.3467329407733692
11039	0.3517453132894615	0.3609019919868774	0.28735269472366104
11040	0.35798228211893174	0.36653575057496973	0.2754819673060986
11041	0.35905980593413356	0.35987647497863234	0.28106371908723415
11042	0.3617721413200249	0.3613749885397274	0.27685287014024773
11043	0.29924561090388746	0.313227221870369	0.3875271672257436
11044	0.32751371428624254	0.3640424540976297	0.3084438316161277
11045	0.35905980593413356	0.35987647497863234	0.28106371908723415
11046	0.3190057679277061	0.3621499233718665	0.31884430870042746
11047	0.35905980593413356	0.35987647497863234	0.28106371908723415
11048	0.2941769711266471	0.36057858784345476	0.3452444410298982
11049	0.35905980593413356	0.35987647497863234	0.28106371908723415
11050	0.3572052398805409	0.3602552593421972	0.2825395007772619
11051	0.3652900394446201	0.3653577675485025	0.2693521930068774
11052	0.3653167227700477	0.3653306846070026	0.2693525926229497
11053	0.26922263554864534	0.3674844696604694	0.3632928947908852
11054	0.35905980593413356	0.35987647497863234	0.28106371908723415
11055	0.2813708974179434	0.36017658880403536	0.3584525137780213
11056	0.3452518666444901	0.3613830216104335	0.29336511174507646
11057	0.35905980593413356	0.35987647497863234	0.28106371908723415
11058	0.3654848741821338	0.36508044780909865	0.26943467800876747
11059	0.3257207581946338	0.3643122904422235	0.3099669513631426
11060	0.3452518666444901	0.3613830216104335	0.29336511174507646
11061	0.35905980593413356	0.35987647497863234	0.28106371908723415
11062	0.2778947036546963	0.3695351933881998	0.3525701029571039
11063	0.3572052398805409	0.3602552593421972	0.2825395007772619
11064	0.35905980593413356	0.35987647497863234	0.28106371908723415
11065	0.3572052398805409	0.3602552593421972	0.2825395007772619
11066	0.3572052398805409	0.3602552593421972	0.2825395007772619
11067	0.2815469831318323	0.3593898957963163	0.3590631210718514
11068	0.35905980593413356	0.35987647497863234	0.28106371908723415
11069	0.35905980593413356	0.35987647497863234	0.28106371908723415
11070	0.3572052398805409	0.3602552593421972	0.2825395007772619
11071	0.2477927954403514	0.35890339640147	0.3933038081581786
11072	0.36548954256440963	0.3650730322809494	0.26943742515464103
11073	0.24947625321787312	0.36744309654926505	0.38308065023286186
11074	0.35905980593413356	0.35987647497863234	0.28106371908723415
11075	0.3452518666444901	0.3613830216104335	0.29336511174507646
11076	0.35905980593413356	0.35987647497863234	0.28106371908723415
11077	0.3652900394446201	0.3653577675485025	0.2693521930068774
11078	0.2778947036546963	0.3695351933881998	0.3525701029571039
11079	0.35905980593413356	0.35987647497863234	0.28106371908723415
11080	0.3652900394446201	0.3653577675485025	0.2693521930068774
11081	0.2702791579614703	0.36409015118229365	0.36563069085623595
11082	0.2778947036546963	0.3695351933881998	0.3525701029571039
11083	0.35905980593413356	0.35987647497863234	0.28106371908723415
11084	0.35905980593413356	0.35987647497863234	0.28106371908723415
11085	0.26922263554864534	0.3674844696604694	0.3632928947908852
11086	0.35905980593413356	0.35987647497863234	0.28106371908723415
11087	0.35905980593413356	0.35987647497863234	0.28106371908723415
11088	0.2692798568250152	0.3660999112961959	0.364620231878789
11089	0.35922688952716414	0.358611193509439	0.28216191696339693
11090	0.3634618487919918	0.36574742046734815	0.27079073074066007
11091	0.3617721413200249	0.3613749885397274	0.27685287014024773
11092	0.3257207581946338	0.3643122904422235	0.3099669513631426
11093	0.2813708974179434	0.36017658880403536	0.3584525137780213
11094	0.35905980593413356	0.35987647497863234	0.28106371908723415
11095	0.35905980593413356	0.35987647497863234	0.28106371908723415
11096	0.35905980593413356	0.35987647497863234	0.28106371908723415
11097	0.25556546774314276	0.36086941310909404	0.3835651191477631
11098	0.3300353871327133	0.3654849482690303	0.3044796645982563
11099	0.3572052398805409	0.3602552593421972	0.2825395007772619
11100	0.35905980593413356	0.35987647497863234	0.28106371908723415
11101	0.23417113658266145	0.3626744377781132	0.4031544256392254
11102	0.2815469831318323	0.3593898957963163	0.3590631210718514
11103	0.35905980593413356	0.35987647497863234	0.28106371908723415
11104	0.35905980593413356	0.35987647497863234	0.28106371908723415
11105	0.35905980593413356	0.35987647497863234	0.28106371908723415
11106	0.2941769711266471	0.36057858784345476	0.3452444410298982
11107	0.32706179150474435	0.3630795770950325	0.30985863140022324
11108	0.3652900394446201	0.3653577675485025	0.2693521930068774
11109	0.35905980593413356	0.35987647497863234	0.28106371908723415
11110	0.34306105510397794	0.3616046305756352	0.29533431432038687
11111	0.2941769711266471	0.36057858784345476	0.3452444410298982
11112	0.3653167227700477	0.3653306846070026	0.2693525926229497
11113	0.2952107274051553	0.36055391674559983	0.34423535584924475
11114	0.35905980593413356	0.35987647497863234	0.28106371908723415
11115	0.35905980593413356	0.35987647497863234	0.28106371908723415
11116	0.35905980593413356	0.35987647497863234	0.28106371908723415
11117	0.35905980593413356	0.35987647497863234	0.28106371908723415
11118	0.32751371428624254	0.3640424540976297	0.3084438316161277
11119	0.28157746591936583	0.35985163195862147	0.3585709021220127
11120	0.35905980593413356	0.35987647497863234	0.28106371908723415
11121	0.2941769711266471	0.36057858784345476	0.3452444410298982
11122	0.35905980593413356	0.35987647497863234	0.28106371908723415
11123	0.20002022819989151	0.36286340774645737	0.4371163640536512
11124	0.3616152536537704	0.3610936509322127	0.277291095414017
11125	0.35905980593413356	0.35987647497863234	0.28106371908723415
11126	0.34174739429622314	0.3738693191809306	0.2843832865228463
11127	0.2786225883613723	0.3629578368906874	0.35841957474794034
11128	0.2815469831318323	0.3593898957963163	0.3590631210718514
11129	0.3653167227700477	0.3653306846070026	0.2693525926229497
11130	0.26010092433752496	0.3663500189663522	0.37354905669612276
11131	0.2968869923486736	0.369183511961269	0.3339294956900573
11132	0.35905980593413356	0.35987647497863234	0.28106371908723415
11133	0.3586210519974792	0.3589813717891372	0.28239757621338357
11134	0.3747245614982372	0.36527822115295466	0.25999721734880815
11135	0.35905980593413356	0.35987647497863234	0.28106371908723415
11136	0.2145098900616062	0.36585172462847315	0.4196383853099206
11137	0.35905980593413356	0.35987647497863234	0.28106371908723415
11138	0.2499284305288962	0.3685760189328287	0.38149555053827505
11139	0.35905980593413356	0.35987647497863234	0.28106371908723415
11140	0.35905980593413356	0.35987647497863234	0.28106371908723415
11141	0.35905980593413356	0.35987647497863234	0.28106371908723415
11142	0.35905980593413356	0.35987647497863234	0.28106371908723415
11143	0.34342140055224984	0.36171365767436187	0.2948649417733882
11144	0.3555692342631872	0.36326630598566806	0.28116445975114485
11145	0.35359068533761717	0.36054205743610923	0.28586725722627365
11146	0.35359068533761717	0.36054205743610923	0.28586725722627365
11147	0.3572052398805409	0.3602552593421972	0.2825395007772619
11148	0.3572052398805409	0.3602552593421972	0.2825395007772619
11149	0.3572052398805409	0.3602552593421972	0.2825395007772619
11150	0.3652900394446201	0.3653577675485025	0.2693521930068774
11151	0.35905980593413356	0.35987647497863234	0.28106371908723415
11152	0.35905980593413356	0.35987647497863234	0.28106371908723415
11153	0.28157746591936583	0.35985163195862147	0.3585709021220127
11154	0.35905980593413356	0.35987647497863234	0.28106371908723415
11155	0.2879425103385155	0.36673258413877124	0.3453249055227132
11156	0.2425242322184478	0.3625674377229987	0.39490833005855347
11157	0.3190057679277061	0.3621499233718665	0.31884430870042746
11158	0.23703552659707297	0.3029277245963305	0.4600367488065965
11159	0.31296229813496707	0.31367411989197985	0.3733635819730531
11160	0.3572052398805409	0.3602552593421972	0.2825395007772619
11161	0.28157746591936583	0.35985163195862147	0.3585709021220127
11162	0.35905980593413356	0.35987647497863234	0.28106371908723415
11163	0.3233466601706067	0.3636943470808148	0.31295899274857847
11164	0.35905980593413356	0.35987647497863234	0.28106371908723415
11165	0.2778947036546963	0.3695351933881998	0.3525701029571039
11166	0.22615440502490292	0.3086970433321487	0.4651485516429484
11167	0.31295170972424824	0.3136635075070434	0.37338478276870846
11168	0.36341238728712194	0.3597106431386885	0.2768769695741895
11169	0.35331667702676345	0.36198581553967185	0.28469750743356464
11170	0.35905980593413356	0.35987647497863234	0.28106371908723415
11171	0.35905980593413356	0.35987647497863234	0.28106371908723415
11172	0.35905980593413356	0.35987647497863234	0.28106371908723415
11173	0.3653167227700477	0.3653306846070026	0.2693525926229497
11174	0.2003298038456504	0.36137486665555535	0.4382953294987943
11175	0.3190057679277061	0.3621499233718665	0.31884430870042746
11176	0.33688862660446295	0.35509856206650303	0.3080128113290341
11177	0.35905980593413356	0.35987647497863234	0.28106371908723415
11178	0.35905980593413356	0.35987647497863234	0.28106371908723415
11179	0.2941769711266471	0.36057858784345476	0.3452444410298982
11180	0.35905980593413356	0.35987647497863234	0.28106371908723415
11181	0.36017186319776073	0.35970234571448795	0.2801257910877512
11182	0.35905980593413356	0.35987647497863234	0.28106371908723415
11183	0.19372271528715843	0.355640152402453	0.45063713231038854
11184	0.27046078234935983	0.3645807949117493	0.36495842273889095
11185	0.35905980593413356	0.35987647497863234	0.28106371908723415
11186	0.35905980593413356	0.35987647497863234	0.28106371908723415
11187	0.35905980593413356	0.35987647497863234	0.28106371908723415
11188	0.35905980593413356	0.35987647497863234	0.28106371908723415
11189	0.35905980593413356	0.35987647497863234	0.28106371908723415
11190	0.288933153012655	0.3204423082861698	0.39062453870117514
11191	0.28157746591936583	0.35985163195862147	0.3585709021220127
11192	0.2778947036546963	0.3695351933881998	0.3525701029571039
11193	0.2786225883613723	0.3629578368906874	0.35841957474794034
11194	0.35905980593413356	0.35987647497863234	0.28106371908723415
11195	0.35905980593413356	0.35987647497863234	0.28106371908723415
11196	0.35905980593413356	0.35987647497863234	0.28106371908723415
11197	0.35905980593413356	0.35987647497863234	0.28106371908723415
11198	0.35905980593413356	0.35987647497863234	0.28106371908723415
11199	0.3652900394446201	0.3653577675485025	0.2693521930068774
11200	0.3555692342631872	0.36326630598566806	0.28116445975114485
11201	0.3190057679277061	0.3621499233718665	0.31884430870042746
11202	0.3572052398805409	0.3602552593421972	0.2825395007772619
11203	0.34560617154429535	0.3629363757671436	0.29145745268856105
11204	0.3616152536537704	0.3610936509322127	0.277291095414017
11205	0.35905980593413356	0.35987647497863234	0.28106371908723415
11206	0.35905980593413356	0.35987647497863234	0.28106371908723415
11207	0.3452518666444901	0.3613830216104335	0.29336511174507646
11208	0.269577002141649	0.36652731735618393	0.3638956805021671
11209	0.35905980593413356	0.35987647497863234	0.28106371908723415
11210	0.35905980593413356	0.35987647497863234	0.28106371908723415
11211	0.2778947036546963	0.3695351933881998	0.3525701029571039
11212	0.3153502417045349	0.37016312490561054	0.31448663338985455
11213	0.35905980593413356	0.35987647497863234	0.28106371908723415
11214	0.28157746591936583	0.35985163195862147	0.3585709021220127
11215	0.35905980593413356	0.35987647497863234	0.28106371908723415
11216	0.35905980593413356	0.35987647497863234	0.28106371908723415
11217	0.35905980593413356	0.35987647497863234	0.28106371908723415
11218	0.3672435921004213	0.362526942559599	0.27022946533997977
11219	0.3190057679277061	0.3621499233718665	0.31884430870042746
11220	0.35905980593413356	0.35987647497863234	0.28106371908723415
11221	0.2715095281456017	0.3698723837887482	0.35861808806565015
11222	0.3747245614982372	0.36527822115295466	0.25999721734880815
11223	0.34306105510397794	0.3616046305756352	0.29533431432038687
11224	0.35905980593413356	0.35987647497863234	0.28106371908723415
11225	0.35905980593413356	0.35987647497863234	0.28106371908723415
11226	0.3747245614982372	0.36527822115295466	0.25999721734880815
11227	0.22648090656557873	0.3591051520369441	0.4144139413974771
11228	0.35905980593413356	0.35987647497863234	0.28106371908723415
11229	0.2618713410169293	0.3662870833845345	0.3718415755985363
11230	0.35905980593413356	0.35987647497863234	0.28106371908723415
11231	0.26922263554864534	0.3674844696604694	0.3632928947908852
11232	0.3617721413200249	0.3613749885397274	0.27685287014024773
11233	0.35905980593413356	0.35987647497863234	0.28106371908723415
11234	0.2778947036546963	0.3695351933881998	0.3525701029571039
11235	0.35905980593413356	0.35987647497863234	0.28106371908723415
11236	0.2778947036546963	0.3695351933881998	0.3525701029571039
11237	0.35905980593413356	0.35987647497863234	0.28106371908723415
11238	0.26922263554864534	0.3674844696604694	0.3632928947908852
11239	0.35905980593413356	0.35987647497863234	0.28106371908723415
11240	0.19384239638241113	0.3555337046781759	0.4506238989394128
11241	0.35060456500220755	0.36041983030949015	0.2889756046883023
11242	0.35060456500220755	0.36041983030949015	0.2889756046883023
11243	0.2531646824343752	0.35838843051807834	0.38844688704754654
11244	0.2941769711266471	0.36057858784345476	0.3452444410298982
11245	0.35905980593413356	0.35987647497863234	0.28106371908723415
11246	0.35905980593413356	0.35987647497863234	0.28106371908723415
11247	0.3524126970871272	0.37153767191970455	0.2760496309931682
11248	0.28157746591936583	0.35985163195862147	0.3585709021220127
11249	0.2941769711266471	0.36057858784345476	0.3452444410298982
11250	0.2690002510986683	0.358602005083592	0.37239774381773966
11251	0.32751371428624254	0.3640424540976297	0.3084438316161277
11252	0.35905980593413356	0.35987647497863234	0.28106371908723415
11253	0.35905980593413356	0.35987647497863234	0.28106371908723415
11254	0.2941769711266471	0.36057858784345476	0.3452444410298982
11255	0.3652900394446201	0.3653577675485025	0.2693521930068774
11256	0.37303029652052516	0.35203229395753133	0.2749374095219434
11257	0.35905980593413356	0.35987647497863234	0.28106371908723415
11258	0.3616152536537704	0.3610936509322127	0.277291095414017
11259	0.35905980593413356	0.35987647497863234	0.28106371908723415
11260	0.35905980593413356	0.35987647497863234	0.28106371908723415
11261	0.3616152536537704	0.3610936509322127	0.277291095414017
11262	0.35905980593413356	0.35987647497863234	0.28106371908723415
11263	0.35905980593413356	0.35987647497863234	0.28106371908723415
11264	0.35905980593413356	0.35987647497863234	0.28106371908723415
11265	0.35905980593413356	0.35987647497863234	0.28106371908723415
11266	0.34306105510397794	0.3616046305756352	0.29533431432038687
11267	0.35905980593413356	0.35987647497863234	0.28106371908723415
11268	0.35905980593413356	0.35987647497863234	0.28106371908723415
11269	0.35905980593413356	0.35987647497863234	0.28106371908723415
11270	0.28157746591936583	0.35985163195862147	0.3585709021220127
11271	0.35905980593413356	0.35987647497863234	0.28106371908723415
11272	0.35905980593413356	0.35987647497863234	0.28106371908723415
11273	0.35905980593413356	0.35987647497863234	0.28106371908723415
11274	0.28157746591936583	0.35985163195862147	0.3585709021220127
11275	0.35905980593413356	0.35987647497863234	0.28106371908723415
11276	0.35905980593413356	0.35987647497863234	0.28106371908723415
11277	0.32706179150474435	0.3630795770950325	0.30985863140022324
11278	0.35905980593413356	0.35987647497863234	0.28106371908723415
11279	0.3441317904822824	0.3468576246819211	0.30901058483579663
11280	0.3617721413200249	0.3613749885397274	0.27685287014024773
11281	0.35905980593413356	0.35987647497863234	0.28106371908723415
11282	0.35905980593413356	0.35987647497863234	0.28106371908723415
11283	0.34306105510397794	0.3616046305756352	0.29533431432038687
11284	0.35905980593413356	0.35987647497863234	0.28106371908723415
11285	0.35905980593413356	0.35987647497863234	0.28106371908723415
11286	0.35905980593413356	0.35987647497863234	0.28106371908723415
11287	0.269577002141649	0.36652731735618393	0.3638956805021671
11288	0.35905980593413356	0.35987647497863234	0.28106371908723415
11289	0.34342140055224984	0.36171365767436187	0.2948649417733882
11290	0.23355464856295344	0.3625312278482123	0.4039141235888342
11291	0.35905980593413356	0.35987647497863234	0.28106371908723415
11292	0.3652900394446201	0.3653577675485025	0.2693521930068774
11293	0.35905980593413356	0.35987647497863234	0.28106371908723415
11294	0.26912964431998704	0.367995005216606	0.362875350463407
11295	0.34010818013424815	0.3408817443620425	0.31901007550370936
11296	0.2941769711266471	0.36057858784345476	0.3452444410298982
11297	0.35905980593413356	0.35987647497863234	0.28106371908723415
11298	0.35905980593413356	0.35987647497863234	0.28106371908723415
11299	0.2941769711266471	0.36057858784345476	0.3452444410298982
11300	0.35905980593413356	0.35987647497863234	0.28106371908723415
11301	0.23160137486846252	0.37023874938311135	0.3981598757484261
11302	0.35905980593413356	0.35987647497863234	0.28106371908723415
11303	0.2778947036546963	0.3695351933881998	0.3525701029571039
11304	0.34306105510397794	0.3616046305756352	0.29533431432038687
11305	0.35905980593413356	0.35987647497863234	0.28106371908723415
11306	0.35905980593413356	0.35987647497863234	0.28106371908723415
11307	0.35905980593413356	0.35987647497863234	0.28106371908723415
11308	0.3354252566880092	0.3681949907022713	0.2963797526097196
11309	0.3354252566880092	0.3681949907022713	0.2963797526097196
11310	0.28157746591936583	0.35985163195862147	0.3585709021220127
11311	0.35905980593413356	0.35987647497863234	0.28106371908723415
11312	0.3452518666444901	0.3613830216104335	0.29336511174507646
11313	0.2674981270528284	0.3680501295313226	0.3644517434158491
11314	0.28831363551888706	0.36114689011824236	0.3505394743628705
11315	0.35905980593413356	0.35987647497863234	0.28106371908723415
11316	0.3747245614982372	0.36527822115295466	0.25999721734880815
11317	0.3572052398805409	0.3602552593421972	0.2825395007772619
11318	0.3664009745894155	0.3651606372306032	0.2684383881799812
11319	0.36017186319776073	0.35970234571448795	0.2801257910877512
11320	0.2674981270528284	0.3680501295313226	0.3644517434158491
11321	0.2674981270528284	0.3680501295313226	0.3644517434158491
11322	0.2941769711266471	0.36057858784345476	0.3452444410298982
11323	0.35905980593413356	0.35987647497863234	0.28106371908723415
11324	0.35905980593413356	0.35987647497863234	0.28106371908723415
11325	0.38280262201550486	0.36752418108963486	0.24967319689486037
11326	0.3652900394446201	0.3653577675485025	0.2693521930068774
11327	0.35905980593413356	0.35987647497863234	0.28106371908723415
11328	0.35905980593413356	0.35987647497863234	0.28106371908723415
11329	0.26759024048577473	0.36753908612673225	0.364870673387493
11330	0.3572052398805409	0.3602552593421972	0.2825395007772619
11331	0.35905980593413356	0.35987647497863234	0.28106371908723415
11332	0.35905980593413356	0.35987647497863234	0.28106371908723415
11333	0.35905980593413356	0.35987647497863234	0.28106371908723415
11334	0.2778947036546963	0.3695351933881998	0.3525701029571039
11335	0.21471305174656996	0.364462002456881	0.4208249457965491
11336	0.2815469831318323	0.3593898957963163	0.3590631210718514
11337	0.2941769711266471	0.36057858784345476	0.3452444410298982
11338	0.3652900394446201	0.3653577675485025	0.2693521930068774
11339	0.35905980593413356	0.35987647497863234	0.28106371908723415
11340	0.35905980593413356	0.35987647497863234	0.28106371908723415
11341	0.3466024349136487	0.34739077010089003	0.30600679498546113
11342	0.33696403358855653	0.36530661228670724	0.2977293541247362
11343	0.33696403358855653	0.36530661228670724	0.2977293541247362
11344	0.2778947036546963	0.3695351933881998	0.3525701029571039
11345	0.35905980593413356	0.35987647497863234	0.28106371908723415
11346	0.36341238728712194	0.3597106431386885	0.2768769695741895
11347	0.35905980593413356	0.35987647497863234	0.28106371908723415
11348	0.3617721413200249	0.3613749885397274	0.27685287014024773
11349	0.35905980593413356	0.35987647497863234	0.28106371908723415
11350	0.3495598729078174	0.36134344233712745	0.289096684755055
11351	0.2554642442799832	0.3652830583690682	0.37925269735094846
11352	0.2427348189816666	0.3628777843937855	0.3943873966245478
11353	0.35905980593413356	0.35987647497863234	0.28106371908723415
11354	0.35905980593413356	0.35987647497863234	0.28106371908723415
11355	0.27046078234935983	0.3645807949117493	0.36495842273889095
11356	0.27046078234935983	0.3645807949117493	0.36495842273889095
11357	0.3617721413200249	0.3613749885397274	0.27685287014024773
11358	0.25719714062722604	0.3663029076827575	0.3764999516900165
11359	0.33684381720942735	0.3550513305766645	0.3081048522139081
11360	0.26922263554864534	0.3674844696604694	0.3632928947908852
11361	0.3617721413200249	0.3613749885397274	0.27685287014024773
11362	0.35905980593413356	0.35987647497863234	0.28106371908723415
11363	0.2679919969264427	0.36690474202350015	0.36510326105005697
11364	0.26172041354284853	0.36641180877516455	0.3718677776819869
11365	0.3572052398805409	0.3602552593421972	0.2825395007772619
11366	0.31296229813496707	0.31367411989197985	0.3733635819730531
11367	0.3654848741821338	0.36508044780909865	0.26943467800876747
11368	0.2696264277930923	0.36684965510681966	0.3635239171000881
11369	0.35905980593413356	0.35987647497863234	0.28106371908723415
11370	0.3617721413200249	0.3613749885397274	0.27685287014024773
11371	0.269577002141649	0.36652731735618393	0.3638956805021671
11372	0.3572052398805409	0.3602552593421972	0.2825395007772619
11373	0.3653167227700477	0.3653306846070026	0.2693525926229497
11374	0.26163230403562815	0.36692406627515756	0.37144362968921424
11375	0.35905980593413356	0.35987647497863234	0.28106371908723415
11376	0.26922263554864534	0.3674844696604694	0.3632928947908852
11377	0.34306105510397794	0.3616046305756352	0.29533431432038687
11378	0.35905980593413356	0.35987647497863234	0.28106371908723415
11379	0.26922263554864534	0.3674844696604694	0.3632928947908852
11380	0.2941769711266471	0.36057858784345476	0.3452444410298982
11381	0.34306105510397794	0.3616046305756352	0.29533431432038687
11382	0.35905980593413356	0.35987647497863234	0.28106371908723415
11383	0.2778947036546963	0.3695351933881998	0.3525701029571039
11384	0.35905980593413356	0.35987647497863234	0.28106371908723415
11385	0.35905980593413356	0.35987647497863234	0.28106371908723415
11386	0.35905980593413356	0.35987647497863234	0.28106371908723415
11387	0.3486967407359083	0.3453366670301324	0.30596659223395933
11388	0.35905980593413356	0.35987647497863234	0.28106371908723415
11389	0.2941769711266471	0.36057858784345476	0.3452444410298982
11390	0.35905980593413356	0.35987647497863234	0.28106371908723415
11391	0.34306105510397794	0.3616046305756352	0.29533431432038687
11392	0.34306105510397794	0.3616046305756352	0.29533431432038687
11393	0.2815469831318323	0.3593898957963163	0.3590631210718514
11394	0.35905980593413356	0.35987647497863234	0.28106371908723415
11395	0.35905980593413356	0.35987647497863234	0.28106371908723415
11396	0.35905980593413356	0.35987647497863234	0.28106371908723415
11397	0.3190057679277061	0.3621499233718665	0.31884430870042746
11398	0.35905980593413356	0.35987647497863234	0.28106371908723415
11399	0.337669902955821	0.3620957005314831	0.3002343965126958
11400	0.3653167227700477	0.3653306846070026	0.2693525926229497
11401	0.35905980593413356	0.35987647497863234	0.28106371908723415
11402	0.26922263554864534	0.3674844696604694	0.3632928947908852
11403	0.26922263554864534	0.3674844696604694	0.3632928947908852
11404	0.2778947036546963	0.3695351933881998	0.3525701029571039
11405	0.35905980593413356	0.35987647497863234	0.28106371908723415
11406	0.35905980593413356	0.35987647497863234	0.28106371908723415
11407	0.3530937325008718	0.35315919929824585	0.29374706820088237
11408	0.34656839308299897	0.34735665084328	0.3060749560737211
11409	0.340903577371724	0.35679401093793567	0.3023024116903403
11410	0.2815469831318323	0.3593898957963163	0.3590631210718514
11411	0.3652900394446201	0.3653577675485025	0.2693521930068774
11412	0.35905980593413356	0.35987647497863234	0.28106371908723415
11413	0.3452518666444901	0.3613830216104335	0.29336511174507646
11414	0.34938251016480437	0.37426555268330797	0.27635193715188755
11415	0.2815469831318323	0.3593898957963163	0.3590631210718514
11416	0.35905980593413356	0.35987647497863234	0.28106371908723415
11417	0.20344783472136668	0.34927771586206025	0.447274449416573
11418	0.3153502417045349	0.37016312490561054	0.31448663338985455
11419	0.35905980593413356	0.35987647497863234	0.28106371908723415
11420	0.3617721413200249	0.3613749885397274	0.27685287014024773
11421	0.26922263554864534	0.3674844696604694	0.3632928947908852
11422	0.3572052398805409	0.3602552593421972	0.2825395007772619
11423	0.3402615712327451	0.34851943778928146	0.31121899097797334
11424	0.35270696563576803	0.36126687160819043	0.2860261627560416
11425	0.3190057679277061	0.3621499233718665	0.31884430870042746
11426	0.35905980593413356	0.35987647497863234	0.28106371908723415
11427	0.3462573158950877	0.3658107111666638	0.2879319729382485
11428	0.3634352412578347	0.3657744742266593	0.270790284515506
11429	0.2738496633733405	0.3589568432004507	0.3671934934262087
11430	0.35905980593413356	0.35987647497863234	0.28106371908723415
11431	0.33680883005810885	0.3628051712691046	0.3003859986727864
11432	0.35270696563576803	0.36126687160819043	0.2860261627560416
11433	0.3747245614982372	0.36527822115295466	0.25999721734880815
11434	0.34612293973780933	0.3659226153542462	0.2879544449079445
11435	0.37302398504060674	0.35203583774081315	0.27494017721858005
11436	0.27046078234935983	0.3645807949117493	0.36495842273889095
11437	0.20349883422132004	0.34977625827082925	0.4467249075078507
11438	0.298701013371844	0.2993803983374673	0.4019185882906887
11439	0.11819757934145697	0.3270162519137674	0.5547861687447757
11440	0.17378377807657913	0.3530443261893359	0.473171895734085
11441	0.26922263554864534	0.3674844696604694	0.3632928947908852
11442	0.35905980593413356	0.35987647497863234	0.28106371908723415
11443	0.35905980593413356	0.35987647497863234	0.28106371908723415
11444	0.35905980593413356	0.35987647497863234	0.28106371908723415
11445	0.26922263554864534	0.3674844696604694	0.3632928947908852
11446	0.35905980593413356	0.35987647497863234	0.28106371908723415
11447	0.3653167227700477	0.3653306846070026	0.2693525926229497
11448	0.35905980593413356	0.35987647497863234	0.28106371908723415
11449	0.2782769815266629	0.3620901782365423	0.35963284023679487
11450	0.3552552548341076	0.3625275841613675	0.2822171610045249
11451	0.297081005952015	0.31313920881666707	0.389779785231318
11452	0.3452518666444901	0.3613830216104335	0.29336511174507646
11453	0.3514988328127211	0.36715499869959767	0.28134616848768124
11454	0.22172414116685818	0.37319076026839515	0.4050850985647466
11455	0.32751371428624254	0.3640424540976297	0.3084438316161277
11456	0.35905980593413356	0.35987647497863234	0.28106371908723415
11457	0.28157746591936583	0.35985163195862147	0.3585709021220127
11458	0.32751371428624254	0.3640424540976297	0.3084438316161277
11459	0.31526569825560663	0.3484281586384758	0.33630614310591755
11460	0.31415584524709533	0.3646806592274635	0.3211634955254412
11461	0.35905980593413356	0.35987647497863234	0.28106371908723415
11462	0.3652900394446201	0.3653577675485025	0.2693521930068774
11463	0.34818049640498244	0.3599443302477479	0.29187517334726965
11464	0.35905980593413356	0.35987647497863234	0.28106371908723415
11465	0.3120419257693521	0.3647635138993889	0.3231945603312591
11466	0.35905980593413356	0.35987647497863234	0.28106371908723415
11467	0.3572052398805409	0.3602552593421972	0.2825395007772619
11468	0.3654848741821338	0.36508044780909865	0.26943467800876747
11469	0.3654848741821338	0.36508044780909865	0.26943467800876747
11470	0.3452518666444901	0.3613830216104335	0.29336511174507646
11471	0.35905980593413356	0.35987647497863234	0.28106371908723415
11472	0.2088627420248175	0.3636327848133811	0.4275044731618013
11473	0.21965164072238105	0.3661773394301857	0.41417101984743326
11474	0.35905980593413356	0.35987647497863234	0.28106371908723415
11475	0.35905980593413356	0.35987647497863234	0.28106371908723415
11476	0.37230645677954854	0.3649656344744025	0.262727908746049
11477	0.32751371428624254	0.3640424540976297	0.3084438316161277
11478	0.35905980593413356	0.35987647497863234	0.28106371908723415
11479	0.3572052398805409	0.3602552593421972	0.2825395007772619
11480	0.3572052398805409	0.3602552593421972	0.2825395007772619
11481	0.2941769711266471	0.36057858784345476	0.3452444410298982
11482	0.35905980593413356	0.35987647497863234	0.28106371908723415
11483	0.35905980593413356	0.35987647497863234	0.28106371908723415
11484	0.35931043433294835	0.35932416661890093	0.2813653990481508
11485	0.35905980593413356	0.35987647497863234	0.28106371908723415
11486	0.35905980593413356	0.35987647497863234	0.28106371908723415
11487	0.31415584524709533	0.3646806592274635	0.3211634955254412
11488	0.31415584524709533	0.3646806592274635	0.3211634955254412
11489	0.35905980593413356	0.35987647497863234	0.28106371908723415
11490	0.3190057679277061	0.3621499233718665	0.31884430870042746
11491	0.35905980593413356	0.35987647497863234	0.28106371908723415
11492	0.3634618487919918	0.36574742046734815	0.27079073074066007
11493	0.35905980593413356	0.35987647497863234	0.28106371908723415
11494	0.3452518666444901	0.3613830216104335	0.29336511174507646
11495	0.35905980593413356	0.35987647497863234	0.28106371908723415
11496	0.2693766595496597	0.36735770200392187	0.36326563844641846
11497	0.35905980593413356	0.35987647497863234	0.28106371908723415
11498	0.18246410873183758	0.35114123075905945	0.46639466050910294
11499	0.1940204935761529	0.35503901807706173	0.4509404883467853
11500	0.35905980593413356	0.35987647497863234	0.28106371908723415
11501	0.35905980593413356	0.35987647497863234	0.28106371908723415
11502	0.3190057679277061	0.3621499233718665	0.31884430870042746
11503	0.2413558642318852	0.3572435169778703	0.4014006187902444
11504	0.3747245614982372	0.36527822115295466	0.25999721734880815
11505	0.35905980593413356	0.35987647497863234	0.28106371908723415
11506	0.3652900394446201	0.3653577675485025	0.2693521930068774
11507	0.3572052398805409	0.3602552593421972	0.2825395007772619
11508	0.2065659524409075	0.3690858468313984	0.4243482007276941
11509	0.3617436521164846	0.36880407300143303	0.26945227488208234
11510	0.3617436521164846	0.36880407300143303	0.26945227488208234
11511	0.27046078234935983	0.3645807949117493	0.36495842273889095
11512	0.27046078234935983	0.3645807949117493	0.36495842273889095
11513	0.35905980593413356	0.35987647497863234	0.28106371908723415
11514	0.23695841090667397	0.3024733478831432	0.46056824121018297
11515	0.35905980593413356	0.35987647497863234	0.28106371908723415
11516	0.35905980593413356	0.35987647497863234	0.28106371908723415
11517	0.35905980593413356	0.35987647497863234	0.28106371908723415
11518	0.19177489857981403	0.35819290751737914	0.45003219390280674
11519	0.2679919969264427	0.36690474202350015	0.36510326105005697
11520	0.35905980593413356	0.35987647497863234	0.28106371908723415
11521	0.35905980593413356	0.35987647497863234	0.28106371908723415
11522	0.3597589025680218	0.3614851852045765	0.2787559122274016
11523	0.3190057679277061	0.3621499233718665	0.31884430870042746
11524	0.35905980593413356	0.35987647497863234	0.28106371908723415
11525	0.35905980593413356	0.35987647497863234	0.28106371908723415
11526	0.2815469831318323	0.3593898957963163	0.3590631210718514
11527	0.26922263554864534	0.3674844696604694	0.3632928947908852
11528	0.35905980593413356	0.35987647497863234	0.28106371908723415
11529	0.2693766595496597	0.36735770200392187	0.36326563844641846
11530	0.28157746591936583	0.35985163195862147	0.3585709021220127
11531	0.35905980593413356	0.35987647497863234	0.28106371908723415
11532	0.35905980593413356	0.35987647497863234	0.28106371908723415
11533	0.35905980593413356	0.35987647497863234	0.28106371908723415
11534	0.35905980593413356	0.35987647497863234	0.28106371908723415
11535	0.3512241188182346	0.36776689071711177	0.2810089904646536
11536	0.35905980593413356	0.35987647497863234	0.28106371908723415
11537	0.35905980593413356	0.35987647497863234	0.28106371908723415
11538	0.2778947036546963	0.3695351933881998	0.3525701029571039
11539	0.35905980593413356	0.35987647497863234	0.28106371908723415
11540	0.31722876544029677	0.3623833753841802	0.320387859175523
11541	0.35905980593413356	0.35987647497863234	0.28106371908723415
11542	0.269577002141649	0.36652731735618393	0.3638956805021671
11543	0.3466024349136487	0.34739077010089003	0.30600679498546113
11544	0.35905980593413356	0.35987647497863234	0.28106371908723415
11545	0.34415729235938325	0.3614650917471125	0.29437761589350425
11546	0.35905980593413356	0.35987647497863234	0.28106371908723415
11547	0.35905980593413356	0.35987647497863234	0.28106371908723415
11548	0.2702861658215681	0.3686411385742585	0.3610726956041734
11549	0.26922263554864534	0.3674844696604694	0.3632928947908852
11550	0.35905980593413356	0.35987647497863234	0.28106371908723415
11551	0.35905980593413356	0.35987647497863234	0.28106371908723415
11552	0.3617721413200249	0.3613749885397274	0.27685287014024773
11553	0.35905980593413356	0.35987647497863234	0.28106371908723415
11554	0.26922263554864534	0.3674844696604694	0.3632928947908852
11555	0.35905980593413356	0.35987647497863234	0.28106371908723415
11556	0.32751371428624254	0.3640424540976297	0.3084438316161277
11557	0.3190057679277061	0.3621499233718665	0.31884430870042746
11558	0.21586637703437073	0.3655753310327379	0.41855829193289124
11559	0.3151216946220415	0.3694647827794774	0.3154135225984811
11560	0.35905980593413356	0.35987647497863234	0.28106371908723415
11561	0.35905980593413356	0.35987647497863234	0.28106371908723415
11562	0.35905980593413356	0.35987647497863234	0.28106371908723415
11563	0.3466024349136487	0.34739077010089003	0.30600679498546113
11564	0.36407329784813686	0.374019845897287	0.2619068562545762
11565	0.35905980593413356	0.35987647497863234	0.28106371908723415
11566	0.35905980593413356	0.35987647497863234	0.28106371908723415
11567	0.32751371428624254	0.3640424540976297	0.3084438316161277
11568	0.2693766595496597	0.36735770200392187	0.36326563844641846
11569	0.2693766595496597	0.36735770200392187	0.36326563844641846
11570	0.2693766595496597	0.36735770200392187	0.36326563844641846
11571	0.3468370921271756	0.3456417412287889	0.3075211666440355
11572	0.35905980593413356	0.35987647497863234	0.28106371908723415
11573	0.35905980593413356	0.35987647497863234	0.28106371908723415
11574	0.26922263554864534	0.3674844696604694	0.3632928947908852
11575	0.2815469831318323	0.3593898957963163	0.3590631210718514
11576	0.2696264277930923	0.36684965510681966	0.3635239171000881
11577	0.19315516249030876	0.3579090910423207	0.4489357464673706
11578	0.35905980593413356	0.35987647497863234	0.28106371908723415
11579	0.35905980593413356	0.35987647497863234	0.28106371908723415
11580	0.35905980593413356	0.35987647497863234	0.28106371908723415
11581	0.2025531236279765	0.35314921560242285	0.4442976607696006
11582	0.3586210519974792	0.3589813717891372	0.28239757621338357
11583	0.35905980593413356	0.35987647497863234	0.28106371908723415
11584	0.2719034838925959	0.36156826733922415	0.36652824876817997
11585	0.35286162550413136	0.3536641970027457	0.2934741774931229
11586	0.2417042278322824	0.3658874746265033	0.3924082975412143
11587	0.35905980593413356	0.35987647497863234	0.28106371908723415
11588	0.35905980593413356	0.35987647497863234	0.28106371908723415
11589	0.3698233606681698	0.3648214814204848	0.2653551579113455
11590	0.35905980593413356	0.35987647497863234	0.28106371908723415
11591	0.35905980593413356	0.35987647497863234	0.28106371908723415
11592	0.35247236361086337	0.37136594032950115	0.2761616960596355
11593	0.337669902955821	0.3620957005314831	0.3002343965126958
11594	0.35359068533761717	0.36054205743610923	0.28586725722627365
11595	0.3572052398805409	0.3602552593421972	0.2825395007772619
11596	0.35905980593413356	0.35987647497863234	0.28106371908723415
11597	0.35905980593413356	0.35987647497863234	0.28106371908723415
11598	0.3653167227700477	0.3653306846070026	0.2693525926229497
11599	0.35905980593413356	0.35987647497863234	0.28106371908723415
11600	0.28157746591936583	0.35985163195862147	0.3585709021220127
11601	0.3190057679277061	0.3621499233718665	0.31884430870042746
11602	0.26922263554864534	0.3674844696604694	0.3632928947908852
11603	0.35905980593413356	0.35987647497863234	0.28106371908723415
11604	0.2918644482479967	0.35975947777939965	0.3483760739726036
11605	0.3654848741821338	0.36508044780909865	0.26943467800876747
11606	0.35905980593413356	0.35987647497863234	0.28106371908723415
11607	0.2815469831318323	0.3593898957963163	0.3590631210718514
11608	0.3617721413200249	0.3613749885397274	0.27685287014024773
11609	0.3452518666444901	0.3613830216104335	0.29336511174507646
11610	0.35905980593413356	0.35987647497863234	0.28106371908723415
11611	0.2698300458214361	0.36755281635164133	0.36261713782692256
11612	0.2693766595496597	0.36735770200392187	0.36326563844641846
11613	0.3652900394446201	0.3653577675485025	0.2693521930068774
11614	0.27744012861567435	0.36846333576707474	0.3540965356172509
11615	0.35905980593413356	0.35987647497863234	0.28106371908723415
11616	0.3617721413200249	0.3613749885397274	0.27685287014024773
11617	0.35905980593413356	0.35987647497863234	0.28106371908723415
11618	0.3572052398805409	0.3602552593421972	0.2825395007772619
11619	0.3121179826939202	0.3734505049743393	0.3144315123317405
11620	0.3452518666444901	0.3613830216104335	0.29336511174507646
11621	0.35905980593413356	0.35987647497863234	0.28106371908723415
11622	0.2815469831318323	0.3593898957963163	0.3590631210718514
11623	0.34322869841071013	0.3506586323147372	0.3061126692745526
11624	0.35905980593413356	0.35987647497863234	0.28106371908723415
11625	0.28389709271288405	0.36054482265334475	0.3555580846337712
11626	0.3472178418040511	0.36576969684934807	0.2870124613466008
11627	0.28259045162563556	0.3598569422311334	0.35755260614323114
11628	0.36017186319776073	0.35970234571448795	0.2801257910877512
11629	0.3652900394446201	0.3653577675485025	0.2693521930068774
11630	0.34612293973780933	0.3659226153542462	0.2879544449079445
11631	0.2941769711266471	0.36057858784345476	0.3452444410298982
11632	0.28157746591936583	0.35985163195862147	0.3585709021220127
11633	0.26922263554864534	0.3674844696604694	0.3632928947908852
11634	0.35905980593413356	0.35987647497863234	0.28106371908723415
11635	0.35905980593413356	0.35987647497863234	0.28106371908723415
11636	0.298262870208821	0.3610416867545599	0.3406954430366192
11637	0.36177026247260274	0.36877692428252445	0.2694528132448727
11638	0.34736118131283295	0.3615852803565401	0.2910535383306271
11639	0.35905980593413356	0.35987647497863234	0.28106371908723415
11640	0.2738496633733405	0.3589568432004507	0.3671934934262087
11641	0.35905980593413356	0.35987647497863234	0.28106371908723415
11642	0.35905980593413356	0.35987647497863234	0.28106371908723415
11643	0.35905980593413356	0.35987647497863234	0.28106371908723415
11644	0.3190057679277061	0.3621499233718665	0.31884430870042746
11645	0.35905980593413356	0.35987647497863234	0.28106371908723415
11646	0.3572052398805409	0.3602552593421972	0.2825395007772619
11647	0.35905980593413356	0.35987647497863234	0.28106371908723415
11648	0.35905980593413356	0.35987647497863234	0.28106371908723415
11649	0.2140581533146814	0.3528790351836722	0.4330628115016464
11650	0.36017186319776073	0.35970234571448795	0.2801257910877512
11651	0.3654848741821338	0.36508044780909865	0.26943467800876747
11652	0.34306105510397794	0.3616046305756352	0.29533431432038687
11653	0.26067922037827435	0.3638876083006012	0.3754331713211246
11654	0.3355636342501669	0.3673641969047846	0.29707216884504845
11655	0.35905980593413356	0.35987647497863234	0.28106371908723415
11656	0.35905980593413356	0.35987647497863234	0.28106371908723415
11657	0.26922263554864534	0.3674844696604694	0.3632928947908852
11658	0.35905980593413356	0.35987647497863234	0.28106371908723415
11659	0.36341238728712194	0.3597106431386885	0.2768769695741895
11660	0.1940204935761529	0.35503901807706173	0.4509404883467853
11661	0.35905980593413356	0.35987647497863234	0.28106371908723415
11662	0.27744012861567435	0.36846333576707474	0.3540965356172509
11663	0.35905980593413356	0.35987647497863234	0.28106371908723415
11664	0.26922263554864534	0.3674844696604694	0.3632928947908852
11665	0.3653167227700477	0.3653306846070026	0.2693525926229497
11666	0.3653167227700477	0.3653306846070026	0.2693525926229497
11667	0.35905980593413356	0.35987647497863234	0.28106371908723415
11668	0.35905980593413356	0.35987647497863234	0.28106371908723415
11669	0.35905980593413356	0.35987647497863234	0.28106371908723415
11670	0.35905980593413356	0.35987647497863234	0.28106371908723415
11671	0.2778947036546963	0.3695351933881998	0.3525701029571039
11672	0.35905980593413356	0.35987647497863234	0.28106371908723415
11673	0.35905980593413356	0.35987647497863234	0.28106371908723415
11674	0.35060456500220755	0.36041983030949015	0.2889756046883023
11675	0.35905980593413356	0.35987647497863234	0.28106371908723415
11676	0.35905980593413356	0.35987647497863234	0.28106371908723415
11677	0.2941769711266471	0.36057858784345476	0.3452444410298982
11678	0.35905980593413356	0.35987647497863234	0.28106371908723415
11679	0.35905980593413356	0.35987647497863234	0.28106371908723415
11680	0.35905980593413356	0.35987647497863234	0.28106371908723415
11681	0.38280262201550486	0.36752418108963486	0.24967319689486037
11682	0.2688210696068121	0.3646352370805766	0.3665436933126112
11683	0.2688210696068121	0.3646352370805766	0.3665436933126112
11684	0.26922263554864534	0.3674844696604694	0.3632928947908852
11685	0.13303529386571863	0.33409647526407954	0.5328682308702019
11686	0.1568109108610415	0.28761284989001706	0.5555762392489414
11687	0.35905980593413356	0.35987647497863234	0.28106371908723415
11688	0.3617721413200249	0.3613749885397274	0.27685287014024773
11689	0.26912964431998704	0.367995005216606	0.362875350463407
11690	0.35905980593413356	0.35987647497863234	0.28106371908723415
11691	0.35905980593413356	0.35987647497863234	0.28106371908723415
11692	0.35905980593413356	0.35987647497863234	0.28106371908723415
11693	0.35905980593413356	0.35987647497863234	0.28106371908723415
11694	0.34306105510397794	0.3616046305756352	0.29533431432038687
11695	0.34612293973780933	0.3659226153542462	0.2879544449079445
11696	0.35905980593413356	0.35987647497863234	0.28106371908723415
11697	0.35905980593413356	0.35987647497863234	0.28106371908723415
11698	0.36341238728712194	0.3597106431386885	0.2768769695741895
11699	0.35905980593413356	0.35987647497863234	0.28106371908723415
11700	0.35905980593413356	0.35987647497863234	0.28106371908723415
