21257	0.34985575620191334	0.3510744642883691	0.2990697795097177
21258	0.3524699313367886	0.35165960157142706	0.29587046709178433
21259	0.29587508081820557	0.35236128308303555	0.3517636360987588
21260	0.3689527561603402	0.3528912986004748	0.2781559452391851
21261	0.3939923224709565	0.3278452521308535	0.2781624253981899
21262	0.3939923224709565	0.3278452521308535	0.2781624253981899
21263	0.27942637583052204	0.3591337037616588	0.3614399204078191
21264	0.3517025869067133	0.3507236570301729	0.29757375606311376
21265	0.3522295623161403	0.3508974056379977	0.29687303204586196
21266	0.32452565051209725	0.3252429067498183	0.3502314427380845
21267	0.18468563137021596	0.35180853939101087	0.46350582923877326
21268	0.3513126513448461	0.35111035532488566	0.2975769933302682
21269	0.3513126513448461	0.35111035532488566	0.2975769933302682
21270	0.3497097463215769	0.35108799825772297	0.2992022554207001
21271	0.3497097463215769	0.35108799825772297	0.2992022554207001
21272	0.327216271108289	0.3598163345251169	0.3129673943665942
21273	0.35086688125379334	0.35164235604587557	0.297490762700331
21274	0.35424998148740233	0.35266399427487605	0.2930860242377216
21275	0.35525187366882766	0.35356322718493216	0.29118489914624013
21276	0.35086688125379334	0.35164235604587557	0.297490762700331
21277	0.35086688125379334	0.35164235604587557	0.297490762700331
21278	0.35123888040708146	0.3498256595434172	0.29893546004950133
21279	0.3494433591872687	0.35031371859775123	0.30024292221497995
21280	0.35086688125379334	0.35164235604587557	0.297490762700331
21281	0.35086688125379334	0.35164235604587557	0.297490762700331
21282	0.28995413283019045	0.36053570268883467	0.3495101644809749
21283	0.3524699313367886	0.35165960157142706	0.29587046709178433
21284	0.35086688125379334	0.35164235604587557	0.297490762700331
21285	0.35086688125379334	0.35164235604587557	0.297490762700331
21286	0.3561809103209348	0.3583254645479639	0.2854936251311013
21287	0.35086688125379334	0.35164235604587557	0.297490762700331
21288	0.32457213722824474	0.3527134923976752	0.32271437037408
21289	0.3524699313367886	0.35165960157142706	0.29587046709178433
21290	0.35086688125379334	0.35164235604587557	0.297490762700331
21291	0.35086688125379334	0.35164235604587557	0.297490762700331
21292	0.33659443746392054	0.3568513907243234	0.306554171811756
21293	0.3371125123939957	0.3570427240387837	0.30584476356722057
21294	0.28862612584753217	0.36024571787229737	0.35112815628017047
21295	0.35086688125379334	0.35164235604587557	0.297490762700331
21296	0.35086688125379334	0.35164235604587557	0.297490762700331
21297	0.29819675374001187	0.3520150487518338	0.3497881975081544
21298	0.35086688125379334	0.35164235604587557	0.297490762700331
21299	0.35086688125379334	0.35164235604587557	0.297490762700331
21300	0.35104077294732505	0.3515622056335467	0.29739702141912827
21301	0.35051463455540055	0.35138718395650576	0.2980981814880937
21302	0.35086688125379334	0.35164235604587557	0.297490762700331
21303	0.35086688125379334	0.35164235604587557	0.297490762700331
21304	0.35303702897823097	0.3516972574107375	0.2952657136110316
21305	0.369073881361698	0.352877376926765	0.278048741711537
21306	0.3497097463215769	0.35108799825772297	0.2992022554207001
21307	0.29816130663002965	0.35172272871545923	0.35011596465451117
21308	0.35086688125379334	0.35164235604587557	0.297490762700331
21309	0.26708050546828327	0.366275952416419	0.3666435421152978
21310	0.27942637583052204	0.3591337037616588	0.3614399204078191
21311	0.35086688125379334	0.35164235604587557	0.297490762700331
21312	0.27942637583052204	0.3591337037616588	0.3614399204078191
21313	0.35171526131600694	0.3513220076402396	0.29696273104375337
21314	0.3545786620792232	0.353422713391292	0.29199862452948483
21315	0.35034084873189025	0.3514671392111456	0.2981920120569642
21316	0.2793512680316373	0.3593696794556958	0.36127905251266684
21317	0.35086688125379334	0.35164235604587557	0.297490762700331
21318	0.3522295623161403	0.3508974056379977	0.29687303204586196
21319	0.34985575620191334	0.3510744642883691	0.2990697795097177
21320	0.3009373156079519	0.3512872151371234	0.3477754692549246
21321	0.29959407010334316	0.3582176743375902	0.34218825555906657
21322	0.3571202056822096	0.3556435715172521	0.2872362228005383
21323	0.35086688125379334	0.35164235604587557	0.297490762700331
21324	0.35086688125379334	0.35164235604587557	0.297490762700331
21325	0.32300751658669785	0.3525996407438649	0.3243928426694372
21326	0.3561809103209348	0.3583254645479639	0.2854936251311013
21327	0.35086688125379334	0.35164235604587557	0.297490762700331
21328	0.3527643107038555	0.35127023981691785	0.2959654494792267
21329	0.3436165196945065	0.3436370945249748	0.3127463857805187
21330	0.2801088495529623	0.35914758710267897	0.36074356334435864
21331	0.29348515511457596	0.35314917869678525	0.35336566618863885
21332	0.3523949566254924	0.3539616006239775	0.29364344275053
21333	0.34890463475563605	0.35131475538408985	0.29978060986027405
21334	0.35034084873189025	0.3514671392111456	0.2981920120569642
21335	0.35086688125379334	0.35164235604587557	0.297490762700331
21336	0.3563556928324328	0.35824203877208716	0.28540226839548
21337	0.35391756385151735	0.35236612293997904	0.29371631320850355
21338	0.3522295623161403	0.3508974056379977	0.29687303204586196
21339	0.29348515511457596	0.35314917869678525	0.35336566618863885
21340	0.35086688125379334	0.35164235604587557	0.297490762700331
21341	0.35034084873189025	0.3514671392111456	0.2981920120569642
21342	0.29587508081820557	0.35236128308303555	0.3517636360987588
21343	0.29656630144379703	0.35206600472043753	0.35136769383576544
21344	0.3494433591872687	0.35031371859775123	0.30024292221497995
21345	0.35086688125379334	0.35164235604587557	0.297490762700331
21346	0.35024181253404674	0.35139395358718434	0.298364233878769
21347	0.35054341627337393	0.3507828895623019	0.29867369416432415
21348	0.35086688125379334	0.35164235604587557	0.297490762700331
21349	0.35582687411393893	0.3573847692228016	0.2867883566632595
21350	0.3504910570201391	0.3506921199904808	0.2988168229893801
21351	0.35086688125379334	0.35164235604587557	0.297490762700331
21352	0.35086688125379334	0.35164235604587557	0.297490762700331
21353	0.35086688125379334	0.35164235604587557	0.297490762700331
21354	0.29816130663002965	0.35172272871545923	0.35011596465451117
21355	0.3656587998247094	0.35835899230998874	0.2759822078653018
21356	0.3656587998247094	0.35835899230998874	0.2759822078653018
21357	0.34985575620191334	0.3510744642883691	0.2990697795097177
21358	0.35086688125379334	0.35164235604587557	0.297490762700331
21359	0.35086688125379334	0.35164235604587557	0.297490762700331
21360	0.3505329025149338	0.3513406010039075	0.2981264964811586
21361	0.35086688125379334	0.35164235604587557	0.297490762700331
21362	0.2795808712886902	0.35907240798914947	0.36134672072216034
21363	0.35104077294732505	0.3515622056335467	0.29739702141912827
21364	0.35321803728016615	0.35196314520916977	0.294818817510664
21365	0.35086688125379334	0.35164235604587557	0.297490762700331
21366	0.35086688125379334	0.35164235604587557	0.297490762700331
21367	0.2975503301458872	0.35078545458996097	0.35166421526415176
21368	0.31768976951334643	0.3183919173110515	0.3639183131756021
21369	0.26552645969848643	0.3132253879850049	0.4212481523165087
21370	0.35086688125379334	0.35164235604587557	0.297490762700331
21371	0.3256585714669603	0.3531676200439227	0.321173808489117
21372	0.35086688125379334	0.35164235604587557	0.297490762700331
21373	0.35086688125379334	0.35164235604587557	0.297490762700331
21374	0.35086688125379334	0.35164235604587557	0.297490762700331
21375	0.35086688125379334	0.35164235604587557	0.297490762700331
21376	0.35307714463813206	0.35113347759409047	0.2957893777677776
21377	0.35307714463813206	0.35113347759409047	0.2957893777677776
21378	0.3561809103209348	0.3583254645479639	0.2854936251311013
21379	0.35086688125379334	0.35164235604587557	0.297490762700331
21380	0.35535192683070244	0.3521190701776149	0.29252900299168266
21381	0.3542792039410841	0.3516348552099134	0.2940859408490025
21382	0.35086688125379334	0.35164235604587557	0.297490762700331
21383	0.35086688125379334	0.35164235604587557	0.297490762700331
21384	0.28846877639957297	0.3603098923681116	0.35122133123231547
21385	0.2793512680316373	0.3593696794556958	0.36127905251266684
21386	0.35034084873189025	0.3514671392111456	0.2981920120569642
21387	0.29816130663002965	0.35172272871545923	0.35011596465451117
21388	0.35086688125379334	0.35164235604587557	0.297490762700331
21389	0.35086688125379334	0.35164235604587557	0.297490762700331
21390	0.35086688125379334	0.35164235604587557	0.297490762700331
21391	0.35086688125379334	0.35164235604587557	0.297490762700331
21392	0.3500517007064169	0.3504866929610495	0.2994616063325336
21393	0.2835255185134724	0.3615569233559479	0.35491755813057957
21394	0.33971703096536876	0.3608183295745884	0.2994646394600428
21395	0.2951472473797117	0.3531875081739517	0.35166524444633657
21396	0.3524699313367886	0.35165960157142706	0.29587046709178433
21397	0.35086688125379334	0.35164235604587557	0.297490762700331
21398	0.35086688125379334	0.35164235604587557	0.297490762700331
21399	0.3505329025149338	0.3513406010039075	0.2981264964811586
21400	0.34890463475563605	0.35131475538408985	0.29978060986027405
21401	0.3226732142677063	0.3522677603644077	0.32505902536788606
21402	0.3498315240028313	0.35093022746224384	0.2992382485349249
21403	0.2793512680316373	0.3593696794556958	0.36127905251266684
21404	0.32300751658669785	0.3525996407438649	0.3243928426694372
21405	0.24190180891052035	0.35068553079718673	0.40741266029229306
21406	0.2900104790082606	0.35693810025521555	0.3530514207365239
21407	0.27942637583052204	0.3591337037616588	0.3614399204078191
21408	0.35086688125379334	0.35164235604587557	0.297490762700331
21409	0.35086688125379334	0.35164235604587557	0.297490762700331
21410	0.35086688125379334	0.35164235604587557	0.297490762700331
21411	0.3528973711250265	0.3518904689567306	0.295212159918243
21412	0.3528973711250265	0.3518904689567306	0.295212159918243
21413	0.35086688125379334	0.35164235604587557	0.297490762700331
21414	0.23900800030402528	0.3676442659998233	0.39334773369615145
21415	0.3051288675745796	0.365650923984555	0.32922020844086536
21416	0.3493987173142128	0.3508989109989221	0.2997023716868651
21417	0.35086688125379334	0.35164235604587557	0.297490762700331
21418	0.3527727380794357	0.35187193021127866	0.2953553317092857
21419	0.35086688125379334	0.35164235604587557	0.297490762700331
21420	0.35171526131600694	0.3513220076402396	0.29696273104375337
21421	0.34985575620191334	0.3510744642883691	0.2990697795097177
21422	0.35104077294732505	0.3515622056335467	0.29739702141912827
21423	0.35171526131600694	0.3513220076402396	0.29696273104375337
21424	0.35171526131600694	0.3513220076402396	0.29696273104375337
21425	0.32300751658669785	0.3525996407438649	0.3243928426694372
21426	0.3512166185398862	0.3503328198854596	0.2984505615746542
21427	0.3527643107038555	0.35127023981691785	0.2959654494792267
21428	0.35086688125379334	0.35164235604587557	0.297490762700331
21429	0.35054341627337393	0.3507828895623019	0.29867369416432415
21430	0.2732104194686095	0.35146982349573885	0.3753197570356517
21431	0.27942637583052204	0.3591337037616588	0.3614399204078191
21432	0.35086688125379334	0.35164235604587557	0.297490762700331
21433	0.32586864099817064	0.32463618315605086	0.3494951758457785
21434	0.2793512680316373	0.3593696794556958	0.36127905251266684
21435	0.35034084873189025	0.3514671392111456	0.2981920120569642
21436	0.35086688125379334	0.35164235604587557	0.297490762700331
21437	0.35086688125379334	0.35164235604587557	0.297490762700331
21438	0.2581002698134411	0.3654962140466334	0.37640351613992556
21439	0.2975503301458872	0.35078545458996097	0.35166421526415176
21440	0.35086688125379334	0.35164235604587557	0.297490762700331
21441	0.3931170632481593	0.32875498038930606	0.27812795636253473
21442	0.3931170632481593	0.32875498038930606	0.27812795636253473
21443	0.2784197574794057	0.3585304882500474	0.36304975427054686
21444	0.35424998148740233	0.35266399427487605	0.2930860242377216
21445	0.35086688125379334	0.35164235604587557	0.297490762700331
21446	0.35104077294732505	0.3515622056335467	0.29739702141912827
21447	0.35172821011551403	0.3505637044498111	0.29770808543467486
21448	0.35172821011551403	0.3505637044498111	0.29770808543467486
21449	0.35086688125379334	0.35164235604587557	0.297490762700331
21450	0.35086688125379334	0.35164235604587557	0.297490762700331
21451	0.28114049256028495	0.35901292117486433	0.3598465862648508
21452	0.35086688125379334	0.35164235604587557	0.297490762700331
21453	0.35086688125379334	0.35164235604587557	0.297490762700331
21454	0.3561809103209348	0.3583254645479639	0.2854936251311013
21455	0.35086688125379334	0.35164235604587557	0.297490762700331
21456	0.32300751658669785	0.3525996407438649	0.3243928426694372
21457	0.35086688125379334	0.35164235604587557	0.297490762700331
21458	0.29249858641745213	0.35187673738186565	0.3556246762006822
21459	0.3561809103209348	0.3583254645479639	0.2854936251311013
21460	0.35086688125379334	0.35164235604587557	0.297490762700331
21461	0.35086688125379334	0.35164235604587557	0.297490762700331
21462	0.35442454621208186	0.3525826125615849	0.2929928412263333
21463	0.32300751658669785	0.3525996407438649	0.3243928426694372
21464	0.28846877639957297	0.3603098923681116	0.35122133123231547
21465	0.35086688125379334	0.35164235604587557	0.297490762700331
21466	0.30281380909104316	0.3582263857630597	0.33895980514589713
21467	0.27942637583052204	0.3591337037616588	0.3614399204078191
21468	0.35086688125379334	0.35164235604587557	0.297490762700331
21469	0.35291877093114343	0.35413274034843306	0.29294848872042356
21470	0.35086688125379334	0.35164235604587557	0.297490762700331
21471	0.3373692281881851	0.35791917712390464	0.30471159468791015
21472	0.3377292965233661	0.35818120084733923	0.30408950262929463
21473	0.28846877639957297	0.3603098923681116	0.35122133123231547
21474	0.35086688125379334	0.35164235604587557	0.297490762700331
21475	0.2888622429679202	0.35952166475630865	0.3516160922757712
21476	0.2888622429679202	0.35952166475630865	0.3516160922757712
21477	0.27942637583052204	0.3591337037616588	0.3614399204078191
21478	0.35086688125379334	0.35164235604587557	0.297490762700331
21479	0.28862612584753217	0.36024571787229737	0.35112815628017047
21480	0.35104077294732505	0.3515622056335467	0.29739702141912827
21481	0.317617610373935	0.35967703033763365	0.32270535928843125
21482	0.33769773432939676	0.3582340816151558	0.30406818405544744
21483	0.35266186003135175	0.3495140710139225	0.2978240689547256
21484	0.35104077294732505	0.3515622056335467	0.29739702141912827
21485	0.35104077294732505	0.3515622056335467	0.29739702141912827
21486	0.11018702780607097	0.3091210936517873	0.5806918785421418
21487	0.14188925291763535	0.33153884316541504	0.5265719039169497
21488	0.3505329025149338	0.3513406010039075	0.2981264964811586
21489	0.3505329025149338	0.3513406010039075	0.2981264964811586
21490	0.34135888417936755	0.3554325019983678	0.30320861382226466
21491	0.36438085859693403	0.34388522367025803	0.2917339177328079
21492	0.3649161164809031	0.34404548320594197	0.291038400313155
21493	0.2899312607669243	0.36075776097124895	0.34931097826182667
21494	0.35086688125379334	0.35164235604587557	0.297490762700331
21495	0.35104077294732505	0.3515622056335467	0.29739702141912827
21496	0.35086688125379334	0.35164235604587557	0.297490762700331
21497	0.3561809103209348	0.3583254645479639	0.2854936251311013
21498	0.29592964207724215	0.3529477391467351	0.3511226187760227
21499	0.35086688125379334	0.35164235604587557	0.297490762700331
21500	0.2900104790082606	0.35693810025521555	0.3530514207365239
21501	0.2793512680316373	0.3593696794556958	0.36127905251266684
21502	0.35086688125379334	0.35164235604587557	0.297490762700331
21503	0.35086688125379334	0.35164235604587557	0.297490762700331
21504	0.35086688125379334	0.35164235604587557	0.297490762700331
21505	0.35086688125379334	0.35164235604587557	0.297490762700331
21506	0.35086688125379334	0.35164235604587557	0.297490762700331
21507	0.2900104790082606	0.35693810025521555	0.3530514207365239
21508	0.35086688125379334	0.35164235604587557	0.297490762700331
21509	0.35034084873189025	0.3514671392111456	0.2981920120569642
21510	0.28846877639957297	0.3603098923681116	0.35122133123231547
21511	0.32300751658669785	0.3525996407438649	0.3243928426694372
21512	0.3505329025149338	0.3513406010039075	0.2981264964811586
21513	0.294011993829486	0.35263882310547295	0.35334918306504115
21514	0.35145884264588545	0.35109633317692873	0.2974448241771859
21515	0.32239946751556	0.3517187671215138	0.3258817653629263
21516	0.34954200485545717	0.35129744877306524	0.29916054637147754
21517	0.35086688125379334	0.35164235604587557	0.297490762700331
21518	0.27942637583052204	0.3591337037616588	0.3614399204078191
21519	0.35086688125379334	0.35164235604587557	0.297490762700331
21520	0.35086688125379334	0.35164235604587557	0.297490762700331
21521	0.25860163318032087	0.36414230871095665	0.37725605810872254
21522	0.327502390936191	0.35927117340005815	0.3132264356637509
21523	0.35424998148740233	0.35266399427487605	0.2930860242377216
21524	0.35086688125379334	0.35164235604587557	0.297490762700331
21525	0.35086688125379334	0.35164235604587557	0.297490762700331
21526	0.35086688125379334	0.35164235604587557	0.297490762700331
21527	0.35104077294732505	0.3515622056335467	0.29739702141912827
21528	0.28846877639957297	0.3603098923681116	0.35122133123231547
21529	0.35086688125379334	0.35164235604587557	0.297490762700331
21530	0.3535719009608042	0.352034864338941	0.29439323470025486
21531	0.3843502999733023	0.3426474428877972	0.27300225713890053
21532	0.29348515511457596	0.35314917869678525	0.35336566618863885
21533	0.35086688125379334	0.35164235604587557	0.297490762700331
21534	0.35086688125379334	0.35164235604587557	0.297490762700331
21535	0.28846877639957297	0.3603098923681116	0.35122133123231547
21536	0.35086688125379334	0.35164235604587557	0.297490762700331
21537	0.3367350444275159	0.35758046305612645	0.30568449251635765
21538	0.3377292965233661	0.35818120084733923	0.30408950262929463
21539	0.3410508146002551	0.3555650812639549	0.30338410413579003
21540	0.3561809103209348	0.3583254645479639	0.2854936251311013
21541	0.34985575620191334	0.3510744642883691	0.2990697795097177
21542	0.20444435106697034	0.3602569501777484	0.4352986987552813
21543	0.26527246468940063	0.3645016206050269	0.37022591470557253
21544	0.3522295623161403	0.3508974056379977	0.29687303204586196
21545	0.3511789929912514	0.3515064102974961	0.29731459671125254
21546	0.35086688125379334	0.35164235604587557	0.297490762700331
21547	0.27878877680757774	0.3581702415869932	0.3630409816054291
21548	0.29816130663002965	0.35172272871545923	0.35011596465451117
21549	0.35086688125379334	0.35164235604587557	0.297490762700331
21550	0.35086688125379334	0.35164235604587557	0.297490762700331
21551	0.35086688125379334	0.35164235604587557	0.297490762700331
21552	0.35086688125379334	0.35164235604587557	0.297490762700331
21553	0.32473782116351024	0.35283635607683045	0.3224258227596593
21554	0.27942637583052204	0.3591337037616588	0.3614399204078191
21555	0.27942637583052204	0.3591337037616588	0.3614399204078191
21556	0.35086688125379334	0.35164235604587557	0.297490762700331
21557	0.29348515511457596	0.35314917869678525	0.35336566618863885
21558	0.35086688125379334	0.35164235604587557	0.297490762700331
21559	0.2916252210251779	0.3525559026006155	0.3558188763742066
21560	0.3561809103209348	0.3583254645479639	0.2854936251311013
21561	0.35086688125379334	0.35164235604587557	0.297490762700331
21562	0.3561809103209348	0.3583254645479639	0.2854936251311013
21563	0.3527643107038555	0.35127023981691785	0.2959654494792267
21564	0.3537053878671368	0.3490669942387048	0.2972276178941583
21565	0.35086688125379334	0.35164235604587557	0.297490762700331
21566	0.35086688125379334	0.35164235604587557	0.297490762700331
21567	0.35086688125379334	0.35164235604587557	0.297490762700331
21568	0.3520150726291907	0.3505876985384498	0.2973972288323595
21569	0.2994133499955599	0.3510878989569991	0.34949875104744105
21570	0.35034084873189025	0.3514671392111456	0.2981920120569642
21571	0.29819675374001187	0.3520150487518338	0.3497881975081544
21572	0.35086688125379334	0.35164235604587557	0.297490762700331
21573	0.35086688125379334	0.35164235604587557	0.297490762700331
21574	0.29300306703886875	0.3640249792587753	0.34297195370235606
21575	0.35086688125379334	0.35164235604587557	0.297490762700331
21576	0.3561809103209348	0.3583254645479639	0.2854936251311013
21577	0.35086688125379334	0.35164235604587557	0.297490762700331
21578	0.24913235222559976	0.3624832407423824	0.3883844070320177
21579	0.35086688125379334	0.35164235604587557	0.297490762700331
21580	0.35086688125379334	0.35164235604587557	0.297490762700331
21581	0.2960348976845872	0.3522966530032878	0.3516684493121251
21582	0.35104077294732505	0.3515622056335467	0.29739702141912827
21583	0.35086688125379334	0.35164235604587557	0.297490762700331
21584	0.2951472473797117	0.3531875081739517	0.35166524444633657
21585	0.27942637583052204	0.3591337037616588	0.3614399204078191
21586	0.2955496403495733	0.35606969634822094	0.3483806633022057
21587	0.2875055815622102	0.3590197806268452	0.3534746378109447
21588	0.35817018397803674	0.3607688071005457	0.2810610089214175
21589	0.35086688125379334	0.35164235604587557	0.297490762700331
21590	0.35034084873189025	0.3514671392111456	0.2981920120569642
21591	0.29348515511457596	0.35314917869678525	0.35336566618863885
21592	0.3535719009608042	0.352034864338941	0.29439323470025486
21593	0.33792507738644795	0.3577882744583229	0.3042866481552291
21594	0.35086688125379334	0.35164235604587557	0.297490762700331
21595	0.34985575620191334	0.3510744642883691	0.2990697795097177
21596	0.34985575620191334	0.3510744642883691	0.2990697795097177
21597	0.35086688125379334	0.35164235604587557	0.297490762700331
21598	0.3579308487207308	0.3563362758919859	0.2857328753872833
21599	0.3561809103209348	0.3583254645479639	0.2854936251311013
21600	0.34967029961103513	0.35054771573221344	0.2997819846567515
21601	0.28114049256028495	0.35901292117486433	0.3598465862648508
21602	0.3527643107038555	0.35127023981691785	0.2959654494792267
21603	0.35086688125379334	0.35164235604587557	0.297490762700331
21604	0.35086688125379334	0.35164235604587557	0.297490762700331
21605	0.36928158600851185	0.3531726768085717	0.2775457371829164
21606	0.24706309376488753	0.34656698070335756	0.4063699255317548
21607	0.29587508081820557	0.35236128308303555	0.3517636360987588
21608	0.3501560329638188	0.3503897763862004	0.29945419064998074
21609	0.35304589156504623	0.3518635168562553	0.2950905915786985
21610	0.35086688125379334	0.35164235604587557	0.297490762700331
21611	0.35171526131600694	0.3513220076402396	0.29696273104375337
21612	0.27942637583052204	0.3591337037616588	0.3614399204078191
21613	0.35086688125379334	0.35164235604587557	0.297490762700331
21614	0.34907811923702753	0.35123524842429965	0.2996866323386728
21615	0.35086688125379334	0.35164235604587557	0.297490762700331
21616	0.35086688125379334	0.35164235604587557	0.297490762700331
21617	0.35086688125379334	0.35164235604587557	0.297490762700331
21618	0.3542954381936887	0.35201757390159344	0.2936869879047178
21619	0.29587508081820557	0.35236128308303555	0.3517636360987588
21620	0.28786947179285444	0.3589701112364573	0.3531604169706883
21621	0.28786947179285444	0.3589701112364573	0.3531604169706883
21622	0.35086688125379334	0.35164235604587557	0.297490762700331
21623	0.2951472473797117	0.3531875081739517	0.35166524444633657
21624	0.3590494642147829	0.358192864637057	0.28275767114816003
21625	0.35086688125379334	0.35164235604587557	0.297490762700331
21626	0.36752007596671643	0.34405889497223796	0.2884210290610457
21627	0.3493426700121481	0.35103160279727996	0.29962572719057184
21628	0.35086688125379334	0.35164235604587557	0.297490762700331
21629	0.2975503301458872	0.35078545458996097	0.35166421526415176
21630	0.28846877639957297	0.3603098923681116	0.35122133123231547
21631	0.3245574009566261	0.3252747273743439	0.35016787166902996
21632	0.29348515511457596	0.35314917869678525	0.35336566618863885
21633	0.2952489479858473	0.3529866918431932	0.3517643601709596
21634	0.3527643107038555	0.35127023981691785	0.2959654494792267
21635	0.35086688125379334	0.35164235604587557	0.297490762700331
21636	0.34004987540561005	0.35497195807527737	0.3049781665191126
21637	0.3410508146002551	0.3555650812639549	0.30338410413579003
21638	0.3498779856383341	0.3505662842359991	0.2995557301256668
21639	0.35086688125379334	0.35164235604587557	0.297490762700331
21640	0.35086688125379334	0.35164235604587557	0.297490762700331
21641	0.35086688125379334	0.35164235604587557	0.297490762700331
21642	0.35086688125379334	0.35164235604587557	0.297490762700331
21643	0.3574087526279271	0.3561731969336156	0.2864180504384573
21644	0.3579308487207308	0.3563362758919859	0.2857328753872833
21645	0.29816130663002965	0.35172272871545923	0.35011596465451117
21646	0.35079917220657864	0.35095070866647854	0.2982501191269428
21647	0.35086688125379334	0.35164235604587557	0.297490762700331
21648	0.3388382204824659	0.33845936465688786	0.3227024148606461
21649	0.35086688125379334	0.35164235604587557	0.297490762700331
21650	0.27829916007484873	0.3483575000651741	0.3733433398599772
21651	0.3347563054509714	0.34900269350996954	0.31624100103905906
21652	0.35104077294732505	0.3515622056335467	0.29739702141912827
21653	0.2890746896147338	0.3590801032143308	0.3518452071709353
21654	0.35086688125379334	0.35164235604587557	0.297490762700331
21655	0.35086688125379334	0.35164235604587557	0.297490762700331
21656	0.35086688125379334	0.35164235604587557	0.297490762700331
21657	0.29348515511457596	0.35314917869678525	0.35336566618863885
21658	0.29348515511457596	0.35314917869678525	0.35336566618863885
21659	0.337988388307804	0.338735399386434	0.3232762123057621
21660	0.35086688125379334	0.35164235604587557	0.297490762700331
21661	0.29348515511457596	0.35314917869678525	0.35336566618863885
21662	0.35086688125379334	0.35164235604587557	0.297490762700331
21663	0.2951472473797117	0.3531875081739517	0.35166524444633657
21664	0.3253784092350797	0.35269441432048365	0.3219271764444366
21665	0.35582687411393893	0.3573847692228016	0.2867883566632595
21666	0.35086688125379334	0.35164235604587557	0.297490762700331
21667	0.2805745810233635	0.36150246161794364	0.35792295735869284
21668	0.3539456998185094	0.3513368018599734	0.29471749832151717
21669	0.35086688125379334	0.35164235604587557	0.297490762700331
21670	0.35086688125379334	0.35164235604587557	0.297490762700331
21671	0.34449993029775305	0.34526133305786916	0.3102387366443778
21672	0.34449993029775305	0.34526133305786916	0.3102387366443778
21673	0.35291877093114343	0.35413274034843306	0.29294848872042356
21674	0.35266186003135175	0.3495140710139225	0.2978240689547256
21675	0.35086688125379334	0.35164235604587557	0.297490762700331
21676	0.32300751658669785	0.3525996407438649	0.3243928426694372
21677	0.35086688125379334	0.35164235604587557	0.297490762700331
21678	0.27942637583052204	0.3591337037616588	0.3614399204078191
21679	0.29085963388303787	0.35917622581362846	0.3499641403033337
21680	0.35034084873189025	0.3514671392111456	0.2981920120569642
21681	0.35034084873189025	0.3514671392111456	0.2981920120569642
21682	0.28846877639957297	0.3603098923681116	0.35122133123231547
21683	0.35086688125379334	0.35164235604587557	0.297490762700331
21684	0.35086688125379334	0.35164235604587557	0.297490762700331
21685	0.35424998148740233	0.35266399427487605	0.2930860242377216
21686	0.3500417879992701	0.3509282506515002	0.2990299613492297
21687	0.3500417879992701	0.3509282506515002	0.2990299613492297
21688	0.2793512680316373	0.3593696794556958	0.36127905251266684
21689	0.35086688125379334	0.35164235604587557	0.297490762700331
21690	0.35086688125379334	0.35164235604587557	0.297490762700331
21691	0.35171526131600694	0.3513220076402396	0.29696273104375337
21692	0.3007469603733335	0.3524516321309633	0.34680140749570315
21693	0.27942637583052204	0.3591337037616588	0.3614399204078191
21694	0.35086688125379334	0.35164235604587557	0.297490762700331
21695	0.35086688125379334	0.35164235604587557	0.297490762700331
21696	0.35086688125379334	0.35164235604587557	0.297490762700331
21697	0.35086688125379334	0.35164235604587557	0.297490762700331
21698	0.35086688125379334	0.35164235604587557	0.297490762700331
21699	0.35086688125379334	0.35164235604587557	0.297490762700331
21700	0.2951472473797117	0.3531875081739517	0.35166524444633657
21701	0.3579308487207308	0.3563362758919859	0.2857328753872833
21702	0.29587508081820557	0.35236128308303555	0.3517636360987588
21703	0.3509339901643736	0.3515728769413549	0.29749313289427143
21704	0.34947764042714463	0.35012238202170526	0.3003999775511501
21705	0.28846877639957297	0.3603098923681116	0.35122133123231547
21706	0.35086688125379334	0.35164235604587557	0.297490762700331
21707	0.35086688125379334	0.35164235604587557	0.297490762700331
21708	0.23353362088389396	0.3582178303313081	0.40824854878479805
21709	0.23353362088389396	0.3582178303313081	0.40824854878479805
21710	0.2936442298667808	0.3530850639964108	0.3532707061368084
21711	0.35086688125379334	0.35164235604587557	0.297490762700331
21712	0.3545190582352676	0.35413798354823856	0.2913429582164939
21713	0.35086688125379334	0.35164235604587557	0.297490762700331
21714	0.34890463475563605	0.35131475538408985	0.29978060986027405
21715	0.35086688125379334	0.35164235604587557	0.297490762700331
21716	0.3511887846173496	0.3511477780783112	0.29766343730433914
21717	0.35291877093114343	0.35413274034843306	0.29294848872042356
21718	0.2955438817969771	0.35199987778128444	0.3524562404217385
21719	0.22989839136939108	0.3525480407191869	0.41755356791142195
21720	0.2772367659803803	0.3644243145010468	0.3583389195185729
21721	0.3377292965233661	0.35818120084733923	0.30408950262929463
21722	0.3498315240028313	0.35093022746224384	0.2992382485349249
21723	0.3498315240028313	0.35093022746224384	0.2992382485349249
21724	0.35104077294732505	0.3515622056335467	0.29739702141912827
21725	0.2831326174521427	0.35935471571089134	0.3575126668369659
21726	0.3549393709918703	0.35128342462388	0.2937772043842496
21727	0.3519263840154353	0.3506273348285034	0.2974462811560613
21728	0.3504910570201391	0.3506921199904808	0.2988168229893801
21729	0.2978290817809926	0.35136378732232937	0.350807130896678
21730	0.2673385320575815	0.3655005420808045	0.367160925861614
21731	0.327502390936191	0.35927117340005815	0.3132264356637509
21732	0.3561809103209348	0.3583254645479639	0.2854936251311013
21733	0.35086688125379334	0.35164235604587557	0.297490762700331
21734	0.35086688125379334	0.35164235604587557	0.297490762700331
21735	0.35086688125379334	0.35164235604587557	0.297490762700331
21736	0.2714121828542264	0.3437880483761073	0.38479976876966626
21737	0.29816130663002965	0.35172272871545923	0.35011596465451117
21738	0.3561809103209348	0.3583254645479639	0.2854936251311013
21739	0.35086688125379334	0.35164235604587557	0.297490762700331
21740	0.29587508081820557	0.35236128308303555	0.3517636360987588
21741	0.35086688125379334	0.35164235604587557	0.297490762700331
21742	0.2966587111753127	0.3521212515327707	0.3512200372919165
21743	0.352095554000039	0.3507124704580549	0.29719197554190613
21744	0.3245581062562736	0.3252754342328221	0.3501664595109042
21745	0.35086688125379334	0.35164235604587557	0.297490762700331
21746	0.35086688125379334	0.35164235604587557	0.297490762700331
21747	0.2888622429679202	0.35952166475630865	0.3516160922757712
21748	0.290532261546667	0.3584957078761832	0.3509720305771498
21749	0.3531901849455617	0.3496871334364415	0.2971226816179968
21750	0.29587508081820557	0.35236128308303555	0.3517636360987588
21751	0.35086688125379334	0.35164235604587557	0.297490762700331
21752	0.3524699313367886	0.35165960157142706	0.29587046709178433
21753	0.3503536455377497	0.35079306133789984	0.2988532931243503
21754	0.3562880669400141	0.3551281345362573	0.2885837985237287
21755	0.27280204752981624	0.3493514470905858	0.377846505379598
21756	0.3561809103209348	0.3583254645479639	0.2854936251311013
21757	0.35086688125379334	0.35164235604587557	0.297490762700331
21758	0.35034084873189025	0.3514671392111456	0.2981920120569642
21759	0.2814682947752536	0.3551981353936426	0.3633335698311038
21760	0.35086688125379334	0.35164235604587557	0.297490762700331
21761	0.35086688125379334	0.35164235604587557	0.297490762700331
21762	0.34985575620191334	0.3510744642883691	0.2990697795097177
21763	0.27942637583052204	0.3591337037616588	0.3614399204078191
21764	0.35086688125379334	0.35164235604587557	0.297490762700331
21765	0.35086688125379334	0.35164235604587557	0.297490762700331
21766	0.36039860202492174	0.3518658724248638	0.2877355255502146
21767	0.35086688125379334	0.35164235604587557	0.297490762700331
21768	0.35086688125379334	0.35164235604587557	0.297490762700331
21769	0.35086688125379334	0.35164235604587557	0.297490762700331
21770	0.35034084873189025	0.3514671392111456	0.2981920120569642
21771	0.35104077294732505	0.3515622056335467	0.29739702141912827
21772	0.286639235976701	0.3597028332830415	0.3536579307402575
21773	0.3500417879992701	0.3509282506515002	0.2990299613492297
21774	0.3561809103209348	0.3583254645479639	0.2854936251311013
21775	0.35086688125379334	0.35164235604587557	0.297490762700331
21776	0.28404911116073617	0.3572297973769515	0.3587210914623123
21777	0.35086688125379334	0.35164235604587557	0.297490762700331
21778	0.35086688125379334	0.35164235604587557	0.297490762700331
21779	0.35086688125379334	0.35164235604587557	0.297490762700331
21780	0.2884463091157207	0.36053217106062957	0.35102151982364976
21781	0.35026716982219447	0.35082475250297296	0.2989080776748327
21782	0.35104077294732505	0.3515622056335467	0.29739702141912827
21783	0.35086688125379334	0.35164235604587557	0.297490762700331
21784	0.3505329025149338	0.3513406010039075	0.2981264964811586
21785	0.3511789929912514	0.3515064102974961	0.29731459671125254
21786	0.3248868842351074	0.32518978842525964	0.34992332733963305
21787	0.2787634234568193	0.36208583850001314	0.35915073804316766
21788	0.3368824895598257	0.3379405244460467	0.32517698599412753
21789	0.35171526131600694	0.3513220076402396	0.29696273104375337
21790	0.27855993928291173	0.3584669144485964	0.36297314626849186
21791	0.3551769213015855	0.3520418323025761	0.29278124639583847
21792	0.3551769213015855	0.3520418323025761	0.29278124639583847
21793	0.3561809103209348	0.3583254645479639	0.2854936251311013
21794	0.35086688125379334	0.35164235604587557	0.297490762700331
21795	0.3540920693903151	0.35228491405081097	0.2936230165588738
21796	0.27765035299519897	0.3579576686485723	0.3643919783562287
21797	0.35086688125379334	0.35164235604587557	0.297490762700331
21798	0.35086688125379334	0.35164235604587557	0.297490762700331
21799	0.24818893314349597	0.3692946956413049	0.3825163712151991
21800	0.27268158688264504	0.3725083722976531	0.35481004081970186
21801	0.35086688125379334	0.35164235604587557	0.297490762700331
21802	0.2884463091157207	0.36053217106062957	0.35102151982364976
21803	0.35086688125379334	0.35164235604587557	0.297490762700331
21804	0.34985575620191334	0.3510744642883691	0.2990697795097177
21805	0.32472663160691645	0.32520897751330463	0.3500643908797789
21806	0.3583452884139929	0.3606841539550635	0.28097055763094364
21807	0.35034084873189025	0.3514671392111456	0.2981920120569642
21808	0.35086688125379334	0.35164235604587557	0.297490762700331
21809	0.3782098201050131	0.3363899597053243	0.28540022018966266
21810	0.37875330182926603	0.3365359836398803	0.2847107145308537
21811	0.36232417363809527	0.3481020686681415	0.28957375769376315
21812	0.35424998148740233	0.35266399427487605	0.2930860242377216
21813	0.35258770371106957	0.3538337300686966	0.2935785662202338
21814	0.35086688125379334	0.35164235604587557	0.297490762700331
21815	0.28846877639957297	0.3603098923681116	0.35122133123231547
21816	0.2978057497497372	0.3528687084397427	0.34932554181052
21817	0.3528973711250265	0.3518904689567306	0.295212159918243
21818	0.3530377823981276	0.3475699397235971	0.2993922778782752
21819	0.3530377823981276	0.3475699397235971	0.2993922778782752
21820	0.3561809103209348	0.3583254645479639	0.2854936251311013
21821	0.35086688125379334	0.35164235604587557	0.297490762700331
21822	0.3527643107038555	0.35127023981691785	0.2959654494792267
21823	0.29947344576196977	0.3590102971086482	0.3415162571293821
21824	0.3535140894275034	0.35358274572272186	0.29290316484977474
21825	0.34985575620191334	0.3510744642883691	0.2990697795097177
21826	0.3657673366036977	0.3437205590100449	0.2905121043862573
21827	0.3657673366036977	0.3437205590100449	0.2905121043862573
21828	0.3377292965233661	0.35818120084733923	0.30408950262929463
21829	0.27662522706690235	0.36588623325673764	0.3574885396763601
21830	0.33823173544828006	0.3576563592667329	0.30411190528498705
21831	0.35104077294732505	0.3515622056335467	0.29739702141912827
21832	0.35086688125379334	0.35164235604587557	0.297490762700331
21833	0.356280797323865	0.3528937588012039	0.29082544387493114
21834	0.32300751658669785	0.3525996407438649	0.3243928426694372
21835	0.35086688125379334	0.35164235604587557	0.297490762700331
21836	0.35086688125379334	0.35164235604587557	0.297490762700331
21837	0.2793512680316373	0.3593696794556958	0.36127905251266684
21838	0.35086688125379334	0.35164235604587557	0.297490762700331
21839	0.2811890065183463	0.3550171402245866	0.3637938532570672
21840	0.35086688125379334	0.35164235604587557	0.297490762700331
21841	0.3497097463215769	0.35108799825772297	0.2992022554207001
21842	0.2890746896147338	0.3590801032143308	0.3518452071709353
21843	0.35086688125379334	0.35164235604587557	0.297490762700331
21844	0.3561809103209348	0.3583254645479639	0.2854936251311013
21845	0.35086688125379334	0.35164235604587557	0.297490762700331
21846	0.3500417879992701	0.3509282506515002	0.2990299613492297
21847	0.35086688125379334	0.35164235604587557	0.297490762700331
21848	0.35086688125379334	0.35164235604587557	0.297490762700331
21849	0.29348515511457596	0.35314917869678525	0.35336566618863885
21850	0.35086688125379334	0.35164235604587557	0.297490762700331
21851	0.3511789929912514	0.3515064102974961	0.29731459671125254
21852	0.29816130663002965	0.35172272871545923	0.35011596465451117
21853	0.35086688125379334	0.35164235604587557	0.297490762700331
21854	0.29794465411546855	0.35285775220675203	0.34919759367777936
21855	0.35086688125379334	0.35164235604587557	0.297490762700331
21856	0.35086688125379334	0.35164235604587557	0.297490762700331
21857	0.27942637583052204	0.3591337037616588	0.3614399204078191
21858	0.29819675374001187	0.3520150487518338	0.3497881975081544
21859	0.35086688125379334	0.35164235604587557	0.297490762700331
21860	0.28846877639957297	0.3603098923681116	0.35122133123231547
21861	0.35086688125379334	0.35164235604587557	0.297490762700331
21862	0.2810648765055535	0.35924875677590806	0.35968636671853843
21863	0.3527643107038555	0.35127023981691785	0.2959654494792267
21864	0.2811146130191135	0.3552519124620472	0.36363347451883943
21865	0.2929815781711757	0.35289663703341206	0.3541217847954121
21866	0.35086688125379334	0.35164235604587557	0.297490762700331
21867	0.34985575620191334	0.3510744642883691	0.2990697795097177
21868	0.3377292965233661	0.35818120084733923	0.30408950262929463
21869	0.3377292965233661	0.35818120084733923	0.30408950262929463
21870	0.35086688125379334	0.35164235604587557	0.297490762700331
21871	0.3517522774469532	0.3507074952625257	0.297540227290521
21872	0.294615505312251	0.36757189270256785	0.33781260198518115
21873	0.2893679151171971	0.35965726868204767	0.3509748162007552
21874	0.3500417879992701	0.3509282506515002	0.2990299613492297
21875	0.3500417879992701	0.3509282506515002	0.2990299613492297
21876	0.35086688125379334	0.35164235604587557	0.297490762700331
21877	0.2812960267233364	0.35971010693079214	0.35899386634587155
21878	0.3528973711250265	0.3518904689567306	0.295212159918243
21879	0.27942637583052204	0.3591337037616588	0.3614399204078191
21880	0.3530951453219351	0.352121444785643	0.29478340989242197
21881	0.3522295623161403	0.3508974056379977	0.29687303204586196
21882	0.28860364597302385	0.3604679565558345	0.35092839747114163
21883	0.35034084873189025	0.3514671392111456	0.2981920120569642
21884	0.29816130663002965	0.35172272871545923	0.35011596465451117
21885	0.2693387364498947	0.3223037925170839	0.40835747103302145
21886	0.2975503301458872	0.35078545458996097	0.35166421526415176
21887	0.29816130663002965	0.35172272871545923	0.35011596465451117
21888	0.3500417879992701	0.3509282506515002	0.2990299613492297
21889	0.35291877093114343	0.35413274034843306	0.29294848872042356
21890	0.35086688125379334	0.35164235604587557	0.297490762700331
21891	0.35364156106969047	0.3508654556512362	0.2954929832790733
21892	0.35424998148740233	0.35266399427487605	0.2930860242377216
21893	0.3505329025149338	0.3513406010039075	0.2981264964811586
21894	0.3505329025149338	0.3513406010039075	0.2981264964811586
21895	0.32300751658669785	0.3525996407438649	0.3243928426694372
21896	0.2793512680316373	0.3593696794556958	0.36127905251266684
21897	0.35086688125379334	0.35164235604587557	0.297490762700331
21898	0.2887286486880788	0.3590647938449371	0.3522065574669841
21899	0.35104077294732505	0.3515622056335467	0.29739702141912827
21900	0.3493049387158312	0.35075325172923977	0.2999418095549289
21901	0.3544226816262082	0.3517100500313456	0.29386726834244625
21902	0.28846877639957297	0.3603098923681116	0.35122133123231547
21903	0.35086688125379334	0.35164235604587557	0.297490762700331
21904	0.3561809103209348	0.3583254645479639	0.2854936251311013
21905	0.35086688125379334	0.35164235604587557	0.297490762700331
21906	0.35086688125379334	0.35164235604587557	0.297490762700331
21907	0.3511789929912514	0.3515064102974961	0.29731459671125254
21908	0.35086688125379334	0.35164235604587557	0.297490762700331
21909	0.35086688125379334	0.35164235604587557	0.297490762700331
21910	0.35086688125379334	0.35164235604587557	0.297490762700331
21911	0.35086688125379334	0.35164235604587557	0.297490762700331
21912	0.35086688125379334	0.35164235604587557	0.297490762700331
21913	0.35086688125379334	0.35164235604587557	0.297490762700331
21914	0.35807729313097103	0.3579165054489787	0.28400620142005034
21915	0.3527643107038555	0.35127023981691785	0.2959654494792267
21916	0.22660956215993164	0.35165202402482126	0.42173841381524707
21917	0.35086688125379334	0.35164235604587557	0.297490762700331
21918	0.35086688125379334	0.35164235604587557	0.297490762700331
21919	0.29348515511457596	0.35314917869678525	0.35336566618863885
21920	0.3511789929912514	0.3515064102974961	0.29731459671125254
21921	0.3511789929912514	0.3515064102974961	0.29731459671125254
21922	0.3511887846173496	0.3511477780783112	0.29766343730433914
21923	0.34951516764924206	0.35075155834866667	0.29973327400209127
21924	0.29587508081820557	0.35236128308303555	0.3517636360987588
21925	0.35086688125379334	0.35164235604587557	0.297490762700331
21926	0.3497097463215769	0.35108799825772297	0.2992022554207001
21927	0.35086688125379334	0.35164235604587557	0.297490762700331
21928	0.3576529827136728	0.35213481308452743	0.2902122042017998
21929	0.3503536455377497	0.35079306133789984	0.2988532931243503
21930	0.35034084873189025	0.3514671392111456	0.2981920120569642
21931	0.35104077294732505	0.3515622056335467	0.29739702141912827
21932	0.2901865102139822	0.3603745963295424	0.3494388934564755
21933	0.3527643107038555	0.35127023981691785	0.2959654494792267
21934	0.3495427539369597	0.35026325382116336	0.30019399224187693
21935	0.3495427539369597	0.35026325382116336	0.30019399224187693
21936	0.35291877093114343	0.35413274034843306	0.29294848872042356
21937	0.35291877093114343	0.35413274034843306	0.29294848872042356
21938	0.35054341627337393	0.3507828895623019	0.29867369416432415
21939	0.35086688125379334	0.35164235604587557	0.297490762700331
21940	0.35086688125379334	0.35164235604587557	0.297490762700331
21941	0.35086688125379334	0.35164235604587557	0.297490762700331
21942	0.34985575620191334	0.3510744642883691	0.2990697795097177
21943	0.2966587562130863	0.3533990438525916	0.3499421999343222
21944	0.27323227279142326	0.35149793656524436	0.37526979064333227
21945	0.2793512680316373	0.3593696794556958	0.36127905251266684
21946	0.35086688125379334	0.35164235604587557	0.297490762700331
21947	0.2952489479858473	0.3529866918431932	0.3517643601709596
21948	0.3527643107038555	0.35127023981691785	0.2959654494792267
21949	0.35086688125379334	0.35164235604587557	0.297490762700331
21950	0.35086688125379334	0.35164235604587557	0.297490762700331
21951	0.35086688125379334	0.35164235604587557	0.297490762700331
21952	0.35086688125379334	0.35164235604587557	0.297490762700331
21953	0.35086688125379334	0.35164235604587557	0.297490762700331
21954	0.30766047870750174	0.358892527340443	0.33344699395205524
21955	0.34985575620191334	0.3510744642883691	0.2990697795097177
21956	0.35086688125379334	0.35164235604587557	0.297490762700331
21957	0.32300751658669785	0.3525996407438649	0.3243928426694372
21958	0.34985575620191334	0.3510744642883691	0.2990697795097177
21959	0.3524699313367886	0.35165960157142706	0.29587046709178433
21960	0.35086688125379334	0.35164235604587557	0.297490762700331
21961	0.35086688125379334	0.35164235604587557	0.297490762700331
21962	0.35034084873189025	0.3514671392111456	0.2981920120569642
21963	0.3561809103209348	0.3583254645479639	0.2854936251311013
21964	0.35086688125379334	0.35164235604587557	0.297490762700331
21965	0.35171526131600694	0.3513220076402396	0.29696273104375337
21966	0.35188685050869495	0.35132862214602917	0.29678452734527594
21967	0.3544226816262082	0.3517100500313456	0.29386726834244625
21968	0.3531901849455617	0.3496871334364415	0.2971226816179968
21969	0.29348515511457596	0.35314917869678525	0.35336566618863885
21970	0.35086688125379334	0.35164235604587557	0.297490762700331
21971	0.35086688125379334	0.35164235604587557	0.297490762700331
21972	0.35086688125379334	0.35164235604587557	0.297490762700331
21973	0.35086688125379334	0.35164235604587557	0.297490762700331
21974	0.35086688125379334	0.35164235604587557	0.297490762700331
21975	0.35086688125379334	0.35164235604587557	0.297490762700331
21976	0.37886331306089166	0.33647638937860597	0.2846602975605023
21977	0.35086688125379334	0.35164235604587557	0.297490762700331
21978	0.3527643107038555	0.35127023981691785	0.2959654494792267
21979	0.3525897084137041	0.35140895249062176	0.2960013390956743
21980	0.28963135543899343	0.3601681438071722	0.3502005007538343
21981	0.35086688125379334	0.35164235604587557	0.297490762700331
21982	0.29497155944171194	0.34870258719016906	0.35632585336811906
21983	0.34907811923702753	0.35123524842429965	0.2996866323386728
21984	0.35034084873189025	0.3514671392111456	0.2981920120569642
21985	0.2951472473797117	0.3531875081739517	0.35166524444633657
21986	0.3369499423675554	0.3376128081515609	0.3254372494808836
21987	0.3369499423675554	0.3376128081515609	0.3254372494808836
21988	0.28846877639957297	0.3603098923681116	0.35122133123231547
21989	0.2890746896147338	0.3590801032143308	0.3518452071709353
21990	0.34890463475563605	0.35131475538408985	0.29978060986027405
21991	0.2783682505263741	0.3584375634364995	0.36319418603712644
21992	0.3021658145071323	0.35161432547402527	0.34621986001884236
21993	0.3081665844800681	0.35912290480974485	0.33271051071018704
21994	0.2586048755078813	0.3547191335474829	0.3866759909446358
21995	0.35086688125379334	0.35164235604587557	0.297490762700331
21996	0.23237272582140414	0.3614003044099337	0.4062269697686622
21997	0.29817519248156077	0.35232887783267175	0.3494959296857675
21998	0.29587508081820557	0.35236128308303555	0.3517636360987588
21999	0.3431643256895902	0.3647170309217818	0.2921186433886279
22000	0.35086688125379334	0.35164235604587557	0.297490762700331
22001	0.35086688125379334	0.35164235604587557	0.297490762700331
22002	0.2853644991276737	0.3366271144392029	0.3780083864331234
22003	0.29348515511457596	0.35314917869678525	0.35336566618863885
22004	0.35104077294732505	0.3515622056335467	0.29739702141912827
22005	0.23353362088389396	0.3582178303313081	0.40824854878479805
22006	0.2900104790082606	0.35693810025521555	0.3530514207365239
22007	0.3498779856383341	0.3505662842359991	0.2995557301256668
22008	0.29249858641745213	0.35187673738186565	0.3556246762006822
22009	0.35510119118731254	0.35233740625028814	0.29256140256239943
22010	0.3513402589398603	0.3499501484734668	0.2987095925866729
22011	0.32300751658669785	0.3525996407438649	0.3243928426694372
22012	0.35086688125379334	0.35164235604587557	0.297490762700331
22013	0.3577760574922239	0.35831080794008446	0.2839131345676917
22014	0.32300751658669785	0.3525996407438649	0.3243928426694372
22015	0.35086688125379334	0.35164235604587557	0.297490762700331
22016	0.28810234151207964	0.36121212631572885	0.3506855321721915
22017	0.3498779856383341	0.3505662842359991	0.2995557301256668
22018	0.27942637583052204	0.3591337037616588	0.3614399204078191
22019	0.35086688125379334	0.35164235604587557	0.297490762700331
22020	0.3579308487207308	0.3563362758919859	0.2857328753872833
22021	0.3245837408089921	0.32530112544221157	0.3501151337487963
22022	0.3561809103209348	0.3583254645479639	0.2854936251311013
22023	0.35903999908278966	0.35857896503216835	0.282381035885042
22024	0.35086688125379334	0.35164235604587557	0.297490762700331
22025	0.3556186462404131	0.3519097987215998	0.2924715550379871
22026	0.29249858641745213	0.35187673738186565	0.3556246762006822
22027	0.3498779856383341	0.3505662842359991	0.2995557301256668
22028	0.29978018466156847	0.35682162452210026	0.3433981908163312
22029	0.3522376366502975	0.35109740443318815	0.2966649589165143
22030	0.3529002874059675	0.35369587595220725	0.2934038366418253
22031	0.28862612584753217	0.36024571787229737	0.35112815628017047
22032	0.2846075533411068	0.3612549107363829	0.3541375359225103
22033	0.3564557687696609	0.35281173612983935	0.2907324951004997
22034	0.3500417879992701	0.3509282506515002	0.2990299613492297
22035	0.3500417879992701	0.3509282506515002	0.2990299613492297
22036	0.29587508081820557	0.35236128308303555	0.3517636360987588
22037	0.34481008359969756	0.34513156293357394	0.31005835346672855
22038	0.3377292965233661	0.35818120084733923	0.30408950262929463
22039	0.3377292965233661	0.35818120084733923	0.30408950262929463
22040	0.35086688125379334	0.35164235604587557	0.297490762700331
22041	0.28859661251598245	0.35989379399488614	0.3515095934891313
22042	0.3221826114665603	0.35181225810928124	0.32600513042415846
22043	0.3500417879992701	0.3509282506515002	0.2990299613492297
22044	0.35086688125379334	0.35164235604587557	0.297490762700331
22045	0.35054341627337393	0.3507828895623019	0.29867369416432415
22046	0.35054341627337393	0.3507828895623019	0.29867369416432415
22047	0.35086688125379334	0.35164235604587557	0.297490762700331
22048	0.3524699313367886	0.35165960157142706	0.29587046709178433
22049	0.33927307459487543	0.35828592708454016	0.3024409983205844
22050	0.28859661251598245	0.35989379399488614	0.3515095934891313
22051	0.29587508081820557	0.35236128308303555	0.3517636360987588
22052	0.35001657307049067	0.35060680316733017	0.2993766237621793
22053	0.35086688125379334	0.35164235604587557	0.297490762700331
22054	0.28995413283019045	0.36053570268883467	0.3495101644809749
22055	0.3524699313367886	0.35165960157142706	0.29587046709178433
22056	0.3494433591872687	0.35031371859775123	0.30024292221497995
22057	0.2917236863948202	0.35059287447905585	0.3576834391261238
22058	0.35086688125379334	0.35164235604587557	0.297490762700331
22059	0.27942637583052204	0.3591337037616588	0.3614399204078191
22060	0.29438632118261715	0.35291157118373745	0.3527021076336454
22061	0.28846877639957297	0.3603098923681116	0.35122133123231547
22062	0.25821716050480514	0.365462852187668	0.37631998730752686
22063	0.20590158868492026	0.3631921094020698	0.4309063019130099
22064	0.2884463091157207	0.36053217106062957	0.35102151982364976
22065	0.29348515511457596	0.35314917869678525	0.35336566618863885
22066	0.33541165567728665	0.3451382856589671	0.31945005866374626
22067	0.3671820208809838	0.34311115792134367	0.2897068211976725
22068	0.3500417879992701	0.3509282506515002	0.2990299613492297
22069	0.3500417879992701	0.3509282506515002	0.2990299613492297
22070	0.27533296087375875	0.35430680111045526	0.370360238015786
22071	0.35508256635956337	0.34781687472930206	0.29710055891113446
22072	0.35508256635956337	0.34781687472930206	0.29710055891113446
22073	0.2793512680316373	0.3593696794556958	0.36127905251266684
22074	0.35086688125379334	0.35164235604587557	0.297490762700331
22075	0.29348515511457596	0.35314917869678525	0.35336566618863885
22076	0.29348515511457596	0.35314917869678525	0.35336566618863885
22077	0.35086688125379334	0.35164235604587557	0.297490762700331
22078	0.3194042993278892	0.3208242764506519	0.35977142422145886
22079	0.28846877639957297	0.3603098923681116	0.35122133123231547
22080	0.35086688125379334	0.35164235604587557	0.297490762700331
22081	0.35086688125379334	0.35164235604587557	0.297490762700331
22082	0.2874789266953575	0.3594069073771065	0.3531141659275359
22083	0.3498315240028313	0.35093022746224384	0.2992382485349249
22084	0.35291877093114343	0.35413274034843306	0.29294848872042356
22085	0.35291877093114343	0.35413274034843306	0.29294848872042356
22086	0.35086688125379334	0.35164235604587557	0.297490762700331
22087	0.35086688125379334	0.35164235604587557	0.297490762700331
22088	0.29308097867101457	0.3520869726946766	0.35483204863430895
22089	0.34985575620191334	0.3510744642883691	0.2990697795097177
22090	0.35086688125379334	0.35164235604587557	0.297490762700331
22091	0.29816130663002965	0.35172272871545923	0.35011596465451117
22092	0.35086688125379334	0.35164235604587557	0.297490762700331
22093	0.3511887846173496	0.3511477780783112	0.29766343730433914
22094	0.35291877093114343	0.35413274034843306	0.29294848872042356
22095	0.3375782586793555	0.3575206309429757	0.30490111037766876
22096	0.35086688125379334	0.35164235604587557	0.297490762700331
22097	0.35133937042826635	0.35037347701259774	0.29828715255913596
22098	0.350811997669294	0.35019826167814283	0.29898974065256323
22099	0.3505329025149338	0.3513406010039075	0.2981264964811586
22100	0.2975503301458872	0.35078545458996097	0.35166421526415176
22101	0.28846877639957297	0.3603098923681116	0.35122133123231547
22102	0.35086688125379334	0.35164235604587557	0.297490762700331
22103	0.35086688125379334	0.35164235604587557	0.297490762700331
22104	0.35442454621208186	0.3525826125615849	0.2929928412263333
22105	0.3561809103209348	0.3583254645479639	0.2854936251311013
22106	0.35291877093114343	0.35413274034843306	0.29294848872042356
22107	0.29775534571690626	0.3506702958662379	0.3515743584168558
22108	0.2955438817969771	0.35199987778128444	0.3524562404217385
22109	0.32938653471884605	0.3604074411980345	0.3102060240831196
22110	0.3528973711250265	0.3518904689567306	0.295212159918243
22111	0.3528973711250265	0.3518904689567306	0.295212159918243
22112	0.35086688125379334	0.35164235604587557	0.297490762700331
22113	0.3500417879992701	0.3509282506515002	0.2990299613492297
22114	0.3561809103209348	0.3583254645479639	0.2854936251311013
22115	0.3238260928350481	0.35231928387350275	0.3238546232914492
22116	0.29348515511457596	0.35314917869678525	0.35336566618863885
22117	0.35086688125379334	0.35164235604587557	0.297490762700331
22118	0.35086688125379334	0.35164235604587557	0.297490762700331
22119	0.2890746896147338	0.3590801032143308	0.3518452071709353
22120	0.35034084873189025	0.3514671392111456	0.2981920120569642
22121	0.36928158600851185	0.3531726768085717	0.2775457371829164
22122	0.36928158600851185	0.3531726768085717	0.2775457371829164
22123	0.35086688125379334	0.35164235604587557	0.297490762700331
22124	0.3361157294909698	0.356439286291369	0.3074449842176613
22125	0.3361157294909698	0.356439286291369	0.3074449842176613
22126	0.35086688125379334	0.35164235604587557	0.297490762700331
22127	0.3561809103209348	0.3583254645479639	0.2854936251311013
22128	0.25437428357797437	0.32693541664257475	0.4186902997794509
22129	0.3245581062562736	0.3252754342328221	0.3501664595109042
22130	0.2903380150178196	0.3597368633172002	0.34992512166498024
22131	0.2903380150178196	0.3597368633172002	0.34992512166498024
22132	0.29348515511457596	0.35314917869678525	0.35336566618863885
22133	0.35086688125379334	0.35164235604587557	0.297490762700331
22134	0.34861454175206064	0.34959521975598756	0.3017902384919517
22135	0.35086688125379334	0.35164235604587557	0.297490762700331
22136	0.3585636454054119	0.35867493250058197	0.28276142209400607
22137	0.3527643107038555	0.35127023981691785	0.2959654494792267
22138	0.35171526131600694	0.3513220076402396	0.29696273104375337
22139	0.2793512680316373	0.3593696794556958	0.36127905251266684
22140	0.35086688125379334	0.35164235604587557	0.297490762700331
22141	0.3563556928324328	0.35824203877208716	0.28540226839548
22142	0.35104077294732505	0.3515622056335467	0.29739702141912827
22143	0.27942637583052204	0.3591337037616588	0.3614399204078191
22144	0.27942637583052204	0.3591337037616588	0.3614399204078191
22145	0.29819675374001187	0.3520150487518338	0.3497881975081544
22146	0.3646881756250871	0.3441552129992958	0.2911566113756171
22147	0.35086688125379334	0.35164235604587557	0.297490762700331
22148	0.32300751658669785	0.3525996407438649	0.3243928426694372
22149	0.3002440860967761	0.35960926946669186	0.3401466444365319
22150	0.327216271108289	0.3598163345251169	0.3129673943665942
22151	0.35086688125379334	0.35164235604587557	0.297490762700331
22152	0.32239946751556	0.3517187671215138	0.3258817653629263
22153	0.35026716982219447	0.35082475250297296	0.2989080776748327
22154	0.32457213722824474	0.3527134923976752	0.32271437037408
22155	0.3500417879992701	0.3509282506515002	0.2990299613492297
22156	0.3587842274909011	0.35599966342059536	0.28521610908850353
22157	0.3561809103209348	0.3583254645479639	0.2854936251311013
22158	0.35086688125379334	0.35164235604587557	0.297490762700331
22159	0.31750559591267946	0.3599689832696824	0.3225254208176382
22160	0.3500417879992701	0.3509282506515002	0.2990299613492297
22161	0.27942637583052204	0.3591337037616588	0.3614399204078191
22162	0.35086688125379334	0.35164235604587557	0.297490762700331
22163	0.35086688125379334	0.35164235604587557	0.297490762700331
22164	0.3561809103209348	0.3583254645479639	0.2854936251311013
22165	0.2793512680316373	0.3593696794556958	0.36127905251266684
22166	0.35086688125379334	0.35164235604587557	0.297490762700331
22167	0.29016839200219263	0.35687418513854713	0.3529574228592603
22168	0.2420430989882966	0.350636602727745	0.4073202982839584
22169	0.35086688125379334	0.35164235604587557	0.297490762700331
22170	0.35086688125379334	0.35164235604587557	0.297490762700331
22171	0.29348515511457596	0.35314917869678525	0.35336566618863885
22172	0.35104077294732505	0.3515622056335467	0.29739702141912827
22173	0.35086688125379334	0.35164235604587557	0.297490762700331
22174	0.29835727206749907	0.35194983032905974	0.34969289760344113
22175	0.35086688125379334	0.35164235604587557	0.297490762700331
22176	0.27754369860130906	0.3587178634705793	0.36373843792811156
22177	0.2684288500084096	0.32034226233256063	0.41122888765902976
22178	0.3561809103209348	0.3583254645479639	0.2854936251311013
22179	0.35086688125379334	0.35164235604587557	0.297490762700331
22180	0.34890463475563605	0.35131475538408985	0.29978060986027405
22181	0.3524037629324811	0.3508170602433251	0.2967791768241938
22182	0.35171526131600694	0.3513220076402396	0.29696273104375337
22183	0.35104077294732505	0.3515622056335467	0.29739702141912827
22184	0.35104077294732505	0.3515622056335467	0.29739702141912827
22185	0.35104077294732505	0.3515622056335467	0.29739702141912827
22186	0.2793512680316373	0.3593696794556958	0.36127905251266684
22187	0.35086688125379334	0.35164235604587557	0.297490762700331
22188	0.35086688125379334	0.35164235604587557	0.297490762700331
22189	0.23017362271159236	0.35155108033274163	0.41827529695566595
22190	0.35086688125379334	0.35164235604587557	0.297490762700331
22191	0.34985575620191334	0.3510744642883691	0.2990697795097177
22192	0.35171526131600694	0.3513220076402396	0.29696273104375337
22193	0.343725756101234	0.3560091967772549	0.3002650471215111
22194	0.35086688125379334	0.35164235604587557	0.297490762700331
22195	0.28810234151207964	0.36121212631572885	0.3506855321721915
22196	0.28810234151207964	0.36121212631572885	0.3506855321721915
22197	0.2801460069914044	0.36653314579441293	0.3533208472141827
22198	0.29947344576196977	0.3590102971086482	0.3415162571293821
22199	0.32643483699147274	0.3592813332944273	0.3142838297140999
22200	0.35086688125379334	0.35164235604587557	0.297490762700331
22201	0.35086688125379334	0.35164235604587557	0.297490762700331
22202	0.3531901849455617	0.3496871334364415	0.2971226816179968
22203	0.27942637583052204	0.3591337037616588	0.3614399204078191
22204	0.2958365237852623	0.3559608911749752	0.34820258503976254
22205	0.34985575620191334	0.3510744642883691	0.2990697795097177
22206	0.3406967349129601	0.3590376174955885	0.3002656475914514
22207	0.2934207447721427	0.34991032871479133	0.356668926513066
22208	0.35086688125379334	0.35164235604587557	0.297490762700331
22209	0.2388755153675435	0.35280576586830287	0.4083187187641536
22210	0.3530930155295777	0.3540513564728142	0.292855627997608
22211	0.32524857943391283	0.3552245527784625	0.31952686778762474
22212	0.29587508081820557	0.35236128308303555	0.3517636360987588
22213	0.35086688125379334	0.35164235604587557	0.297490762700331
22214	0.35424998148740233	0.35266399427487605	0.2930860242377216
22215	0.3498315240028313	0.35093022746224384	0.2992382485349249
22216	0.3498315240028313	0.35093022746224384	0.2992382485349249
22217	0.29348515511457596	0.35314917869678525	0.35336566618863885
22218	0.29348515511457596	0.35314917869678525	0.35336566618863885
22219	0.3530930155295777	0.3540513564728142	0.292855627997608
22220	0.28266493624253813	0.34849824782767147	0.36883681592979045
22221	0.35086688125379334	0.35164235604587557	0.297490762700331
22222	0.3159953647221574	0.360590915668861	0.32341371960898163
22223	0.35086688125379334	0.35164235604587557	0.297490762700331
22224	0.2976578461682665	0.3581284899283537	0.3442136639033797
22225	0.32300751658669785	0.3525996407438649	0.3243928426694372
22226	0.35086688125379334	0.35164235604587557	0.297490762700331
22227	0.28846877639957297	0.3603098923681116	0.35122133123231547
22228	0.35086688125379334	0.35164235604587557	0.297490762700331
22229	0.35086688125379334	0.35164235604587557	0.297490762700331
22230	0.35409598398772885	0.32745849729393944	0.31844551871833177
22231	0.26773130921576876	0.36456073964807556	0.36770795113615573
22232	0.35086688125379334	0.35164235604587557	0.297490762700331
22233	0.2890746896147338	0.3590801032143308	0.3518452071709353
22234	0.35086688125379334	0.35164235604587557	0.297490762700331
22235	0.35171526131600694	0.3513220076402396	0.29696273104375337
22236	0.35424998148740233	0.35266399427487605	0.2930860242377216
22237	0.2951472473797117	0.3531875081739517	0.35166524444633657
22238	0.3524699313367886	0.35165960157142706	0.29587046709178433
22239	0.35086688125379334	0.35164235604587557	0.297490762700331
22240	0.29348515511457596	0.35314917869678525	0.35336566618863885
22241	0.29348515511457596	0.35314917869678525	0.35336566618863885
22242	0.35086688125379334	0.35164235604587557	0.297490762700331
22243	0.2946630002745612	0.35300431624419293	0.35233268348124586
22244	0.33792507738644795	0.3577882744583229	0.3042866481552291
22245	0.33792507738644795	0.3577882744583229	0.3042866481552291
22246	0.35086688125379334	0.35164235604587557	0.297490762700331
22247	0.35086688125379334	0.35164235604587557	0.297490762700331
22248	0.2951472473797117	0.3531875081739517	0.35166524444633657
22249	0.27942637583052204	0.3591337037616588	0.3614399204078191
22250	0.2951472473797117	0.3531875081739517	0.35166524444633657
22251	0.35086688125379334	0.35164235604587557	0.297490762700331
