40860	0.25438462225282005	0.37008720760526376	0.37552817014191625
40861	0.3647130960301895	0.3584756450479271	0.27681125892188346
40862	0.373393212935955	0.37039363673666525	0.25621315032737974
40863	0.3630603774436878	0.3636279145011972	0.27331170805511507
40864	0.2503678492664259	0.3783368869580366	0.3712952637755375
40865	0.2908343462433431	0.3743210384272121	0.3348446153294448
40866	0.3616972970141926	0.36441674268947294	0.2738859602963345
40867	0.2635129049407772	0.3731067856749993	0.36338030938422344
40868	0.36388851287851504	0.35715303903587814	0.2789584480856068
40869	0.24922531113314803	0.3706761586907913	0.38009853017606066
40870	0.3630603774436878	0.3636279145011972	0.27331170805511507
40871	0.3630603774436878	0.3636279145011972	0.27331170805511507
40872	0.2638429578785732	0.3725235116768262	0.3636335304446006
40873	0.3630603774436878	0.3636279145011972	0.27331170805511507
40874	0.33187789133416673	0.3402821481510435	0.3278399605147898
40875	0.36367684430567543	0.36312873743119994	0.2731944182631247
40876	0.17334768901134975	0.361771106563549	0.46488120442510134
40877	0.2631436452977062	0.3739478928390037	0.3629084618632902
40878	0.36388851287851504	0.35715303903587814	0.2789584480856068
40879	0.3673227052313541	0.36722026804203634	0.26545702672660965
40880	0.25348220539141514	0.37612366059025903	0.3703941340183258
40881	0.37003520963284436	0.36270413302736393	0.26726065733979176
40882	0.16773248837905358	0.3540204551111685	0.478247056509778
40883	0.35890262791649513	0.3648591709084468	0.2762382011750581
40884	0.2615372874893195	0.376993657083199	0.36146905542748164
40885	0.2557333910424099	0.36911731236264783	0.37514929659494234
40886	0.26393692029487836	0.3721440198094261	0.3639190598956955
40887	0.3630603774436878	0.3636279145011972	0.27331170805511507
40888	0.35604527652681356	0.36405053783508395	0.27990418563810254
40889	0.3628802689641907	0.36284549665844784	0.2742742343773615
40890	0.2626996015111337	0.3731146430606654	0.36418575542820103
40891	0.3565279173276404	0.36983144671065127	0.2736406359617084
40892	0.3616972970141926	0.36441674268947294	0.2738859602963345
40893	0.25337911895904686	0.3756246671709755	0.37099621386997755
40894	0.3630603774436878	0.3636279145011972	0.27331170805511507
40895	0.25337911895904686	0.3756246671709755	0.37099621386997755
40896	0.3630603774436878	0.3636279145011972	0.27331170805511507
40897	0.3690737133973147	0.36916024485179144	0.2617660417508938
40898	0.3616972970141926	0.36441674268947294	0.2738859602963345
40899	0.36436329049468597	0.36234539196043974	0.27329131754487423
40900	0.2586758932693568	0.37714623236650296	0.36417787436414023
40901	0.36915875978922774	0.36363198094735694	0.2672092592634154
40902	0.26979090640838416	0.3660286407398541	0.3641804528517618
40903	0.358802640019306	0.378915291732502	0.262282068248192
40904	0.35141196656328827	0.37381857296252474	0.27476946047418693
40905	0.3630603774436878	0.3636279145011972	0.27331170805511507
40906	0.3426046885122398	0.36642858848738147	0.29096672300037874
40907	0.2638429578785732	0.3725235116768262	0.3636335304446006
40908	0.3630603774436878	0.3636279145011972	0.27331170805511507
40909	0.2931138252345716	0.3349474523023388	0.37193872246308957
40910	0.2638429578785732	0.3725235116768262	0.3636335304446006
40911	0.3630603774436878	0.3636279145011972	0.27331170805511507
40912	0.35303704186813645	0.36341704344251263	0.28354591468935086
40913	0.35890262791649513	0.3648591709084468	0.2762382011750581
40914	0.25337911895904686	0.3756246671709755	0.37099621386997755
40915	0.3630603774436878	0.3636279145011972	0.27331170805511507
40916	0.36355084298224294	0.36344548113503716	0.27300367588271995
40917	0.3523900500446734	0.3657929861472253	0.28181696380810134
40918	0.36794580010405564	0.3696351790096069	0.2624190208863375
40919	0.36388851287851504	0.35715303903587814	0.2789584480856068
40920	0.2522706931494172	0.3781674827180714	0.3695618241325114
40921	0.3630603774436878	0.3636279145011972	0.27331170805511507
40922	0.2638429578785732	0.3725235116768262	0.3636335304446006
40923	0.2709537198297451	0.3654333517228664	0.3636129284473884
40924	0.2553020794533508	0.3786864575025645	0.3660114630440847
40925	0.2638429578785732	0.3725235116768262	0.3636335304446006
40926	0.35028373229460974	0.35071313820764777	0.2990031294977425
40927	0.3036111377144817	0.3177008281878536	0.3786880340976648
40928	0.3696518768114234	0.3634440524232575	0.266904070765319
40929	0.3616972970141926	0.36441674268947294	0.2738859602963345
40930	0.3616972970141926	0.36441674268947294	0.2738859602963345
40931	0.3630603774436878	0.3636279145011972	0.27331170805511507
40932	0.3690737133973147	0.36916024485179144	0.2617660417508938
40933	0.2635129049407772	0.3731067856749993	0.36338030938422344
40934	0.26384907839389976	0.3725658321168562	0.363585089489244
40935	0.3630603774436878	0.3636279145011972	0.27331170805511507
40936	0.2637844021345523	0.37242931808672064	0.3637862797787271
40937	0.2764334918801862	0.36454245303302574	0.35902405508678814
40938	0.2638429578785732	0.3725235116768262	0.3636335304446006
40939	0.3630603774436878	0.3636279145011972	0.27331170805511507
40940	0.25337911895904686	0.3756246671709755	0.37099621386997755
40941	0.3630603774436878	0.3636279145011972	0.27331170805511507
40942	0.3596000779621966	0.36459692938828686	0.27580299264951647
40943	0.2908343462433431	0.3743210384272121	0.3348446153294448
40944	0.2533541131878741	0.37998098616022635	0.36666490065189955
40945	0.3630603774436878	0.3636279145011972	0.27331170805511507
40946	0.3630603774436878	0.3636279145011972	0.27331170805511507
40947	0.3630603774436878	0.3636279145011972	0.27331170805511507
40948	0.36450351673925674	0.35665994305988347	0.2788365402008597
40949	0.2637137006565581	0.37121337439684526	0.3650729249465965
40950	0.36355084298224294	0.36344548113503716	0.27300367588271995
40951	0.2701943481911434	0.3764008969684637	0.3534047548403929
40952	0.36367684430567543	0.36312873743119994	0.2731944182631247
40953	0.37340044783771825	0.3671336879016482	0.2594658642606336
40954	0.3623822787827469	0.36363289856846964	0.2739848226487835
40955	0.26393692029487836	0.3721440198094261	0.3639190598956955
40956	0.30526162135517637	0.36082663149053756	0.33391174715428606
40957	0.2707218919866477	0.3645158878571501	0.3647622201562023
40958	0.2503614619164376	0.36585542563123863	0.3837831124523238
40959	0.3603077880848248	0.35572201868154774	0.2839701932336275
40960	0.3696819713670082	0.3633024188783055	0.2670156097546863
40961	0.26936371286159483	0.3735257293641616	0.3571105577742436
40962	0.26936371286159483	0.3735257293641616	0.3571105577742436
40963	0.3690737133973147	0.36916024485179144	0.2617660417508938
40964	0.35890262791649513	0.3648591709084468	0.2762382011750581
40965	0.3630603774436878	0.3636279145011972	0.27331170805511507
40966	0.3630603774436878	0.3636279145011972	0.27331170805511507
40967	0.25337911895904686	0.3756246671709755	0.37099621386997755
40968	0.3690737133973147	0.36916024485179144	0.2617660417508938
40969	0.3690737133973147	0.36916024485179144	0.2617660417508938
40970	0.29358266970203284	0.3424596756086858	0.3639576546892813
40971	0.371492347115452	0.37400460065177876	0.25450305223276926
40972	0.3383951115438594	0.3806156597432257	0.28098922871291493
40973	0.2429530790304874	0.36668149678239675	0.3903654241871159
40974	0.3148739283275301	0.36412333537111824	0.3210027363013516
40975	0.3630603774436878	0.3636279145011972	0.27331170805511507
40976	0.2692665209049843	0.37390482839058925	0.3568286507044265
40977	0.2908343462433431	0.3743210384272121	0.3348446153294448
40978	0.25004182509503786	0.3687641920736401	0.38119398283132194
40979	0.26405745009973114	0.37236841965078427	0.36357413024948443
40980	0.3630603774436878	0.3636279145011972	0.27331170805511507
40981	0.3623127695932898	0.36391780878055957	0.27376942162615064
40982	0.23884116609670838	0.38148905208846806	0.3796697818148235
40983	0.3532330127428942	0.3759011059839092	0.27086588127319666
40984	0.25337911895904686	0.3756246671709755	0.37099621386997755
40985	0.3625962488847776	0.3630407484688622	0.27436300264636015
40986	0.2656772959356529	0.36082522061479216	0.37349748344955486
40987	0.3630603774436878	0.3636279145011972	0.27331170805511507
40988	0.26279330804940315	0.3727347636096226	0.36447192834097425
40989	0.26720718359612056	0.37902411473776576	0.3537687016661137
40990	0.2638429578785732	0.3725235116768262	0.3636335304446006
40991	0.26026616936842434	0.37298912502871023	0.36674470560286543
40992	0.3630603774436878	0.3636279145011972	0.27331170805511507
40993	0.31425552650825633	0.36488127457057384	0.3208631989211698
40994	0.2603538694398803	0.3723777432299896	0.36726838733013006
40995	0.3630603774436878	0.3636279145011972	0.27331170805511507
40996	0.26855475505482307	0.3689462301243166	0.36249901482086044
40997	0.3734363765931617	0.37556021000749895	0.25100341339933935
40998	0.3630603774436878	0.3636279145011972	0.27331170805511507
40999	0.26393692029487836	0.3721440198094261	0.3639190598956955
41000	0.2709537198297451	0.3654333517228664	0.3636129284473884
41001	0.3630603774436878	0.3636279145011972	0.27331170805511507
41002	0.36388851287851504	0.35715303903587814	0.2789584480856068
41003	0.35141196656328827	0.37381857296252474	0.27476946047418693
41004	0.2709537198297451	0.3654333517228664	0.3636129284473884
41005	0.3461990971723574	0.373784279983007	0.28001662284463547
41006	0.36378360863814113	0.3627779537833924	0.2734384375784664
41007	0.3630603774436878	0.3636279145011972	0.27331170805511507
41008	0.25801196418025063	0.36432358496781475	0.3776644508519346
41009	0.24614839596089602	0.3711272798898907	0.3827243241492133
41010	0.3630603774436878	0.3636279145011972	0.27331170805511507
41011	0.36915875978922774	0.36363198094735694	0.2672092592634154
41012	0.3630603774436878	0.3636279145011972	0.27331170805511507
41013	0.26448153001709596	0.3714064192716471	0.3641120507112569
41014	0.2638429578785732	0.3725235116768262	0.3636335304446006
41015	0.34924107334448773	0.3514939694983008	0.2992649571572114
41016	0.3630603774436878	0.3636279145011972	0.27331170805511507
41017	0.3630603774436878	0.3636279145011972	0.27331170805511507
41018	0.36367684430567543	0.36312873743119994	0.2731944182631247
41019	0.26393692029487836	0.3721440198094261	0.3639190598956955
41020	0.3630603774436878	0.3636279145011972	0.27331170805511507
41021	0.17329594848322477	0.3621608602246588	0.46454319129211635
41022	0.3596000779621966	0.36459692938828686	0.27580299264951647
41023	0.26053371861941776	0.3734307409553673	0.3660355404252149
41024	0.2406981855654762	0.3546927380040815	0.40460907643044214
41025	0.3625962488847776	0.3630407484688622	0.27436300264636015
41026	0.3630603774436878	0.3636279145011972	0.27331170805511507
41027	0.26393692029487836	0.3721440198094261	0.3639190598956955
41028	0.2638429578785732	0.3725235116768262	0.3636335304446006
41029	0.2638429578785732	0.3725235116768262	0.3636335304446006
41030	0.36450351673925674	0.35665994305988347	0.2788365402008597
41031	0.20322616510228558	0.3682228243366856	0.4285510105610288
41032	0.26393692029487836	0.3721440198094261	0.3639190598956955
41033	0.26393692029487836	0.3721440198094261	0.3639190598956955
41034	0.26384907839389976	0.3725658321168562	0.363585089489244
41035	0.3630603774436878	0.3636279145011972	0.27331170805511507
41036	0.35141196656328827	0.37381857296252474	0.27476946047418693
41037	0.3630603774436878	0.3636279145011972	0.27331170805511507
41038	0.3655011510195824	0.36458520027738484	0.26991364870303275
41039	0.3630603774436878	0.3636279145011972	0.27331170805511507
41040	0.2637844021345523	0.37242931808672064	0.3637862797787271
41041	0.2635129049407772	0.3731067856749993	0.36338030938422344
41042	0.35890262791649513	0.3648591709084468	0.2762382011750581
41043	0.25308300437394454	0.37950110886834537	0.36741588675771003
41044	0.3630603774436878	0.3636279145011972	0.27331170805511507
41045	0.3630603774436878	0.3636279145011972	0.27331170805511507
41046	0.26936371286159483	0.3735257293641616	0.3571105577742436
41047	0.3673227052313541	0.36722026804203634	0.26545702672660965
41048	0.3693190242033439	0.36882166864609967	0.26185930715055644
41049	0.3630603774436878	0.3636279145011972	0.27331170805511507
41050	0.2638429578785732	0.3725235116768262	0.3636335304446006
41051	0.36367684430567543	0.36312873743119994	0.2731944182631247
41052	0.3630603774436878	0.3636279145011972	0.27331170805511507
41053	0.36367684430567543	0.36312873743119994	0.2731944182631247
41054	0.3685322153876142	0.3695225418477216	0.2619452427646642
41055	0.264328948418445	0.3716915054061991	0.3639795461753559
41056	0.20316053958688496	0.36861051688402807	0.428228943529087
41057	0.26393692029487836	0.3721440198094261	0.3639190598956955
41058	0.3630603774436878	0.3636279145011972	0.27331170805511507
41059	0.3525029039570053	0.3656684643963496	0.281828631646645
41060	0.35702485546937224	0.35710856199982044	0.2858665825308073
41061	0.25812183318587373	0.3784638619275283	0.3634143048865979
41062	0.25337911895904686	0.3756246671709755	0.37099621386997755
41063	0.3630603774436878	0.3636279145011972	0.27331170805511507
41064	0.3506459341114247	0.37313634384367717	0.2762177220448981
41065	0.2638429578785732	0.3725235116768262	0.3636335304446006
41066	0.25337911895904686	0.3756246671709755	0.37099621386997755
41067	0.2502919976364763	0.3748164709957278	0.3748915313677959
41068	0.3594767208142961	0.36369518522938316	0.2768280939563207
41069	0.36978078617631543	0.36312808920223827	0.26709112462144624
41070	0.25337911895904686	0.3756246671709755	0.37099621386997755
41071	0.3630603774436878	0.3636279145011972	0.27331170805511507
41072	0.36978078617631543	0.36312808920223827	0.26709112462144624
41073	0.2637844021345523	0.37242931808672064	0.3637862797787271
41074	0.3616972970141926	0.36441674268947294	0.2738859602963345
41075	0.3630603774436878	0.3636279145011972	0.27331170805511507
41076	0.3630603774436878	0.3636279145011972	0.27331170805511507
41077	0.3696518768114234	0.3634440524232575	0.266904070765319
41078	0.31425552650825633	0.36488127457057384	0.3208631989211698
41079	0.3630603774436878	0.3636279145011972	0.27331170805511507
41080	0.2776109473521431	0.38416338494559454	0.3382256677022624
41081	0.26393692029487836	0.3721440198094261	0.3639190598956955
41082	0.3630603774436878	0.3636279145011972	0.27331170805511507
41083	0.3129862088152116	0.36556831936866674	0.32144547181612165
41084	0.3596000779621966	0.36459692938828686	0.27580299264951647
41085	0.3556418082977904	0.3583157253701824	0.28604246633202723
41086	0.3634963008935967	0.36234726496224445	0.2741564341441589
41087	0.2603538694398803	0.3723777432299896	0.36726838733013006
41088	0.2586758932693568	0.37714623236650296	0.36417787436414023
41089	0.3630603774436878	0.3636279145011972	0.27331170805511507
41090	0.3621869658225656	0.364234964155192	0.27357807002224244
41091	0.2638429578785732	0.3725235116768262	0.3636335304446006
41092	0.2637844021345523	0.37242931808672064	0.3637862797787271
41093	0.3630603774436878	0.3636279145011972	0.27331170805511507
41094	0.3630603774436878	0.3636279145011972	0.27331170805511507
41095	0.3630603774436878	0.3636279145011972	0.27331170805511507
41096	0.2522656064001256	0.37619760335906954	0.37153679024080494
41097	0.3630603774436878	0.3636279145011972	0.27331170805511507
41098	0.36355084298224294	0.36344548113503716	0.27300367588271995
41099	0.3459642481540368	0.3827345560638745	0.2713011957820886
41100	0.26393692029487836	0.3721440198094261	0.3639190598956955
41101	0.2635129049407772	0.3731067856749993	0.36338030938422344
41102	0.35890262791649513	0.3648591709084468	0.2762382011750581
41103	0.3630603774436878	0.3636279145011972	0.27331170805511507
41104	0.36252424139491274	0.35792971489892095	0.27954604370616626
41105	0.3630603774436878	0.3636279145011972	0.27331170805511507
41106	0.3630603774436878	0.3636279145011972	0.27331170805511507
41107	0.3690737133973147	0.36916024485179144	0.2617660417508938
41108	0.19463564607171585	0.3360518797591516	0.46931247416913263
41109	0.3636493967313032	0.3683220897367369	0.26802851353195994
41110	0.3630603774436878	0.3636279145011972	0.27331170805511507
41111	0.3507777415747004	0.35132607837943464	0.297896180045865
41112	0.3690737133973147	0.36916024485179144	0.2617660417508938
41113	0.3630603774436878	0.3636279145011972	0.27331170805511507
41114	0.36367684430567543	0.36312873743119994	0.2731944182631247
41115	0.36367684430567543	0.36312873743119994	0.2731944182631247
41116	0.20316737698175735	0.3686562479054852	0.42817637511275747
41117	0.2635129049407772	0.3731067856749993	0.36338030938422344
41118	0.3594767208142961	0.36369518522938316	0.2768280939563207
41119	0.2529529883340288	0.37685981807488644	0.3701871935910848
41120	0.3630603774436878	0.3636279145011972	0.27331170805511507
41121	0.2664147146017547	0.3575393608651908	0.3760459245330545
41122	0.35387375240712143	0.3686225092840549	0.27750373830882374
41123	0.2522142285035301	0.3721742700886481	0.37561150140782174
41124	0.26393692029487836	0.3721440198094261	0.3639190598956955
41125	0.26384907839389976	0.3725658321168562	0.363585089489244
41126	0.2532559429727446	0.3743274369511464	0.372416620076109
41127	0.36302396767865563	0.3625120037557846	0.2744640285655599
41128	0.3630603774436878	0.3636279145011972	0.27331170805511507
41129	0.3611031024129329	0.358532010466749	0.2803648871203181
41130	0.2549148915820049	0.37177985333104124	0.3733052550869538
41131	0.3630603774436878	0.3636279145011972	0.27331170805511507
41132	0.2638429578785732	0.3725235116768262	0.3636335304446006
41133	0.3673227052313541	0.36722026804203634	0.26545702672660965
41134	0.35927333101033326	0.3667922792768883	0.27393438971277845
41135	0.29358266970203284	0.3424596756086858	0.3639576546892813
41136	0.3630603774436878	0.3636279145011972	0.27331170805511507
41137	0.3623020975156806	0.36336119174098586	0.27433671074333355
41138	0.3630603774436878	0.3636279145011972	0.27331170805511507
41139	0.29358266970203284	0.3424596756086858	0.3639576546892813
41140	0.36367684430567543	0.36312873743119994	0.2731944182631247
41141	0.259104471224306	0.37689454168785524	0.36400098708783885
41142	0.31425552650825633	0.36488127457057384	0.3208631989211698
41143	0.2681081459681694	0.37451000307601884	0.3573818509558117
41144	0.3676721450841385	0.36954137666576137	0.2627864782501002
41145	0.2520349688934562	0.35588381994707574	0.392081211159468
41146	0.3630603774436878	0.3636279145011972	0.27331170805511507
41147	0.3630603774436878	0.3636279145011972	0.27331170805511507
41148	0.26529621361765887	0.3690582287969163	0.3656455575854249
41149	0.35028580289808486	0.3726038765887476	0.2771103205131675
41150	0.3616972970141926	0.36441674268947294	0.2738859602963345
41151	0.2637844021345523	0.37242931808672064	0.3637862797787271
41152	0.18142335426512346	0.3606068004804481	0.4579698452544285
41153	0.22145023950341078	0.3126589783944551	0.465890782102134
41154	0.3630603774436878	0.3636279145011972	0.27331170805511507
41155	0.25337911895904686	0.3756246671709755	0.37099621386997755
41156	0.2632910331547884	0.3721751309633259	0.3645338358818857
41157	0.2529529883340288	0.37685981807488644	0.3701871935910848
41158	0.281363177370841	0.374580830897876	0.3440559917312831
41159	0.35387375240712143	0.3686225092840549	0.27750373830882374
41160	0.3507028479820739	0.35125106771292236	0.2980460843050037
41161	0.2709537198297451	0.3654333517228664	0.3636129284473884
41162	0.36950772613398253	0.36252967675854075	0.2679625971074767
41163	0.25337911895904686	0.3756246671709755	0.37099621386997755
41164	0.3630603774436878	0.3636279145011972	0.27331170805511507
41165	0.25337911895904686	0.3756246671709755	0.37099621386997755
41166	0.3630603774436878	0.3636279145011972	0.27331170805511507
41167	0.3667417013928264	0.3641447669075953	0.2691135316995783
41168	0.36367684430567543	0.36312873743119994	0.2731944182631247
41169	0.3630603774436878	0.3636279145011972	0.27331170805511507
41170	0.3630603774436878	0.3636279145011972	0.27331170805511507
41171	0.3696819713670082	0.3633024188783055	0.2670156097546863
41172	0.2638429578785732	0.3725235116768262	0.3636335304446006
41173	0.3659526660123986	0.3680259842318342	0.26602134975576724
41174	0.2709537198297451	0.3654333517228664	0.3636129284473884
41175	0.36378360863814113	0.3627779537833924	0.2734384375784664
41176	0.2527346680236328	0.37591084979646516	0.3713544821799021
41177	0.26393692029487836	0.3721440198094261	0.3639190598956955
41178	0.36355084298224294	0.36344548113503716	0.27300367588271995
41179	0.26382373698252026	0.37341717462606155	0.3627590883914183
41180	0.3630603774436878	0.3636279145011972	0.27331170805511507
41181	0.2531590907705016	0.37467682577679734	0.37216408345270113
41182	0.3628802689641907	0.36284549665844784	0.2742742343773615
41183	0.2503678492664259	0.3783368869580366	0.3712952637755375
41184	0.2914332202522986	0.3810087717281904	0.327558008019511
41185	0.36388851287851504	0.35715303903587814	0.2789584480856068
41186	0.3630603774436878	0.3636279145011972	0.27331170805511507
41187	0.2635129049407772	0.3731067856749993	0.36338030938422344
41188	0.35141196656328827	0.37381857296252474	0.27476946047418693
41189	0.2644213910866448	0.37176065726633184	0.3638179516470233
41190	0.253393946053562	0.37944917006907986	0.3671568838773582
41191	0.264328948418445	0.3716915054061991	0.3639795461753559
41192	0.3630603774436878	0.3636279145011972	0.27331170805511507
41193	0.36355084298224294	0.36344548113503716	0.27300367588271995
41194	0.3690737133973147	0.36916024485179144	0.2617660417508938
41195	0.264328948418445	0.3716915054061991	0.3639795461753559
41196	0.26371573332922293	0.3731415783169638	0.3631426883538132
41197	0.2692665209049843	0.37390482839058925	0.3568286507044265
41198	0.26393692029487836	0.3721440198094261	0.3639190598956955
41199	0.2709537198297451	0.3654333517228664	0.3636129284473884
41200	0.2502919976364763	0.3748164709957278	0.3748915313677959
41201	0.2502919976364763	0.3748164709957278	0.3748915313677959
41202	0.26393692029487836	0.3721440198094261	0.3639190598956955
41203	0.3630603774436878	0.3636279145011972	0.27331170805511507
41204	0.36978078617631543	0.36312808920223827	0.26709112462144624
41205	0.3604828338602164	0.3657589402167631	0.27375822592302046
41206	0.26393692029487836	0.3721440198094261	0.3639190598956955
41207	0.36915875978922774	0.36363198094735694	0.2672092592634154
41208	0.3616972970141926	0.36441674268947294	0.2738859602963345
41209	0.20322616510228558	0.3682228243366856	0.4285510105610288
41210	0.2635129049407772	0.3731067856749993	0.36338030938422344
41211	0.2638429578785732	0.3725235116768262	0.3636335304446006
41212	0.3751384811994586	0.3690319430522311	0.25582957574831033
41213	0.17385871105785902	0.35908611320734196	0.46705517573479904
41214	0.26478968548005605	0.36948626241703986	0.3657240521029042
41215	0.3565511215866042	0.35934023947920524	0.2841086389341905
41216	0.3630603774436878	0.3636279145011972	0.27331170805511507
41217	0.35387375240712143	0.3686225092840549	0.27750373830882374
41218	0.36299860912671167	0.3624822910462291	0.27451909982705935
41219	0.26393692029487836	0.3721440198094261	0.3639190598956955
41220	0.3097178589507206	0.36620516735862146	0.324076973690658
41221	0.35890262791649513	0.3648591709084468	0.2762382011750581
41222	0.36433194393751883	0.3583331241974605	0.2773349318650207
41223	0.34762584065059166	0.3661105136927546	0.2862636456566538
41224	0.25337911895904686	0.3756246671709755	0.37099621386997755
41225	0.25337911895904686	0.3756246671709755	0.37099621386997755
41226	0.26428477299930236	0.37040979556822085	0.3653054314324768
41227	0.2646050161693112	0.3727328556959895	0.3626621281346993
41228	0.3364205031819881	0.3447394767880353	0.3188400200299767
41229	0.3594767208142961	0.36369518522938316	0.2768280939563207
41230	0.36367684430567543	0.36312873743119994	0.2731944182631247
41231	0.36367684430567543	0.36312873743119994	0.2731944182631247
41232	0.2503678492664259	0.3783368869580366	0.3712952637755375
41233	0.3630603774436878	0.3636279145011972	0.27331170805511507
41234	0.3655063158579163	0.36930493977081014	0.2651887443712736
41235	0.3630603774436878	0.3636279145011972	0.27331170805511507
41236	0.3645697679853046	0.3563771194326543	0.2790531125820411
41237	0.34924107334448773	0.3514939694983008	0.2992649571572114
41238	0.373393212935955	0.37039363673666525	0.25621315032737974
41239	0.20316053958688496	0.36861051688402807	0.428228943529087
41240	0.36367684430567543	0.36312873743119994	0.2731944182631247
41241	0.3628802689641907	0.36284549665844784	0.2742742343773615
41242	0.36915875978922774	0.36363198094735694	0.2672092592634154
41243	0.36367684430567543	0.36312873743119994	0.2731944182631247
41244	0.37588452366619113	0.3681681275374271	0.25594734879638176
41245	0.35890262791649513	0.3648591709084468	0.2762382011750581
41246	0.3621869658225656	0.364234964155192	0.27357807002224244
41247	0.2637865068669936	0.3709334223572356	0.36528007077577085
41248	0.2637865068669936	0.3709334223572356	0.36528007077577085
41249	0.2631436452977062	0.3739478928390037	0.3629084618632902
41250	0.36355084298224294	0.36344548113503716	0.27300367588271995
41251	0.2644152284186033	0.371718387692272	0.36386638388912457
41252	0.25337911895904686	0.3756246671709755	0.37099621386997755
41253	0.3630603774436878	0.3636279145011972	0.27331170805511507
41254	0.3630603774436878	0.3636279145011972	0.27331170805511507
41255	0.3690737133973147	0.36916024485179144	0.2617660417508938
41256	0.2638429578785732	0.3725235116768262	0.3636335304446006
41257	0.26384907839389976	0.3725658321168562	0.363585089489244
41258	0.2946970345951659	0.37126540932991153	0.33403755607492264
41259	0.18142335426512346	0.3606068004804481	0.4579698452544285
41260	0.22940466757185715	0.3521249677729925	0.4184703646551504
41261	0.3361460725333854	0.3485922192062152	0.3152617082603995
41262	0.35699445891465054	0.35755251371034624	0.2854530273750032
41263	0.2643429580664821	0.3724531587492359	0.36320388318428193
41264	0.17139542701336133	0.357593655585454	0.4710109174011848
41265	0.2616109367261542	0.36875808243326025	0.36963098084058543
41266	0.3628802689641907	0.36284549665844784	0.2742742343773615
41267	0.2635129049407772	0.3731067856749993	0.36338030938422344
41268	0.3646271413194874	0.3606891693757167	0.27468368930479586
41269	0.36374645985429366	0.36284429002944996	0.27340925011625633
41270	0.2635129049407772	0.3731067856749993	0.36338030938422344
41271	0.3624144875417641	0.3622577117350098	0.27532780072322616
41272	0.26437432003130473	0.37066614868537306	0.3649595312833222
41273	0.3630603774436878	0.3636279145011972	0.27331170805511507
41274	0.35141196656328827	0.37381857296252474	0.27476946047418693
41275	0.36374645985429366	0.36284429002944996	0.27340925011625633
41276	0.3667417013928264	0.3641447669075953	0.2691135316995783
41277	0.3628802689641907	0.36284549665844784	0.2742742343773615
41278	0.2692665209049843	0.37390482839058925	0.3568286507044265
41279	0.2635129049407772	0.3731067856749993	0.36338030938422344
41280	0.3630603774436878	0.3636279145011972	0.27331170805511507
41281	0.26279330804940315	0.3727347636096226	0.36447192834097425
41282	0.3630603774436878	0.3636279145011972	0.27331170805511507
41283	0.3616972970141926	0.36441674268947294	0.2738859602963345
41284	0.2635129049407772	0.3731067856749993	0.36338030938422344
41285	0.3579164546253867	0.36757974152838885	0.27450380384622447
41286	0.3690737133973147	0.36916024485179144	0.2617660417508938
41287	0.26384907839389976	0.3725658321168562	0.363585089489244
41288	0.35700246527640705	0.35756053258767123	0.2854370021359217
41289	0.26393692029487836	0.3721440198094261	0.3639190598956955
41290	0.369811255516026	0.3682996751884782	0.26188906929549577
41291	0.24295001957620563	0.36890451241545485	0.38814546800833966
41292	0.3630603774436878	0.3636279145011972	0.27331170805511507
41293	0.25337911895904686	0.3756246671709755	0.37099621386997755
41294	0.3630603774436878	0.3636279145011972	0.27331170805511507
41295	0.3630603774436878	0.3636279145011972	0.27331170805511507
41296	0.3628802689641907	0.36284549665844784	0.2742742343773615
41297	0.3645606100602082	0.3620210429760821	0.2734183469637098
41298	0.3645606100602082	0.3620210429760821	0.2734183469637098
41299	0.195829579063405	0.37473831531253876	0.4294321056240563
41300	0.32714494426540724	0.3419415888108961	0.3309134669236968
41301	0.260051351419125	0.37669873634708617	0.36324991223378894
41302	0.29095648612357133	0.3750165411874766	0.3340269726889521
41303	0.3690737133973147	0.36916024485179144	0.2617660417508938
41304	0.3630603774436878	0.3636279145011972	0.27331170805511507
41305	0.2529529883340288	0.37685981807488644	0.3701871935910848
41306	0.2637844021345523	0.37242931808672064	0.3637862797787271
41307	0.3622744367456815	0.37145560658152793	0.2662699566727906
41308	0.2709537198297451	0.3654333517228664	0.3636129284473884
41309	0.35701019884573765	0.35756827824614035	0.28542152290812195
41310	0.35632486436935973	0.3728384956557458	0.27083663997489443
41311	0.3630603774436878	0.3636279145011972	0.27331170805511507
41312	0.35890262791649513	0.3648591709084468	0.2762382011750581
41313	0.1822772815305646	0.3560533469869935	0.46166937148244186
41314	0.2635129049407772	0.3731067856749993	0.36338030938422344
41315	0.26384907839389976	0.3725658321168562	0.363585089489244
41316	0.3616972970141926	0.36441674268947294	0.2738859602963345
41317	0.36374645985429366	0.36284429002944996	0.27340925011625633
41318	0.3625962488847776	0.3630407484688622	0.27436300264636015
41319	0.26356157649047735	0.37149833274243077	0.3649400907670919
41320	0.26065408042294697	0.3635409326871616	0.37580498688989145
41321	0.3630603774436878	0.3636279145011972	0.27331170805511507
41322	0.3551373755668568	0.36801189320397126	0.2768507312291719
41323	0.2703410155610372	0.36529427029659695	0.3643647141423658
41324	0.18619110795047386	0.35417866353085176	0.45963022851867447
41325	0.3630603774436878	0.3636279145011972	0.27331170805511507
41326	0.2635129049407772	0.3731067856749993	0.36338030938422344
41327	0.3630603774436878	0.3636279145011972	0.27331170805511507
41328	0.3693190242033439	0.36882166864609967	0.26185930715055644
41329	0.3696819713670082	0.3633024188783055	0.2670156097546863
41330	0.25337911895904686	0.3756246671709755	0.37099621386997755
41331	0.3630603774436878	0.3636279145011972	0.27331170805511507
41332	0.35890262791649513	0.3648591709084468	0.2762382011750581
41333	0.3690737133973147	0.36916024485179144	0.2617660417508938
41334	0.3148739283275301	0.36412333537111824	0.3210027363013516
41335	0.3630603774436878	0.3636279145011972	0.27331170805511507
41336	0.10660834299589654	0.3277973337960724	0.565594323208031
41337	0.36367684430567543	0.36312873743119994	0.2731944182631247
41338	0.3630603774436878	0.3636279145011972	0.27331170805511507
41339	0.26384907839389976	0.3725658321168562	0.363585089489244
41340	0.2631436452977062	0.3739478928390037	0.3629084618632902
41341	0.3630603774436878	0.3636279145011972	0.27331170805511507
41342	0.36915875978922774	0.36363198094735694	0.2672092592634154
41343	0.37060031515809333	0.36753043429179527	0.2618692505501114
41344	0.2635129049407772	0.3731067856749993	0.36338030938422344
41345	0.35890262791649513	0.3648591709084468	0.2762382011750581
41346	0.26956774621015256	0.36601648011884014	0.36441577367100725
41347	0.2529529883340288	0.37685981807488644	0.3701871935910848
41348	0.36440045066939697	0.362279095619832	0.273320453710771
41349	0.35596446247790176	0.37115169944498966	0.27288383807710864
41350	0.26665678924641556	0.3760469298624652	0.3572962808911192
41351	0.36585740949317663	0.3664955599047052	0.2676470306021181
41352	0.3409311165145541	0.3758757830465781	0.2831931004388678
41353	0.3630603774436878	0.3636279145011972	0.27331170805511507
41354	0.2631436452977062	0.3739478928390037	0.3629084618632902
41355	0.3605360234462818	0.35968906042242743	0.27977491613129074
41356	0.2635129049407772	0.3731067856749993	0.36338030938422344
41357	0.26426288932700565	0.3724261070100099	0.3633110036629845
41358	0.26393692029487836	0.3721440198094261	0.3639190598956955
41359	0.2644152284186033	0.371718387692272	0.36386638388912457
41360	0.3630603774436878	0.3636279145011972	0.27331170805511507
41361	0.2635129049407772	0.3731067856749993	0.36338030938422344
41362	0.3630603774436878	0.3636279145011972	0.27331170805511507
41363	0.10040804066986668	0.32749924223466764	0.5720927170954657
41364	0.26478968548005605	0.36948626241703986	0.3657240521029042
41365	0.34974851975864873	0.36514321662996657	0.2851082636113848
41366	0.3630603774436878	0.3636279145011972	0.27331170805511507
41367	0.3630603774436878	0.3636279145011972	0.27331170805511507
41368	0.36388851287851504	0.35715303903587814	0.2789584480856068
41369	0.2631436452977062	0.3739478928390037	0.3629084618632902
41370	0.3630603774436878	0.3636279145011972	0.27331170805511507
41371	0.24762711277735436	0.36709754221544455	0.3852753450072011
41372	0.31425552650825633	0.36488127457057384	0.3208631989211698
41373	0.11209425802991789	0.31527875023059576	0.5726269917394864
41374	0.3630603774436878	0.3636279145011972	0.27331170805511507
41375	0.26437432003130473	0.37066614868537306	0.3649595312833222
41376	0.3630603774436878	0.3636279145011972	0.27331170805511507
41377	0.3690737133973147	0.36916024485179144	0.2617660417508938
41378	0.3630603774436878	0.3636279145011972	0.27331170805511507
41379	0.35890262791649513	0.3648591709084468	0.2762382011750581
41380	0.2572241363684272	0.38592235939114505	0.3568535042404278
41381	0.3630603774436878	0.3636279145011972	0.27331170805511507
41382	0.3630603774436878	0.3636279145011972	0.27331170805511507
41383	0.2631436452977062	0.3739478928390037	0.3629084618632902
41384	0.26268754101584785	0.37317400670988427	0.36413845227426783
41385	0.36367684430567543	0.36312873743119994	0.2731944182631247
41386	0.2901184774153881	0.37390671578508133	0.33597480679953057
41387	0.26384907839389976	0.3725658321168562	0.363585089489244
41388	0.3630603774436878	0.3636279145011972	0.27331170805511507
41389	0.3497274996931711	0.35133232049058233	0.29894017981624654
41390	0.3526598118490153	0.3579188920055681	0.2894212961454166
41391	0.3630603774436878	0.3636279145011972	0.27331170805511507
41392	0.3630603774436878	0.3636279145011972	0.27331170805511507
41393	0.36367684430567543	0.36312873743119994	0.2731944182631247
41394	0.36367684430567543	0.36312873743119994	0.2731944182631247
41395	0.2528384942038919	0.37694009688965835	0.3702214089064498
41396	0.3594767208142961	0.36369518522938316	0.2768280939563207
41397	0.2529529883340288	0.37685981807488644	0.3701871935910848
41398	0.3630603774436878	0.3636279145011972	0.27331170805511507
41399	0.373393212935955	0.37039363673666525	0.25621315032737974
41400	0.3556487434608459	0.37178483434960297	0.27256642218955107
41401	0.254617013794795	0.37258809808192744	0.3727948881232775
41402	0.2638429578785732	0.3725235116768262	0.3636335304446006
41403	0.3616972970141926	0.36441674268947294	0.2738859602963345
41404	0.36355084298224294	0.36344548113503716	0.27300367588271995
41405	0.3630603774436878	0.3636279145011972	0.27331170805511507
41406	0.2638429578785732	0.3725235116768262	0.3636335304446006
41407	0.2551827553609918	0.36782420626969403	0.37699303836931414
41408	0.2605295549504419	0.37333022395545973	0.3661402210940984
41409	0.2849183673723291	0.3667068230399465	0.3483748095877244
41410	0.3625962488847776	0.3630407484688622	0.27436300264636015
41411	0.3630603774436878	0.3636279145011972	0.27331170805511507
41412	0.2635129049407772	0.3731067856749993	0.36338030938422344
41413	0.3614673358333532	0.3645823352077334	0.27395032895891347
41414	0.2764901999862176	0.36674427190802134	0.35676552810576107
41415	0.35141196656328827	0.37381857296252474	0.27476946047418693
41416	0.3576184904597611	0.3570795142886639	0.2853019952515751
41417	0.3558877939574565	0.3714466302229684	0.2726655758195751
41418	0.3630603774436878	0.3636279145011972	0.27331170805511507
41419	0.3630603774436878	0.3636279145011972	0.27331170805511507
41420	0.369811255516026	0.3682996751884782	0.26188906929549577
41421	0.1927761552193798	0.36545710795114406	0.44176673682947615
41422	0.26393692029487836	0.3721440198094261	0.3639190598956955
41423	0.36450351673925674	0.35665994305988347	0.2788365402008597
41424	0.2709537198297451	0.3654333517228664	0.3636129284473884
41425	0.3690737133973147	0.36916024485179144	0.2617660417508938
41426	0.3731692165192695	0.363133153353229	0.2636976301275014
41427	0.2638429578785732	0.3725235116768262	0.3636335304446006
41428	0.37978394362884743	0.3557439628468351	0.2644720935243174
41429	0.26180954836584963	0.3668839824817424	0.37130646915240795
41430	0.3690737133973147	0.36916024485179144	0.2617660417508938
41431	0.2529529883340288	0.37685981807488644	0.3701871935910848
41432	0.25752919226357485	0.3784273275865242	0.3640434801499009
41433	0.2635987230978245	0.3715963378003489	0.36480493910182654
41434	0.3616972970141926	0.36441674268947294	0.2738859602963345
41435	0.3700998753646084	0.36216812199879655	0.267732002636595
41436	0.2531590907705016	0.37467682577679734	0.37216408345270113
41437	0.3628802689641907	0.36284549665844784	0.2742742343773615
41438	0.3630603774436878	0.3636279145011972	0.27331170805511507
41439	0.25337911895904686	0.3756246671709755	0.37099621386997755
41440	0.3630603774436878	0.3636279145011972	0.27331170805511507
41441	0.3623020975156806	0.36336119174098586	0.27433671074333355
41442	0.33241107222761457	0.3677488085225358	0.2998401192498496
41443	0.3630603774436878	0.3636279145011972	0.27331170805511507
41444	0.31425552650825633	0.36488127457057384	0.3208631989211698
41445	0.2709537198297451	0.3654333517228664	0.3636129284473884
41446	0.3708456963833286	0.3671924179115741	0.2619618857050974
41447	0.26384907839389976	0.3725658321168562	0.363585089489244
41448	0.3630603774436878	0.3636279145011972	0.27331170805511507
41449	0.3630603774436878	0.3636279145011972	0.27331170805511507
41450	0.3630603774436878	0.3636279145011972	0.27331170805511507
41451	0.3693190242033439	0.36882166864609967	0.26185930715055644
41452	0.24669330069808332	0.3680833655998678	0.3852233337020489
41453	0.2637844021345523	0.37242931808672064	0.3637862797787271
41454	0.36355084298224294	0.36344548113503716	0.27300367588271995
41455	0.3630603774436878	0.3636279145011972	0.27331170805511507
41456	0.29733365523204036	0.38063543957551504	0.3220309051924446
41457	0.3630603774436878	0.3636279145011972	0.27331170805511507
41458	0.25270837304909616	0.3738837960333602	0.3734078309175437
41459	0.3624946332577644	0.36903709066283047	0.26846827607940515
41460	0.36450351673925674	0.35665994305988347	0.2788365402008597
41461	0.36978078617631543	0.36312808920223827	0.26709112462144624
41462	0.3616972970141926	0.36441674268947294	0.2738859602963345
41463	0.2709537198297451	0.3654333517228664	0.3636129284473884
41464	0.3693190242033439	0.36882166864609967	0.26185930715055644
41465	0.3630603774436878	0.3636279145011972	0.27331170805511507
41466	0.2913758802989695	0.37386839320428855	0.33475572649674196
41467	0.26384907839389976	0.3725658321168562	0.363585089489244
41468	0.3630603774436878	0.3636279145011972	0.27331170805511507
41469	0.2908343462433431	0.3743210384272121	0.3348446153294448
41470	0.3630603774436878	0.3636279145011972	0.27331170805511507
41471	0.3630603774436878	0.3636279145011972	0.27331170805511507
41472	0.3625962488847776	0.3630407484688622	0.27436300264636015
41473	0.3630603774436878	0.3636279145011972	0.27331170805511507
41474	0.2631436452977062	0.3739478928390037	0.3629084618632902
41475	0.31425552650825633	0.36488127457057384	0.3208631989211698
41476	0.3630603774436878	0.3636279145011972	0.27331170805511507
41477	0.35141196656328827	0.37381857296252474	0.27476946047418693
41478	0.26529621361765887	0.3690582287969163	0.3656455575854249
41479	0.3690737133973147	0.36916024485179144	0.2617660417508938
41480	0.3602824092873081	0.3638140319119774	0.27590355880071443
41481	0.2908343462433431	0.3743210384272121	0.3348446153294448
41482	0.19407202759850428	0.37155503093025183	0.43437294147124395
41483	0.3630603774436878	0.3636279145011972	0.27331170805511507
41484	0.3696819713670082	0.3633024188783055	0.2670156097546863
41485	0.3506701880328396	0.37353603770697136	0.2757937742601891
41486	0.36367684430567543	0.36312873743119994	0.2731944182631247
41487	0.3628802689641907	0.36284549665844784	0.2742742343773615
41488	0.3630603774436878	0.3636279145011972	0.27331170805511507
41489	0.35081757392534435	0.37254709671902014	0.2766353293556355
41490	0.256180260081351	0.378373837150531	0.365445902768118
41491	0.20261860510967059	0.3700136179647833	0.4273677769255461
41492	0.26041889749334995	0.3758552314566823	0.36372587104996773
41493	0.3630603774436878	0.3636279145011972	0.27331170805511507
41494	0.3596000779621966	0.36459692938828686	0.27580299264951647
41495	0.27153306827396945	0.36463234499936026	0.36383458672667024
41496	0.26489681691190314	0.3679146473563461	0.3671885357317508
41497	0.18196015897928866	0.3562677138684074	0.461772127152304
41498	0.3630603774436878	0.3636279145011972	0.27331170805511507
41499	0.2709537198297451	0.3654333517228664	0.3636129284473884
41500	0.37030435208176854	0.36279846722605513	0.2668971806921763
41501	0.36440045066939697	0.362279095619832	0.273320453710771
41502	0.3690737133973147	0.36916024485179144	0.2617660417508938
41503	0.3625962488847776	0.3630407484688622	0.27436300264636015
41504	0.23306303204808418	0.37277607976906074	0.39416088818285505
41505	0.3630603774436878	0.3636279145011972	0.27331170805511507
41506	0.36367684430567543	0.36312873743119994	0.2731944182631247
41507	0.26384907839389976	0.3725658321168562	0.363585089489244
41508	0.2912774232636704	0.3741977093781135	0.33452486735821607
41509	0.3630603774436878	0.3636279145011972	0.27331170805511507
41510	0.2247956587786555	0.3426370216892935	0.432567319532051
41511	0.3312228900625465	0.34108434458770115	0.32769276534975234
41512	0.3671858547061255	0.3628660619923515	0.2699480833015229
41513	0.2603586770835901	0.37260889994687413	0.3670324229695358
41514	0.2709537198297451	0.3654333517228664	0.3636129284473884
41515	0.35595802318143305	0.36925542152948215	0.2747865552890848
41516	0.3623020975156806	0.36336119174098586	0.27433671074333355
41517	0.3630603774436878	0.3636279145011972	0.27331170805511507
41518	0.2709537198297451	0.3654333517228664	0.3636129284473884
41519	0.2631436452977062	0.3739478928390037	0.3629084618632902
41520	0.3628802689641907	0.36284549665844784	0.2742742343773615
41521	0.36794432072902294	0.36671407780116616	0.26534160146981084
41522	0.3574987461864427	0.3573951383170097	0.2851061154965476
41523	0.3630603774436878	0.3636279145011972	0.27331170805511507
41524	0.2638429578785732	0.3725235116768262	0.3636335304446006
41525	0.3693190242033439	0.36882166864609967	0.26185930715055644
41526	0.2709537198297451	0.3654333517228664	0.3636129284473884
41527	0.3632120850087983	0.362542534492033	0.27424538049916863
41528	0.3630603774436878	0.3636279145011972	0.27331170805511507
41529	0.2743371413171424	0.3668031779865525	0.35885968069630514
41530	0.25275350025072846	0.3773660826413901	0.3698804171078814
41531	0.3630603774436878	0.3636279145011972	0.27331170805511507
41532	0.36355084298224294	0.36344548113503716	0.27300367588271995
