21257	0.3541733556860201	0.3544526786673988	0.2913739656465811
21258	0.35390397587107664	0.35352637667618325	0.2925696474527401
21259	0.3541733556860201	0.3544526786673988	0.2913739656465811
21260	0.3534430435439365	0.3542926565277311	0.29226429992833247
21261	0.36636841778058155	0.34642949922013594	0.28720208299928246
21262	0.36814963415215074	0.3467819989521267	0.28506836689572257
21263	0.28194518414303343	0.362147665215072	0.35590715064189465
21264	0.35169545941081365	0.3538747081110405	0.29442983247814586
21265	0.35344685399504144	0.3542763964039051	0.29227674960105343
21266	0.34129992310541984	0.3605032587401078	0.2981968181544723
21267	0.28276402962819946	0.3621323114921023	0.3551036588796983
21268	0.33334590795855296	0.35596412631103935	0.3106899657304077
21269	0.33334590795855296	0.35596412631103935	0.3106899657304077
21270	0.33138644584718324	0.3553703740563986	0.3132431800964181
21271	0.33138644584718324	0.3553703740563986	0.3132431800964181
21272	0.34056995573007703	0.3550173475082348	0.3044126967616881
21273	0.3541733556860201	0.3544526786673988	0.2913739656465811
21274	0.3541733556860201	0.3544526786673988	0.2913739656465811
21275	0.3749962030657241	0.3578565537208796	0.26714724321339617
21276	0.3536588969078433	0.35344548228089057	0.29289562081126613
21277	0.340548168331194	0.36035135135283974	0.2991004803159662
21278	0.35333916330876625	0.35348592689989855	0.29317490979133515
21279	0.2831206742840066	0.36158005314558983	0.35529927257040356
21280	0.339346808604309	0.3407415903090123	0.31991160108667865
21281	0.339346808604309	0.3407415903090123	0.31991160108667865
21282	0.2818228765630128	0.3625634804857197	0.35561364295126763
21283	0.35327142382819277	0.35431439239396556	0.2924141837778417
21284	0.35327142382819277	0.35431439239396556	0.2924141837778417
21285	0.3536259274179188	0.3533564726938825	0.29301759988819875
21286	0.34468040491618457	0.3663313677309662	0.28898822735284935
21287	0.3541733556860201	0.3544526786673988	0.2913739656465811
21288	0.2678191512225245	0.3745092398820767	0.3576716088953989
21289	0.3541733556860201	0.3544526786673988	0.2913739656465811
21290	0.3429200577246334	0.32922435592772	0.32785558634764655
21291	0.3429200577246334	0.32922435592772	0.32785558634764655
21292	0.34991747683547586	0.35322966215533	0.29685286100919417
21293	0.35166961973526667	0.35364027447846935	0.294690105786264
21294	0.2762792690809147	0.3554851280770483	0.3682356028420369
21295	0.3541733556860201	0.3544526786673988	0.2913739656465811
21296	0.3541733556860201	0.3544526786673988	0.2913739656465811
21297	0.3541733556860201	0.3544526786673988	0.2913739656465811
21298	0.33879742386199924	0.3824781964246102	0.2787243797133905
21299	0.3541733556860201	0.3544526786673988	0.2913739656465811
21300	0.3541733556860201	0.3544526786673988	0.2913739656465811
21301	0.35242204405446786	0.35405449046339343	0.29352346548213865
21302	0.33879742386199924	0.3824781964246102	0.2787243797133905
21303	0.3541733556860201	0.3544526786673988	0.2913739656465811
21304	0.3562955147946357	0.3553527107750094	0.2883517744303548
21305	0.36486263445309897	0.34506759883941895	0.29006976670748197
21306	0.32000909459853705	0.3559379466831512	0.32405295871831175
21307	0.28297074211933493	0.3618833898265768	0.35514586805408827
21308	0.3394156338769034	0.35449419568935175	0.3060901704337448
21309	0.2824714012978888	0.3631115958033943	0.35441700289871686
21310	0.2919409691917303	0.3574842266962013	0.3505748041120685
21311	0.36358937299876526	0.3504149997635051	0.2859956272377296
21312	0.22431595343680777	0.345331489382179	0.43035255718101334
21313	0.3385171166450237	0.34069310139238557	0.32078978196259084
21314	0.3541733556860201	0.3544526786673988	0.2913739656465811
21315	0.3540602011428682	0.3528472213618198	0.293092577495312
21316	0.28294112275137545	0.36159496406467984	0.3554639131839447
21317	0.35433104552112654	0.35377308737622426	0.2918958671026492
21318	0.3541733556860201	0.3544526786673988	0.2913739656465811
21319	0.339346808604309	0.3407415903090123	0.31991160108667865
21320	0.276860482675405	0.35406914944353135	0.36907036788106373
21321	0.28978365211006146	0.35676957695169714	0.35344677093824145
21322	0.35327142382819277	0.35431439239396556	0.2924141837778417
21323	0.3541733556860201	0.3544526786673988	0.2913739656465811
21324	0.3541733556860201	0.3544526786673988	0.2913739656465811
21325	0.3541733556860201	0.3544526786673988	0.2913739656465811
21326	0.34468040491618457	0.3663313677309662	0.28898822735284935
21327	0.3541733556860201	0.3544526786673988	0.2913739656465811
21328	0.30788252646131004	0.3497288695673482	0.3423886039713417
21329	0.3177564996293047	0.33161483196766556	0.3506286684030297
21330	0.34135991544876776	0.36037843812379583	0.29826164642743647
21331	0.28319488524206327	0.3613906033345997	0.35541451142333697
21332	0.34129992310541984	0.3605032587401078	0.2981968181544723
21333	0.3541733556860201	0.3544526786673988	0.2913739656465811
21334	0.3528281006677513	0.3513236157116753	0.29584828362057347
21335	0.3528281006677513	0.3513236157116753	0.29584828362057347
21336	0.3289266390164892	0.36516426460032303	0.30590909638318775
21337	0.3534430435439365	0.3542926565277311	0.29226429992833247
21338	0.35344685399504144	0.3542763964039051	0.29227674960105343
21339	0.2906334250626285	0.3570438716620161	0.3523227032753553
21340	0.3541733556860201	0.3544526786673988	0.2913739656465811
21341	0.3541733556860201	0.3544526786673988	0.2913739656465811
21342	0.3021874565508359	0.3540179299971768	0.34379461345198725
21343	0.3537073956710466	0.3454010652441351	0.30089153908481836
21344	0.2832271294822366	0.36086182455204907	0.3559110459657144
21345	0.3541733556860201	0.3544526786673988	0.2913739656465811
21346	0.3541733556860201	0.3544526786673988	0.2913739656465811
21347	0.33986706505616066	0.35457302189010603	0.3055599130537333
21348	0.3541733556860201	0.3544526786673988	0.2913739656465811
21349	0.34468040491618457	0.3663313677309662	0.28898822735284935
21350	0.3541733556860201	0.3544526786673988	0.2913739656465811
21351	0.3541733556860201	0.3544526786673988	0.2913739656465811
21352	0.3541733556860201	0.3544526786673988	0.2913739656465811
21353	0.35334859236027444	0.35444354527336036	0.2922078623663652
21354	0.28297074211933493	0.3618833898265768	0.35514586805408827
21355	0.36086457250887166	0.3595505882460785	0.2795848392450499
21356	0.36086457250887166	0.3595505882460785	0.2795848392450499
21357	0.3541733556860201	0.3544526786673988	0.2913739656465811
21358	0.3541733556860201	0.3544526786673988	0.2913739656465811
21359	0.3541733556860201	0.3544526786673988	0.2913739656465811
21360	0.3534430435439365	0.3542926565277311	0.29226429992833247
21361	0.35344685399504144	0.3542763964039051	0.29227674960105343
21362	0.2834870728438186	0.3604673781759051	0.35604554898027646
21363	0.3541733556860201	0.3544526786673988	0.2913739656465811
21364	0.3682333622927897	0.34648834569022835	0.2852782920169819
21365	0.35346943227791816	0.3540361459812325	0.2924944217408492
21366	0.35346943227791816	0.3540361459812325	0.2924944217408492
21367	0.2691332309785053	0.3646946321128449	0.3661721369086499
21368	0.34140744598948797	0.3416767009798911	0.3169158530306209
21369	0.28803801322827155	0.3455124601424192	0.3664495266293092
21370	0.3541733556860201	0.3544526786673988	0.2913739656465811
21371	0.28641262148486146	0.3828067427949085	0.33078063572023
21372	0.3380552044575515	0.38091587188092496	0.2810289236615235
21373	0.3533319503703241	0.35293940275247415	0.29372864687720185
21374	0.33879742386199924	0.3824781964246102	0.2787243797133905
21375	0.3541733556860201	0.3544526786673988	0.2913739656465811
21376	0.3534558270111916	0.353199370008525	0.2933448029802833
21377	0.3534558270111916	0.353199370008525	0.2933448029802833
21378	0.33504682839348127	0.37346612173866756	0.2914870498678512
21379	0.34443842581486783	0.36152818407168935	0.29403339011344287
21380	0.3682333622927897	0.34648834569022835	0.2852782920169819
21381	0.3541733556860201	0.3544526786673988	0.2913739656465811
21382	0.34056995573007703	0.3550173475082348	0.3044126967616881
21383	0.3541733556860201	0.3544526786673988	0.2913739656465811
21384	0.28239695361418843	0.3633566773877726	0.354246368998039
21385	0.3541733556860201	0.3544526786673988	0.2913739656465811
21386	0.3541733556860201	0.3544526786673988	0.2913739656465811
21387	0.28297074211933493	0.3618833898265768	0.35514586805408827
21388	0.3541733556860201	0.3544526786673988	0.2913739656465811
21389	0.3541733556860201	0.3544526786673988	0.2913739656465811
21390	0.34056995573007703	0.3550173475082348	0.3044126967616881
21391	0.3541733556860201	0.3544526786673988	0.2913739656465811
21392	0.3540666435463267	0.35366301437280884	0.2922703420808645
21393	0.28978365211006146	0.35676957695169714	0.35344677093824145
21394	0.35327142382819277	0.35431439239396556	0.2924141837778417
21395	0.3537073956710466	0.3454010652441351	0.30089153908481836
21396	0.28832072671504694	0.3493506471687791	0.3623286261161739
21397	0.35301427360325577	0.3539718179907696	0.2930139084059747
21398	0.35301427360325577	0.3539718179907696	0.2930139084059747
21399	0.3527144148464102	0.35334102830178316	0.29394455685180665
21400	0.3541733556860201	0.3544526786673988	0.2913739656465811
21401	0.267535348257155	0.37608771589216305	0.3563769358506819
21402	0.3526521851619713	0.35402120736180187	0.2933266074762269
21403	0.2828341145641107	0.36231380574245675	0.3548520796934325
21404	0.2668913539702096	0.3731817793680892	0.3599268666617013
21405	0.35301427360325577	0.3539718179907696	0.2930139084059747
21406	0.35301427360325577	0.3539718179907696	0.2930139084059747
21407	0.282393510606973	0.35976711593765914	0.3578393734553678
21408	0.35301427360325577	0.3539718179907696	0.2930139084059747
21409	0.3541733556860201	0.3544526786673988	0.2913739656465811
21410	0.3541733556860201	0.3544526786673988	0.2913739656465811
21411	0.3541733556860201	0.3544526786673988	0.2913739656465811
21412	0.3541733556860201	0.3544526786673988	0.2913739656465811
21413	0.35433104552112654	0.35377308737622426	0.2918958671026492
21414	0.25905644691473495	0.34512838468230694	0.3958151684029582
21415	0.3286550856645444	0.34207073141977773	0.3292741829156779
21416	0.3535542355475576	0.35391329894050955	0.29253246551193285
21417	0.3541733556860201	0.3544526786673988	0.2913739656465811
21418	0.37457602081764385	0.3576373523370627	0.26778662684529353
21419	0.35327142382819277	0.35431439239396556	0.2924141837778417
21420	0.33879742386199924	0.3824781964246102	0.2787243797133905
21421	0.3541733556860201	0.3544526786673988	0.2913739656465811
21422	0.3541733556860201	0.3544526786673988	0.2913739656465811
21423	0.33879742386199924	0.3824781964246102	0.2787243797133905
21424	0.3541733556860201	0.3544526786673988	0.2913739656465811
21425	0.2678191512225245	0.3745092398820767	0.3576716088953989
21426	0.3541733556860201	0.3544526786673988	0.2913739656465811
21427	0.3533647256427294	0.35398518451202476	0.2926500898452458
21428	0.35327142382819277	0.35431439239396556	0.2924141837778417
21429	0.35301427360325577	0.3539718179907696	0.2930139084059747
21430	0.3340201099302005	0.33480405762392446	0.33117583244587506
21431	0.282393510606973	0.35976711593765914	0.3578393734553678
21432	0.35344685399504144	0.3542763964039051	0.29227674960105343
21433	0.3534558270111916	0.353199370008525	0.2933448029802833
21434	0.28608217725115703	0.3547044033755554	0.3592134193732875
21435	0.35242204405446786	0.35405449046339343	0.29352346548213865
21436	0.3541733556860201	0.3544526786673988	0.2913739656465811
21437	0.34123126831467565	0.36054671324789095	0.29822201843743334
21438	0.28141869194112834	0.3620973890188535	0.3564839190400181
21439	0.27893827903221946	0.3662836476607043	0.3547780733070761
21440	0.35327142382819277	0.35431439239396556	0.2924141837778417
21441	0.3541733556860201	0.3544526786673988	0.2913739656465811
21442	0.3541733556860201	0.3544526786673988	0.2913739656465811
21443	0.2690640748927137	0.3478645163034798	0.38307140880380647
21444	0.3546639367496817	0.35540157613146417	0.2899344871188541
21445	0.31055199516618537	0.36421210218819566	0.32523590264561886
21446	0.3541733556860201	0.3544526786673988	0.2913739656465811
21447	0.3526521851619713	0.35402120736180187	0.2933266074762269
21448	0.3526521851619713	0.35402120736180187	0.2933266074762269
21449	0.3533647256427294	0.35398518451202476	0.2926500898452458
21450	0.3533647256427294	0.35398518451202476	0.2926500898452458
21451	0.282393510606973	0.35976711593765914	0.3578393734553678
21452	0.3541733556860201	0.3544526786673988	0.2913739656465811
21453	0.3541733556860201	0.3544526786673988	0.2913739656465811
21454	0.34468040491618457	0.3663313677309662	0.28898822735284935
21455	0.3541733556860201	0.3544526786673988	0.2913739656465811
21456	0.3541733556860201	0.3544526786673988	0.2913739656465811
21457	0.3541733556860201	0.3544526786673988	0.2913739656465811
21458	0.28221530245100734	0.3602236080828236	0.35756108946616905
21459	0.3541733556860201	0.3544526786673988	0.2913739656465811
21460	0.3541733556860201	0.3544526786673988	0.2913739656465811
21461	0.3192203649585974	0.36330475024151193	0.31747488479989067
21462	0.3682333622927897	0.34648834569022835	0.2852782920169819
21463	0.35450379908643453	0.3560819858006515	0.28941421511291393
21464	0.2819814564268687	0.36254855299477434	0.355469990578357
21465	0.35344685399504144	0.3542763964039051	0.29227674960105343
21466	0.3021874565508359	0.3540179299971768	0.34379461345198725
21467	0.2822061011516938	0.35943163821082846	0.35836226063747784
21468	0.35282804800940554	0.3536899127541489	0.29348203923644556
21469	0.35378579465897414	0.35362865955606027	0.2925855457849655
21470	0.35282804800940554	0.3536899127541489	0.29348203923644556
21471	0.3420622962739302	0.3287182304685296	0.3292194732575402
21472	0.3541733556860201	0.3544526786673988	0.2913739656465811
21473	0.2819890674638003	0.36228932872480946	0.35572160381139034
21474	0.35346943227791816	0.3540361459812325	0.2924944217408492
21475	0.3541733556860201	0.3544526786673988	0.2913739656465811
21476	0.3541733556860201	0.3544526786673988	0.2913739656465811
21477	0.2821038420315257	0.36213276665783134	0.355763391310643
21478	0.35327142382819277	0.35431439239396556	0.2924141837778417
21479	0.2826565922735948	0.36285158449380955	0.35449182323259565
21480	0.3541733556860201	0.3544526786673988	0.2913739656465811
21481	0.3434434020159644	0.35628024012419535	0.3002763578598403
21482	0.3541733556860201	0.3544526786673988	0.2913739656465811
21483	0.35242204405446786	0.35405449046339343	0.29352346548213865
21484	0.33879742386199924	0.3824781964246102	0.2787243797133905
21485	0.3541733556860201	0.3544526786673988	0.2913739656465811
21486	0.24635946441693238	0.33355266835217984	0.42008786723088776
21487	0.30673242720700716	0.33831496792985866	0.35495260486313424
21488	0.29537826791810573	0.39156708107818905	0.3130546510037053
21489	0.30911704252603694	0.3632673592955727	0.32761559817839037
21490	0.350682757473088	0.35214741585300224	0.29716982667390973
21491	0.35242204405446786	0.35405449046339343	0.29352346548213865
21492	0.3541733556860201	0.3544526786673988	0.2913739656465811
21493	0.28233088341374246	0.362231550246482	0.3554375663397755
21494	0.3099280150061162	0.3629717488646102	0.3271002361292735
21495	0.320343828124308	0.36388386885889024	0.3157723030168018
21496	0.3541733556860201	0.3544526786673988	0.2913739656465811
21497	0.34468040491618457	0.3663313677309662	0.28898822735284935
21498	0.3541733556860201	0.3544526786673988	0.2913739656465811
21499	0.3541733556860201	0.3544526786673988	0.2913739656465811
21500	0.3541733556860201	0.3544526786673988	0.2913739656465811
21501	0.3541733556860201	0.3544526786673988	0.2913739656465811
21502	0.3541733556860201	0.3544526786673988	0.2913739656465811
21503	0.3541733556860201	0.3544526786673988	0.2913739656465811
21504	0.3541733556860201	0.3544526786673988	0.2913739656465811
21505	0.35378579465897414	0.35362865955606027	0.2925855457849655
21506	0.3541733556860201	0.3544526786673988	0.2913739656465811
21507	0.3533647256427294	0.35398518451202476	0.2926500898452458
21508	0.339754744866456	0.3423999089305047	0.3178453462030392
21509	0.3541733556860201	0.3544526786673988	0.2913739656465811
21510	0.2826565922735948	0.36285158449380955	0.35449182323259565
21511	0.2717505218097501	0.36154776852177156	0.3667017096684783
21512	0.3534430435439365	0.3542926565277311	0.29226429992833247
21513	0.26831294791084853	0.3617743258515079	0.3699127262376436
21514	0.32959566803727247	0.3620294999068302	0.3083748320558974
21515	0.3541733556860201	0.3544526786673988	0.2913739656465811
21516	0.32738873288597226	0.36214158536068997	0.31046968175333767
21517	0.3541733556860201	0.3544526786673988	0.2913739656465811
21518	0.28085701190458384	0.36144342079218106	0.3576995673032351
21519	0.35390397587107664	0.35352637667618325	0.2925696474527401
21520	0.3541733556860201	0.3544526786673988	0.2913739656465811
21521	0.35378579465897414	0.35362865955606027	0.2925855457849655
21522	0.35378579465897414	0.35362865955606027	0.2925855457849655
21523	0.3682333622927897	0.34648834569022835	0.2852782920169819
21524	0.3541733556860201	0.3544526786673988	0.2913739656465811
21525	0.3541733556860201	0.3544526786673988	0.2913739656465811
21526	0.3425487922010406	0.3561204456719369	0.30133076212702253
21527	0.3541733556860201	0.3544526786673988	0.2913739656465811
21528	0.28239695361418843	0.3633566773877726	0.354246368998039
21529	0.3541733556860201	0.3544526786673988	0.2913739656465811
21530	0.3729725004473157	0.35774462480600777	0.2692828747466765
21531	0.34468040491618457	0.3663313677309662	0.28898822735284935
21532	0.2906334250626285	0.3570438716620161	0.3523227032753553
21533	0.3541733556860201	0.3544526786673988	0.2913739656465811
21534	0.3541733556860201	0.3544526786673988	0.2913739656465811
21535	0.21937160730871047	0.3605421742224581	0.42008621846883154
21536	0.28268915742605333	0.3622073666469915	0.35510347592695524
21537	0.35324112755458925	0.3536528989929663	0.2931059734524444
21538	0.35324112755458925	0.3536528989929663	0.2931059734524444
21539	0.3541733556860201	0.3544526786673988	0.2913739656465811
21540	0.3541733556860201	0.3544526786673988	0.2913739656465811
21541	0.3541733556860201	0.3544526786673988	0.2913739656465811
21542	0.21885200437715793	0.3566832200329206	0.4244647755899216
21543	0.2814374015598354	0.3610136565935031	0.3575489418466615
21544	0.3541733556860201	0.3544526786673988	0.2913739656465811
21545	0.35229375907271193	0.35271486916123035	0.2949913717660578
21546	0.35344685399504144	0.3542763964039051	0.29227674960105343
21547	0.28465539176452787	0.3614905364125502	0.353854071822922
21548	0.28297074211933493	0.3618833898265768	0.35514586805408827
21549	0.3526222732268546	0.35426575127145754	0.2931119755016878
21550	0.34056995573007703	0.3550173475082348	0.3044126967616881
21551	0.3541733556860201	0.3544526786673988	0.2913739656465811
21552	0.35390397587107664	0.35352637667618325	0.2925696474527401
21553	0.2681854953468058	0.37639420330262924	0.3554203013505649
21554	0.28169077949344407	0.36173437061826197	0.3565748498882939
21555	0.28250916725838027	0.359194990855919	0.35829584188570085
21556	0.35317458875558555	0.3534246552802943	0.29340075596412013
21557	0.2691888616800481	0.3626930746268394	0.36811806369311256
21558	0.33050663088001664	0.3627677801396924	0.30672558898029095
21559	0.25360346748927	0.36437491538349553	0.38202161712723454
21560	0.3541733556860201	0.3544526786673988	0.2913739656465811
21561	0.3541733556860201	0.3544526786673988	0.2913739656465811
21562	0.34129992310541984	0.3605032587401078	0.2981968181544723
21563	0.35301427360325577	0.3539718179907696	0.2930139084059747
21564	0.3534430435439365	0.3542926565277311	0.29226429992833247
21565	0.35327142382819277	0.35431439239396556	0.2924141837778417
21566	0.35327142382819277	0.35431439239396556	0.2924141837778417
21567	0.3541733556860201	0.3544526786673988	0.2913739656465811
21568	0.3534558270111916	0.353199370008525	0.2933448029802833
21569	0.2822943300115717	0.36158049329550096	0.3561251766929273
21570	0.35242204405446786	0.35405449046339343	0.29352346548213865
21571	0.3541733556860201	0.3544526786673988	0.2913739656465811
21572	0.3541733556860201	0.3544526786673988	0.2913739656465811
21573	0.35327142382819277	0.35431439239396556	0.2924141837778417
21574	0.3006010633070706	0.3703942308505747	0.32900470584235475
21575	0.320343828124308	0.36388386885889024	0.3157723030168018
21576	0.34468040491618457	0.3663313677309662	0.28898822735284935
21577	0.3541733556860201	0.3544526786673988	0.2913739656465811
21578	0.28239695361418843	0.3633566773877726	0.354246368998039
21579	0.3541733556860201	0.3544526786673988	0.2913739656465811
21580	0.3541733556860201	0.3544526786673988	0.2913739656465811
21581	0.3574302258975789	0.3553460527602777	0.2872237213421434
21582	0.3574302258975789	0.3553460527602777	0.2872237213421434
21583	0.320343828124308	0.36388386885889024	0.3157723030168018
21584	0.3537073956710466	0.3454010652441351	0.30089153908481836
21585	0.282779514621307	0.36243576300154196	0.35478472237715114
21586	0.22922747731209192	0.3567053441449913	0.4140671785429168
21587	0.2822567686545986	0.3624764178297313	0.35526681351567013
21588	0.35327142382819277	0.35431439239396556	0.2924141837778417
21589	0.3541733556860201	0.3544526786673988	0.2913739656465811
21590	0.35242204405446786	0.35405449046339343	0.29352346548213865
21591	0.2906334250626285	0.3570438716620161	0.3523227032753553
21592	0.3748132380046246	0.35852860933927133	0.26665815265610415
21593	0.35327142382819277	0.35431439239396556	0.2924141837778417
21594	0.3528293134771282	0.3541257299090067	0.2930449566138651
21595	0.3532074296663943	0.3538048407838581	0.29298772954974767
21596	0.3532074296663943	0.3538048407838581	0.29298772954974767
21597	0.320343828124308	0.36388386885889024	0.3157723030168018
21598	0.3541733556860201	0.3544526786673988	0.2913739656465811
21599	0.3541733556860201	0.3544526786673988	0.2913739656465811
21600	0.3519217375169196	0.3538580898257182	0.29422017265736217
21601	0.28250916725838027	0.359194990855919	0.35829584188570085
21602	0.35317458875558555	0.3534246552802943	0.29340075596412013
21603	0.3541733556860201	0.3544526786673988	0.2913739656465811
21604	0.3541733556860201	0.3544526786673988	0.2913739656465811
21605	0.368117585872557	0.346799588190119	0.28508282593732387
21606	0.28313552165342887	0.3513642559155275	0.3655002224310436
21607	0.28313552165342887	0.3513642559155275	0.3655002224310436
21608	0.3525411732569654	0.3541526262360876	0.2933062005069471
21609	0.37251917557569586	0.35984067772089334	0.26764014670341074
21610	0.3541733556860201	0.3544526786673988	0.2913739656465811
21611	0.35450379908643453	0.3560819858006515	0.28941421511291393
21612	0.2834870728438186	0.3604673781759051	0.35604554898027646
21613	0.35327142382819277	0.35431439239396556	0.2924141837778417
21614	0.3541733556860201	0.3544526786673988	0.2913739656465811
21615	0.35344685399504144	0.3542763964039051	0.29227674960105343
21616	0.35344685399504144	0.3542763964039051	0.29227674960105343
21617	0.28832072671504694	0.3493506471687791	0.3623286261161739
21618	0.320343828124308	0.36388386885889024	0.3157723030168018
21619	0.30132157856693587	0.35376671408767185	0.3449117073453922
21620	0.3001772472317554	0.36235600529843826	0.33746674746980626
21621	0.3001772472317554	0.36235600529843826	0.33746674746980626
21622	0.3541733556860201	0.3544526786673988	0.2913739656465811
21623	0.3537073956710466	0.3454010652441351	0.30089153908481836
21624	0.3554870281900327	0.3484943497974915	0.2960186220124758
21625	0.35344685399504144	0.3542763964039051	0.29227674960105343
21626	0.3405176363586959	0.36029392101319324	0.29918844262811084
21627	0.3396438092948135	0.3412170659231968	0.31913912478198975
21628	0.3541733556860201	0.3544526786673988	0.2913739656465811
21629	0.30056493589814703	0.3605389763409385	0.3388960877609144
21630	0.27006380305596595	0.3662391185020212	0.3636970784420129
21631	0.3541733556860201	0.3544526786673988	0.2913739656465811
21632	0.28319488524206327	0.3613906033345997	0.35541451142333697
21633	0.2906334250626285	0.3570438716620161	0.3523227032753553
21634	0.3541733556860201	0.3544526786673988	0.2913739656465811
21635	0.3541733556860201	0.3544526786673988	0.2913739656465811
21636	0.35344685399504144	0.3542763964039051	0.29227674960105343
21637	0.35344685399504144	0.3542763964039051	0.29227674960105343
21638	0.3540666435463267	0.35366301437280884	0.2922703420808645
21639	0.3300783855015338	0.3957080927693126	0.27421352172915353
21640	0.34560114693998906	0.36728975460663	0.287109098453381
21641	0.3541733556860201	0.3544526786673988	0.2913739656465811
21642	0.3541733556860201	0.3544526786673988	0.2913739656465811
21643	0.3516920090155388	0.35309997674489096	0.29520801423957016
21644	0.3534457146407059	0.35350311423052344	0.2930511711287706
21645	0.2787442080190735	0.36671266829624566	0.35454312368468094
21646	0.3541733556860201	0.3544526786673988	0.2913739656465811
21647	0.3541733556860201	0.3544526786673988	0.2913739656465811
21648	0.3533486961949973	0.3556040076732765	0.2910472961317263
21649	0.3541733556860201	0.3544526786673988	0.2913739656465811
21650	0.2906334250626285	0.3570438716620161	0.3523227032753553
21651	0.3541733556860201	0.3544526786673988	0.2913739656465811
21652	0.3541733556860201	0.3544526786673988	0.2913739656465811
21653	0.3574302258975789	0.3553460527602777	0.2872237213421434
21654	0.3574302258975789	0.3553460527602777	0.2872237213421434
21655	0.26481948895038354	0.37930715268690773	0.35587335836270867
21656	0.26481948895038354	0.37930715268690773	0.35587335836270867
21657	0.225326759219948	0.3539878162775546	0.42068542450249735
21658	0.28194251176339424	0.36082985332271883	0.3572276349138869
21659	0.3541733556860201	0.3544526786673988	0.2913739656465811
21660	0.31947387170543023	0.36368023261449356	0.3168458956800761
21661	0.28986319534593025	0.35691962535797433	0.3532171792960954
21662	0.35334859236027444	0.35444354527336036	0.2922078623663652
21663	0.3537073956710466	0.3454010652441351	0.30089153908481836
21664	0.3541733556860201	0.3544526786673988	0.2913739656465811
21665	0.3541733556860201	0.3544526786673988	0.2913739656465811
21666	0.3541733556860201	0.3544526786673988	0.2913739656465811
21667	0.35378579465897414	0.35362865955606027	0.2925855457849655
21668	0.3525411732569654	0.3541526262360876	0.2933062005069471
21669	0.3541733556860201	0.3544526786673988	0.2913739656465811
21670	0.3541733556860201	0.3544526786673988	0.2913739656465811
21671	0.3182893172445321	0.3613507631170027	0.32035991963846533
21672	0.33190245751436004	0.33403592329689097	0.334061619188749
21673	0.3541733556860201	0.3544526786673988	0.2913739656465811
21674	0.35242204405446786	0.35405449046339343	0.29352346548213865
21675	0.34056995573007703	0.3550173475082348	0.3044126967616881
21676	0.2671289908735756	0.37297895627564925	0.3598920528507751
21677	0.3534558270111916	0.353199370008525	0.2933448029802833
21678	0.28194518414303343	0.362147665215072	0.35590715064189465
21679	0.31479186231777534	0.3555449356646029	0.3296632020176217
21680	0.3541733556860201	0.3544526786673988	0.2913739656465811
21681	0.35242204405446786	0.35405449046339343	0.29352346548213865
21682	0.28239695361418843	0.3633566773877726	0.354246368998039
21683	0.35450379908643453	0.3560819858006515	0.28941421511291393
21684	0.3541733556860201	0.3544526786673988	0.2913739656465811
21685	0.3541733556860201	0.3544526786673988	0.2913739656465811
21686	0.32806176073970444	0.3283204905047051	0.3436177487555906
21687	0.32806176073970444	0.3283204905047051	0.3436177487555906
21688	0.2828341145641107	0.36231380574245675	0.3548520796934325
21689	0.3541733556860201	0.3544526786673988	0.2913739656465811
21690	0.3541733556860201	0.3544526786673988	0.2913739656465811
21691	0.3541733556860201	0.3544526786673988	0.2913739656465811
21692	0.2889154028602769	0.37295201255122173	0.3381325845885013
21693	0.2834870728438186	0.3604673781759051	0.35604554898027646
21694	0.3541733556860201	0.3544526786673988	0.2913739656465811
21695	0.3541733556860201	0.3544526786673988	0.2913739656465811
21696	0.33879742386199924	0.3824781964246102	0.2787243797133905
21697	0.3541733556860201	0.3544526786673988	0.2913739656465811
21698	0.35327142382819277	0.35431439239396556	0.2924141837778417
21699	0.35327142382819277	0.35431439239396556	0.2924141837778417
21700	0.32956707571825056	0.3537105136947453	0.3167224105870041
21701	0.3541733556860201	0.3544526786673988	0.2913739656465811
21702	0.3021874565508359	0.3540179299971768	0.34379461345198725
21703	0.3398357730903942	0.35403034029115205	0.30613388661845375
21704	0.35334859236027444	0.35444354527336036	0.2922078623663652
21705	0.2819005604944506	0.3627163849459295	0.3553830545596198
21706	0.35334859236027444	0.35444354527336036	0.2922078623663652
21707	0.35327142382819277	0.35431439239396556	0.2924141837778417
21708	0.28239695361418843	0.3633566773877726	0.354246368998039
21709	0.28239695361418843	0.3633566773877726	0.354246368998039
21710	0.3533647256427294	0.35398518451202476	0.2926500898452458
21711	0.3541733556860201	0.3544526786673988	0.2913739656465811
21712	0.35301427360325577	0.3539718179907696	0.2930139084059747
21713	0.3541733556860201	0.3544526786673988	0.2913739656465811
21714	0.3541733556860201	0.3544526786673988	0.2913739656465811
21715	0.35331855178881855	0.35288748943869863	0.29379395877248277
21716	0.3478656245066227	0.34813997282163955	0.3039944026717379
21717	0.3541733556860201	0.3544526786673988	0.2913739656465811
21718	0.3534430435439365	0.3542926565277311	0.29226429992833247
21719	0.2562583105399081	0.32047799450146247	0.4232636949586293
21720	0.34123126831467565	0.36054671324789095	0.29822201843743334
21721	0.34123126831467565	0.36054671324789095	0.29822201843743334
21722	0.3525671934169446	0.3538959146986526	0.29353689188440274
21723	0.3525671934169446	0.3538959146986526	0.29353689188440274
21724	0.3530008534504833	0.3533865731791573	0.2936125733703594
21725	0.30289602307521246	0.36812286907291475	0.32898110785187284
21726	0.3748132380046246	0.35852860933927133	0.26665815265610415
21727	0.3527557580954848	0.3533050679692629	0.2939391739352522
21728	0.3533319503703241	0.35293940275247415	0.29372864687720185
21729	0.35378579465897414	0.35362865955606027	0.2925855457849655
21730	0.2821663153897928	0.36144876334124926	0.356384921268958
21731	0.35371064746462183	0.35323374088714327	0.29305561164823496
21732	0.34468040491618457	0.3663313677309662	0.28898822735284935
21733	0.3541733556860201	0.3544526786673988	0.2913739656465811
21734	0.3541733556860201	0.3544526786673988	0.2913739656465811
21735	0.3541733556860201	0.3544526786673988	0.2913739656465811
21736	0.284051014490372	0.36274168329121104	0.353207302218417
21737	0.27206985271471823	0.35822331476347063	0.3697068325218112
21738	0.3533334531070496	0.3475760473568726	0.29909049953607775
21739	0.3541733556860201	0.3544526786673988	0.2913739656465811
21740	0.3541733556860201	0.3544526786673988	0.2913739656465811
21741	0.3405243187796547	0.3619278176588263	0.297547863561519
21742	0.3541733556860201	0.3544526786673988	0.2913739656465811
21743	0.35252551630724227	0.35559450473272053	0.2918799789600371
21744	0.32813083485882144	0.32838961909993825	0.34347954604124026
21745	0.3541733556860201	0.3544526786673988	0.2913739656465811
21746	0.3541733556860201	0.3544526786673988	0.2913739656465811
21747	0.35130213247468006	0.35335775772829575	0.29534010979702424
21748	0.27123779112664065	0.36749440549080115	0.3612678033825582
21749	0.34129992310541984	0.3605032587401078	0.2981968181544723
21750	0.3021874565508359	0.3540179299971768	0.34379461345198725
21751	0.35344685399504144	0.3542763964039051	0.29227674960105343
21752	0.3541733556860201	0.3544526786673988	0.2913739656465811
21753	0.3534558270111916	0.353199370008525	0.2933448029802833
21754	0.35344685399504144	0.3542763964039051	0.29227674960105343
21755	0.18019518192738185	0.3738267634398017	0.44597805463281653
21756	0.3533647256427294	0.35398518451202476	0.2926500898452458
21757	0.3533647256427294	0.35398518451202476	0.2926500898452458
21758	0.35242204405446786	0.35405449046339343	0.29352346548213865
21759	0.2850869966040258	0.3476016608951827	0.3673113425007915
21760	0.3524293518933947	0.3745926928960367	0.2729779552105687
21761	0.3680795510147815	0.3468204630755701	0.2850999859096484
21762	0.35450379908643453	0.3560819858006515	0.28941421511291393
21763	0.2834870728438186	0.3604673781759051	0.35604554898027646
21764	0.3541733556860201	0.3544526786673988	0.2913739656465811
21765	0.3541733556860201	0.3544526786673988	0.2913739656465811
21766	0.3394888901374255	0.3797336876524211	0.28077742221015334
21767	0.3541733556860201	0.3544526786673988	0.2913739656465811
21768	0.3541733556860201	0.3544526786673988	0.2913739656465811
21769	0.3541733556860201	0.3544526786673988	0.2913739656465811
21770	0.3541733556860201	0.3544526786673988	0.2913739656465811
21771	0.35327142382819277	0.35431439239396556	0.2924141837778417
21772	0.2827873762308726	0.3651908517994772	0.3520217719696502
21773	0.3541733556860201	0.3544526786673988	0.2913739656465811
21774	0.34468040491618457	0.3663313677309662	0.28898822735284935
21775	0.3541733556860201	0.3544526786673988	0.2913739656465811
21776	0.35785343910704864	0.3432996498765348	0.29884691101641675
21777	0.3541733556860201	0.3544526786673988	0.2913739656465811
21778	0.33879742386199924	0.3824781964246102	0.2787243797133905
21779	0.3541733556860201	0.3544526786673988	0.2913739656465811
21780	0.2824714012978888	0.3631115958033943	0.35441700289871686
21781	0.33073377524906344	0.3623401259137342	0.3069260988372024
21782	0.3541733556860201	0.3544526786673988	0.2913739656465811
21783	0.3541733556860201	0.3544526786673988	0.2913739656465811
21784	0.3534430435439365	0.3542926565277311	0.29226429992833247
21785	0.3541733556860201	0.3544526786673988	0.2913739656465811
21786	0.3541733556860201	0.3544526786673988	0.2913739656465811
21787	0.35301427360325577	0.3539718179907696	0.2930139084059747
21788	0.3182328170810467	0.31999622751691753	0.3617709554020357
21789	0.3541733556860201	0.3544526786673988	0.2913739656465811
21790	0.3541733556860201	0.3544526786673988	0.2913739656465811
21791	0.3748132380046246	0.35852860933927133	0.26665815265610415
21792	0.3748132380046246	0.35852860933927133	0.26665815265610415
21793	0.3541733556860201	0.3544526786673988	0.2913739656465811
21794	0.3541733556860201	0.3544526786673988	0.2913739656465811
21795	0.36631025318443095	0.34589871854024634	0.2877910282753228
21796	0.3528234147186263	0.35375173028900253	0.29342485499237114
21797	0.35301427360325577	0.3539718179907696	0.2930139084059747
21798	0.35344685399504144	0.3542763964039051	0.29227674960105343
21799	0.2256438278685503	0.358195235399491	0.41616093673195864
21800	0.3056012325314592	0.3471945635862829	0.34720420388225787
21801	0.3541733556860201	0.3544526786673988	0.2913739656465811
21802	0.3541733556860201	0.3544526786673988	0.2913739656465811
21803	0.3541733556860201	0.3544526786673988	0.2913739656465811
21804	0.35301427360325577	0.3539718179907696	0.2930139084059747
21805	0.3541733556860201	0.3544526786673988	0.2913739656465811
21806	0.35327142382819277	0.35431439239396556	0.2924141837778417
21807	0.35242204405446786	0.35405449046339343	0.29352346548213865
21808	0.3541733556860201	0.3544526786673988	0.2913739656465811
21809	0.35242204405446786	0.35405449046339343	0.29352346548213865
21810	0.3541733556860201	0.3544526786673988	0.2913739656465811
21811	0.36086457250887166	0.3595505882460785	0.2795848392450499
21812	0.3682333622927897	0.34648834569022835	0.2852782920169819
21813	0.3543355181575563	0.352686874393802	0.2929776074486417
21814	0.3541733556860201	0.3544526786673988	0.2913739656465811
21815	0.2815688398576462	0.36215004264779377	0.35628111749456
21816	0.3530784017084532	0.35351582722749647	0.2934057710640504
21817	0.3530784017084532	0.35351582722749647	0.2934057710640504
21818	0.3541733556860201	0.3544526786673988	0.2913739656465811
21819	0.3541733556860201	0.3544526786673988	0.2913739656465811
21820	0.34468040491618457	0.3663313677309662	0.28898822735284935
21821	0.3541733556860201	0.3544526786673988	0.2913739656465811
21822	0.35301427360325577	0.3539718179907696	0.2930139084059747
21823	0.2681854953468058	0.37639420330262924	0.3554203013505649
21824	0.35301427360325577	0.3539718179907696	0.2930139084059747
21825	0.381397064025778	0.3389055802825788	0.2796973556916433
21826	0.3411881237417402	0.38322519526826054	0.2755866809899993
21827	0.3567041718884134	0.35517642402862515	0.28811940408296144
21828	0.3541733556860201	0.3544526786673988	0.2913739656465811
21829	0.2824714012978888	0.3631115958033943	0.35441700289871686
21830	0.3536805369528474	0.35607509649235347	0.2902443665547992
21831	0.35450379908643453	0.3560819858006515	0.28941421511291393
21832	0.3541733556860201	0.3544526786673988	0.2913739656465811
21833	0.35327142382819277	0.35431439239396556	0.2924141837778417
21834	0.2678191512225245	0.3745092398820767	0.3576716088953989
21835	0.3541733556860201	0.3544526786673988	0.2913739656465811
21836	0.3541733556860201	0.3544526786673988	0.2913739656465811
21837	0.2828341145641107	0.36231380574245675	0.3548520796934325
21838	0.3541733556860201	0.3544526786673988	0.2913739656465811
21839	0.282779514621307	0.36243576300154196	0.35478472237715114
21840	0.2644606856351513	0.3797590267366331	0.3557802876282156
21841	0.3326282609361237	0.3557508701856762	0.3116208688782002
21842	0.35327142382819277	0.35431439239396556	0.2924141837778417
21843	0.35327142382819277	0.35431439239396556	0.2924141837778417
21844	0.35334859236027444	0.35444354527336036	0.2922078623663652
21845	0.3541733556860201	0.3544526786673988	0.2913739656465811
21846	0.3541733556860201	0.3544526786673988	0.2913739656465811
21847	0.3541733556860201	0.3544526786673988	0.2913739656465811
21848	0.3541733556860201	0.3544526786673988	0.2913739656465811
21849	0.27707741115264944	0.35358397345790776	0.36933861538944285
21850	0.3541733556860201	0.3544526786673988	0.2913739656465811
21851	0.3534558270111916	0.353199370008525	0.2933448029802833
21852	0.28297074211933493	0.3618833898265768	0.35514586805408827
21853	0.35327142382819277	0.35431439239396556	0.2924141837778417
21854	0.37408964228495745	0.3583936453759993	0.2675167123390431
21855	0.3541733556860201	0.3544526786673988	0.2913739656465811
21856	0.3541733556860201	0.3544526786673988	0.2913739656465811
21857	0.22380041620759264	0.34728602036474576	0.4289135634276616
21858	0.35301427360325577	0.3539718179907696	0.2930139084059747
21859	0.35301427360325577	0.3539718179907696	0.2930139084059747
21860	0.2826565922735948	0.36285158449380955	0.35449182323259565
21861	0.3541733556860201	0.3544526786673988	0.2913739656465811
21862	0.2828341145641107	0.36231380574245675	0.3548520796934325
21863	0.3541733556860201	0.3544526786673988	0.2913739656465811
21864	0.35301427360325577	0.3539718179907696	0.2930139084059747
21865	0.26808771479084653	0.331178979067195	0.40073330614195835
21866	0.3541733556860201	0.3544526786673988	0.2913739656465811
21867	0.3541733556860201	0.3544526786673988	0.2913739656465811
21868	0.3533647256427294	0.35398518451202476	0.2926500898452458
21869	0.3533647256427294	0.35398518451202476	0.2926500898452458
21870	0.33879742386199924	0.3824781964246102	0.2787243797133905
21871	0.3527557580954848	0.3533050679692629	0.2939391739352522
21872	0.34468040491618457	0.3663313677309662	0.28898822735284935
21873	0.3541733556860201	0.3544526786673988	0.2913739656465811
21874	0.33879742386199924	0.3824781964246102	0.2787243797133905
21875	0.3541733556860201	0.3544526786673988	0.2913739656465811
21876	0.34067235817495656	0.3601357583903825	0.299191883434661
21877	0.2827280922090158	0.36033213975368966	0.35693976803729444
21878	0.35334859236027444	0.35444354527336036	0.2922078623663652
21879	0.282779514621307	0.36243576300154196	0.35478472237715114
21880	0.33334590795855296	0.35596412631103935	0.3106899657304077
21881	0.3541733556860201	0.3544526786673988	0.2913739656465811
21882	0.2824714012978888	0.3631115958033943	0.35441700289871686
21883	0.3478656245066227	0.34813997282163955	0.3039944026717379
21884	0.28297074211933493	0.3618833898265768	0.35514586805408827
21885	0.3269139447146882	0.31923682153547517	0.3538492337498367
21886	0.2620730823382083	0.3668977418471724	0.37102917581461936
21887	0.2242937466811152	0.3679794969976403	0.4077267563212445
21888	0.3541733556860201	0.3544526786673988	0.2913739656465811
21889	0.35378579465897414	0.35362865955606027	0.2925855457849655
21890	0.3541733556860201	0.3544526786673988	0.2913739656465811
21891	0.3534430435439365	0.3542926565277311	0.29226429992833247
21892	0.3541733556860201	0.3544526786673988	0.2913739656465811
21893	0.33810544391558855	0.3823130149960917	0.2795815410883196
21894	0.3534430435439365	0.3542926565277311	0.29226429992833247
21895	0.3541733556860201	0.3544526786673988	0.2913739656465811
21896	0.3196544144373794	0.361633705955777	0.31871187960684366
21897	0.35301427360325577	0.3539718179907696	0.2930139084059747
21898	0.3534430435439365	0.3542926565277311	0.29226429992833247
21899	0.3541733556860201	0.3544526786673988	0.2913739656465811
21900	0.35090053120742465	0.3536155788332601	0.2954838899593153
21901	0.3739431787989195	0.359695734770026	0.26636108643105455
21902	0.2826565922735948	0.36285158449380955	0.35449182323259565
21903	0.35344685399504144	0.3542763964039051	0.29227674960105343
21904	0.34355186614800337	0.36583383441684897	0.2906142994351476
21905	0.35301427360325577	0.3539718179907696	0.2930139084059747
21906	0.35301427360325577	0.3539718179907696	0.2930139084059747
21907	0.3540666435463267	0.35366301437280884	0.2922703420808645
21908	0.3541733556860201	0.3544526786673988	0.2913739656465811
21909	0.3533647256427294	0.35398518451202476	0.2926500898452458
21910	0.3541733556860201	0.3544526786673988	0.2913739656465811
21911	0.3541733556860201	0.3544526786673988	0.2913739656465811
21912	0.3541733556860201	0.3544526786673988	0.2913739656465811
21913	0.34112738985498015	0.36085726587275646	0.29801534427226334
21914	0.3433734784760823	0.36554551220316883	0.29108100932074893
21915	0.35282804800940554	0.3536899127541489	0.29348203923644556
21916	0.1994460198260356	0.35462943467878394	0.44592454549518046
21917	0.34123126831467565	0.36054671324789095	0.29822201843743334
21918	0.3200677863296072	0.3628961933297113	0.3170360203406814
21919	0.28319488524206327	0.3613906033345997	0.35541451142333697
21920	0.3534558270111916	0.353199370008525	0.2933448029802833
21921	0.3534558270111916	0.353199370008525	0.2933448029802833
21922	0.3541733556860201	0.3544526786673988	0.2913739656465811
21923	0.34789094729358455	0.3481653155797151	0.3039437371267005
21924	0.30132157856693587	0.35376671408767185	0.3449117073453922
21925	0.3541733556860201	0.3544526786673988	0.2913739656465811
21926	0.3188870441999026	0.3606814708540557	0.32043148494604184
21927	0.3541733556860201	0.3544526786673988	0.2913739656465811
21928	0.34112738985498015	0.36085726587275646	0.29801534427226334
21929	0.3541733556860201	0.3544526786673988	0.2913739656465811
21930	0.3541733556860201	0.3544526786673988	0.2913739656465811
21931	0.3530169799854801	0.35214319783097225	0.29483982218354754
21932	0.35334859236027444	0.35444354527336036	0.2922078623663652
21933	0.35334859236027444	0.35444354527336036	0.2922078623663652
21934	0.30879057946423105	0.36235832625014963	0.3288510942856193
21935	0.30879057946423105	0.36235832625014963	0.3288510942856193
21936	0.3541733556860201	0.3544526786673988	0.2913739656465811
21937	0.3541733556860201	0.3544526786673988	0.2913739656465811
21938	0.35433104552112654	0.35377308737622426	0.2918958671026492
21939	0.3541733556860201	0.3544526786673988	0.2913739656465811
21940	0.3541733556860201	0.3544526786673988	0.2913739656465811
21941	0.3541733556860201	0.3544526786673988	0.2913739656465811
21942	0.3541733556860201	0.3544526786673988	0.2913739656465811
21943	0.3537073956710466	0.3454010652441351	0.30089153908481836
21944	0.28322753870166	0.36414579787600765	0.3526266634223323
21945	0.2828341145641107	0.36231380574245675	0.3548520796934325
21946	0.3541733556860201	0.3544526786673988	0.2913739656465811
21947	0.28978365211006146	0.35676957695169714	0.35344677093824145
21948	0.35327142382819277	0.35431439239396556	0.2924141837778417
21949	0.33984824096804084	0.3548166490487893	0.3053351099831699
21950	0.35450379908643453	0.3560819858006515	0.28941421511291393
21951	0.35450379908643453	0.3560819858006515	0.28941421511291393
21952	0.3541733556860201	0.3544526786673988	0.2913739656465811
21953	0.3541733556860201	0.3544526786673988	0.2913739656465811
21954	0.35242204405446786	0.35405449046339343	0.29352346548213865
21955	0.3541733556860201	0.3544526786673988	0.2913739656465811
21956	0.3541733556860201	0.3544526786673988	0.2913739656465811
21957	0.2678191512225245	0.3745092398820767	0.3576716088953989
21958	0.3541733556860201	0.3544526786673988	0.2913739656465811
21959	0.35327142382819277	0.35431439239396556	0.2924141837778417
21960	0.3537792942012945	0.3559075839446579	0.29031312185404756
21961	0.3537792942012945	0.3559075839446579	0.29031312185404756
21962	0.3541733556860201	0.3544526786673988	0.2913739656465811
21963	0.3541733556860201	0.3544526786673988	0.2913739656465811
21964	0.3541733556860201	0.3544526786673988	0.2913739656465811
21965	0.3541733556860201	0.3544526786673988	0.2913739656465811
21966	0.3523049722687712	0.35366381039300315	0.2940312173382258
21967	0.3748132380046246	0.35852860933927133	0.26665815265610415
21968	0.3531634456850694	0.35575851327957897	0.2910780410353515
21969	0.28319488524206327	0.3613906033345997	0.35541451142333697
21970	0.3541733556860201	0.3544526786673988	0.2913739656465811
21971	0.3541733556860201	0.3544526786673988	0.2913739656465811
21972	0.3541733556860201	0.3544526786673988	0.2913739656465811
21973	0.3541733556860201	0.3544526786673988	0.2913739656465811
21974	0.3541733556860201	0.3544526786673988	0.2913739656465811
21975	0.3541733556860201	0.3544526786673988	0.2913739656465811
21976	0.32096650066941396	0.3625189450285088	0.31651455430207726
21977	0.35327142382819277	0.35431439239396556	0.2924141837778417
21978	0.28608217725115703	0.3547044033755554	0.3592134193732875
21979	0.35377494264326265	0.361081046299758	0.28514401105697923
21980	0.2790489980157641	0.36193220139133847	0.3590188005928975
21981	0.35301427360325577	0.3539718179907696	0.2930139084059747
21982	0.28183841176488517	0.3608009656531515	0.3573606225819632
21983	0.3541733556860201	0.3544526786673988	0.2913739656465811
21984	0.33957586796442596	0.360059677791723	0.300364454243851
21985	0.3537073956710466	0.3454010652441351	0.30089153908481836
21986	0.3411932039747909	0.35969601824525116	0.29911077777995787
21987	0.3411932039747909	0.35969601824525116	0.29911077777995787
21988	0.28239695361418843	0.3633566773877726	0.354246368998039
21989	0.35301427360325577	0.3539718179907696	0.2930139084059747
21990	0.34129992310541984	0.3605032587401078	0.2981968181544723
21991	0.3185063368137042	0.3608231710898271	0.3206704920964686
21992	0.33897648311758954	0.38177664972061065	0.27924686716179986
21993	0.35327142382819277	0.35431439239396556	0.2924141837778417
21994	0.2997084709318635	0.3602888598413692	0.3400026692267673
21995	0.3541733556860201	0.3544526786673988	0.2913739656465811
21996	0.3541733556860201	0.3544526786673988	0.2913739656465811
21997	0.30132157856693587	0.35376671408767185	0.3449117073453922
21998	0.3021874565508359	0.3540179299971768	0.34379461345198725
21999	0.3541733556860201	0.3544526786673988	0.2913739656465811
22000	0.3536805369528474	0.35607509649235347	0.2902443665547992
22001	0.3536805369528474	0.35607509649235347	0.2902443665547992
22002	0.28297074211933493	0.3618833898265768	0.35514586805408827
22003	0.28978365211006146	0.35676957695169714	0.35344677093824145
22004	0.3541733556860201	0.3544526786673988	0.2913739656465811
22005	0.3202145086126069	0.32077676024347296	0.3590087311439201
22006	0.3533647256427294	0.35398518451202476	0.2926500898452458
22007	0.3540666435463267	0.35366301437280884	0.2922703420808645
22008	0.29048750632198156	0.35617688824060095	0.3533356054374176
22009	0.35327142382819277	0.35431439239396556	0.2924141837778417
22010	0.2708812417120431	0.36687628554691126	0.3622424727410457
22011	0.2654901688495643	0.38050589170064386	0.3540039394497918
22012	0.35346943227791816	0.3540361459812325	0.2924944217408492
22013	0.3541733556860201	0.3544526786673988	0.2913739656465811
22014	0.2678191512225245	0.3745092398820767	0.3576716088953989
22015	0.3541733556860201	0.3544526786673988	0.2913739656465811
22016	0.28274972074040816	0.36243528376638345	0.35481499549320844
22017	0.26536735953441215	0.3795969365559397	0.35503570390964817
22018	0.2834870728438186	0.3604673781759051	0.35604554898027646
22019	0.3541733556860201	0.3544526786673988	0.2913739656465811
22020	0.3541733556860201	0.3544526786673988	0.2913739656465811
22021	0.34787541298176944	0.3481497690165823	0.3039748180016482
22022	0.3541733556860201	0.3544526786673988	0.2913739656465811
22023	0.3741209892469414	0.35815773499530884	0.2677212757577497
22024	0.3541733556860201	0.3544526786673988	0.2913739656465811
22025	0.35282804800940554	0.3536899127541489	0.29348203923644556
22026	0.353256416329551	0.3531947212286355	0.2935488624418135
22027	0.353256416329551	0.3531947212286355	0.2935488624418135
22028	0.3746717791515695	0.34970112824099053	0.27562709260744006
22029	0.3541733556860201	0.3544526786673988	0.2913739656465811
22030	0.3290836522206363	0.36124144677736275	0.3096749010020009
22031	0.2826565922735948	0.36285158449380955	0.35449182323259565
22032	0.2854937533300046	0.36177305671255555	0.35273318995743985
22033	0.3562955147946357	0.3553527107750094	0.2883517744303548
22034	0.35327142382819277	0.35431439239396556	0.2924141837778417
22035	0.35327142382819277	0.35431439239396556	0.2924141837778417
22036	0.3021874565508359	0.3540179299971768	0.34379461345198725
22037	0.34712957498424235	0.34687770812130164	0.30599271689445606
22038	0.35450379908643453	0.3560819858006515	0.28941421511291393
22039	0.35450379908643453	0.3560819858006515	0.28941421511291393
22040	0.3541733556860201	0.3544526786673988	0.2913739656465811
22041	0.3541733556860201	0.3544526786673988	0.2913739656465811
22042	0.26701729847314026	0.3741952015892627	0.358787499937597
22043	0.35327142382819277	0.35431439239396556	0.2924141837778417
22044	0.3541733556860201	0.3544526786673988	0.2913739656465811
22045	0.3541733556860201	0.3544526786673988	0.2913739656465811
22046	0.3541733556860201	0.3544526786673988	0.2913739656465811
22047	0.3541733556860201	0.3544526786673988	0.2913739656465811
22048	0.3541733556860201	0.3544526786673988	0.2913739656465811
22049	0.3541733556860201	0.3544526786673988	0.2913739656465811
22050	0.3541733556860201	0.3544526786673988	0.2913739656465811
22051	0.2903008666716376	0.3589448985588307	0.35075423476953166
22052	0.35126224081840923	0.3535676750635327	0.29517008411805806
22053	0.3541733556860201	0.3544526786673988	0.2913739656465811
22054	0.2683146035146517	0.3591372260878458	0.37254817039750243
22055	0.33849003755169016	0.3532112077295257	0.30829875471878415
22056	0.22121647669928046	0.35102188902221143	0.427761634278508
22057	0.282451015353165	0.3610184407626179	0.35653054388421707
22058	0.34056995573007703	0.3550173475082348	0.3044126967616881
22059	0.2821962147427498	0.3591539874422842	0.3586497978149659
22060	0.3537073956710466	0.3454010652441351	0.30089153908481836
22061	0.28239695361418843	0.3633566773877726	0.354246368998039
22062	0.28238777193558495	0.363373558134757	0.35423866992965813
22063	0.21915879098573143	0.36173777194286305	0.41910343707140546
22064	0.28180437727485985	0.36254901874896556	0.3556466039761746
22065	0.28319488524206327	0.3613906033345997	0.35541451142333697
22066	0.3541733556860201	0.3544526786673988	0.2913739656465811
22067	0.34596443144152694	0.34746271426581155	0.3065728542926615
22068	0.35344685399504144	0.3542763964039051	0.29227674960105343
22069	0.35344685399504144	0.3542763964039051	0.29227674960105343
22070	0.2621942982330931	0.33742580761104274	0.4003798941558641
22071	0.3541733556860201	0.3544526786673988	0.2913739656465811
22072	0.3541733556860201	0.3544526786673988	0.2913739656465811
22073	0.2828341145641107	0.36231380574245675	0.3548520796934325
22074	0.3541733556860201	0.3544526786673988	0.2913739656465811
22075	0.22645994639150882	0.35474517538448985	0.4187948782240013
22076	0.28319488524206327	0.3613906033345997	0.35541451142333697
22077	0.35346943227791816	0.3540361459812325	0.2924944217408492
22078	0.3464685243613734	0.34934743635267645	0.3041840392859501
22079	0.2826565922735948	0.36285158449380955	0.35449182323259565
22080	0.3541733556860201	0.3544526786673988	0.2913739656465811
22081	0.3541733556860201	0.3544526786673988	0.2913739656465811
22082	0.2799667762020665	0.3611053478212862	0.35892787597664727
22083	0.3513053365283814	0.3532520103602281	0.2954426531113905
22084	0.3541733556860201	0.3544526786673988	0.2913739656465811
22085	0.3541733556860201	0.3544526786673988	0.2913739656465811
22086	0.3541733556860201	0.3544526786673988	0.2913739656465811
22087	0.3541733556860201	0.3544526786673988	0.2913739656465811
22088	0.28235887810025584	0.3611027594007407	0.35653836249900334
22089	0.3541733556860201	0.3544526786673988	0.2913739656465811
22090	0.3541733556860201	0.3544526786673988	0.2913739656465811
22091	0.30056493589814703	0.3605389763409385	0.3388960877609144
22092	0.3541733556860201	0.3544526786673988	0.2913739656465811
22093	0.3541733556860201	0.3544526786673988	0.2913739656465811
22094	0.3536588969078433	0.35344548228089057	0.29289562081126613
22095	0.35433104552112654	0.35377308737622426	0.2918958671026492
22096	0.3541733556860201	0.3544526786673988	0.2913739656465811
22097	0.3541733556860201	0.3544526786673988	0.2913739656465811
22098	0.35242204405446786	0.35405449046339343	0.29352346548213865
22099	0.33879742386199924	0.3824781964246102	0.2787243797133905
22100	0.30056493589814703	0.3605389763409385	0.3388960877609144
22101	0.2826565922735948	0.36285158449380955	0.35449182323259565
22102	0.3541733556860201	0.3544526786673988	0.2913739656465811
22103	0.3541733556860201	0.3544526786673988	0.2913739656465811
22104	0.3541733556860201	0.3544526786673988	0.2913739656465811
22105	0.3541733556860201	0.3544526786673988	0.2913739656465811
22106	0.339346808604309	0.3407415903090123	0.31991160108667865
22107	0.2533120128397453	0.3656044940620863	0.3810834930981684
22108	0.30148367206624416	0.35376344733809956	0.3447528805956564
22109	0.31990267720981924	0.36032790554106314	0.31976941724911767
22110	0.3301051491734018	0.36309418498740115	0.3068006658391971
22111	0.3301051491734018	0.36309418498740115	0.3068006658391971
22112	0.3541733556860201	0.3544526786673988	0.2913739656465811
22113	0.35433104552112654	0.35377308737622426	0.2918958671026492
22114	0.34399681633860657	0.36590243681956885	0.2901007468418246
22115	0.3541733556860201	0.3544526786673988	0.2913739656465811
22116	0.3533647256427294	0.35398518451202476	0.2926500898452458
22117	0.3533647256427294	0.35398518451202476	0.2926500898452458
22118	0.35301427360325577	0.3539718179907696	0.2930139084059747
22119	0.35301427360325577	0.3539718179907696	0.2930139084059747
22120	0.3541733556860201	0.3544526786673988	0.2913739656465811
22121	0.3541733556860201	0.3544526786673988	0.2913739656465811
22122	0.3541733556860201	0.3544526786673988	0.2913739656465811
22123	0.3541733556860201	0.3544526786673988	0.2913739656465811
22124	0.3526222732268546	0.35426575127145754	0.2931119755016878
22125	0.3526222732268546	0.35426575127145754	0.2931119755016878
22126	0.3541733556860201	0.3544526786673988	0.2913739656465811
22127	0.3541733556860201	0.3544526786673988	0.2913739656465811
22128	0.2584245618028448	0.32859919612859984	0.41297624206855543
22129	0.32813083485882144	0.32838961909993825	0.34347954604124026
22130	0.3541733556860201	0.3544526786673988	0.2913739656465811
22131	0.3541733556860201	0.3544526786673988	0.2913739656465811
22132	0.28319488524206327	0.3613906033345997	0.35541451142333697
22133	0.3541733556860201	0.3544526786673988	0.2913739656465811
22134	0.2529590955106927	0.3666800196793259	0.3803608848099814
22135	0.3541733556860201	0.3544526786673988	0.2913739656465811
22136	0.291138073709005	0.3633220285924468	0.3455398976985482
22137	0.35450379908643453	0.3560819858006515	0.28941421511291393
22138	0.35334859236027444	0.35444354527336036	0.2922078623663652
22139	0.2828341145641107	0.36231380574245675	0.3548520796934325
22140	0.3541733556860201	0.3544526786673988	0.2913739656465811
22141	0.34468040491618457	0.3663313677309662	0.28898822735284935
22142	0.3541733556860201	0.3544526786673988	0.2913739656465811
22143	0.28194518414303343	0.362147665215072	0.35590715064189465
22144	0.28194518414303343	0.362147665215072	0.35590715064189465
22145	0.35327142382819277	0.35431439239396556	0.2924141837778417
22146	0.3609580979317598	0.3593989324977486	0.2796429695704916
22147	0.3541733556860201	0.3544526786673988	0.2913739656465811
22148	0.3541733556860201	0.3544526786673988	0.2913739656465811
22149	0.2678191512225245	0.3745092398820767	0.3576716088953989
22150	0.3541733556860201	0.3544526786673988	0.2913739656465811
22151	0.3541733556860201	0.3544526786673988	0.2913739656465811
22152	0.2678191512225245	0.3745092398820767	0.3576716088953989
22153	0.3541733556860201	0.3544526786673988	0.2913739656465811
22154	0.2471802128466019	0.37989119528889975	0.3729285918644982
22155	0.3541733556860201	0.3544526786673988	0.2913739656465811
22156	0.35578559543655414	0.35435054814367395	0.2898638564197718
22157	0.34468040491618457	0.3663313677309662	0.28898822735284935
22158	0.3541733556860201	0.3544526786673988	0.2913739656465811
22159	0.31479186231777534	0.3555449356646029	0.3296632020176217
22160	0.35327142382819277	0.35431439239396556	0.2924141837778417
22161	0.2834870728438186	0.3604673781759051	0.35604554898027646
22162	0.3541733556860201	0.3544526786673988	0.2913739656465811
22163	0.35344685399504144	0.3542763964039051	0.29227674960105343
22164	0.34468040491618457	0.3663313677309662	0.28898822735284935
22165	0.3541733556860201	0.3544526786673988	0.2913739656465811
22166	0.3541733556860201	0.3544526786673988	0.2913739656465811
22167	0.3533647256427294	0.35398518451202476	0.2926500898452458
22168	0.3533647256427294	0.35398518451202476	0.2926500898452458
22169	0.3541733556860201	0.3544526786673988	0.2913739656465811
22170	0.35450379908643453	0.3560819858006515	0.28941421511291393
22171	0.28235887810025584	0.3611027594007407	0.35653836249900334
22172	0.3541733556860201	0.3544526786673988	0.2913739656465811
22173	0.35450379908643453	0.3560819858006515	0.28941421511291393
22174	0.3533647256427294	0.35398518451202476	0.2926500898452458
22175	0.34056995573007703	0.3550173475082348	0.3044126967616881
22176	0.31983957740795904	0.36194055432058225	0.3182198682714587
22177	0.3305732874751418	0.3152838459980333	0.35414286652682503
22178	0.3209978094733825	0.3749593608032308	0.3040428297233867
22179	0.3301051491734018	0.36309418498740115	0.3068006658391971
22180	0.3541733556860201	0.3544526786673988	0.2913739656465811
22181	0.3534430435439365	0.3542926565277311	0.29226429992833247
22182	0.3541733556860201	0.3544526786673988	0.2913739656465811
22183	0.35301427360325577	0.3539718179907696	0.2930139084059747
22184	0.35301427360325577	0.3539718179907696	0.2930139084059747
22185	0.3541733556860201	0.3544526786673988	0.2913739656465811
22186	0.2828341145641107	0.36231380574245675	0.3548520796934325
22187	0.3541733556860201	0.3544526786673988	0.2913739656465811
22188	0.3541733556860201	0.3544526786673988	0.2913739656465811
22189	0.2816980017211636	0.351614094593872	0.3666879036849645
22190	0.3541733556860201	0.3544526786673988	0.2913739656465811
22191	0.3532074296663943	0.3538048407838581	0.29298772954974767
22192	0.3541733556860201	0.3544526786673988	0.2913739656465811
22193	0.3617396729261157	0.3649356468036097	0.2733246802702746
22194	0.3541733556860201	0.3544526786673988	0.2913739656465811
22195	0.2819827978086184	0.3618015441411844	0.3562156580501972
22196	0.2819827978086184	0.3618015441411844	0.3562156580501972
22197	0.339346808604309	0.3407415903090123	0.31991160108667865
22198	0.21273518903406963	0.3754531834171158	0.4118116275488145
22199	0.2893869308822354	0.36552479320156916	0.3450882759161955
22200	0.3541733556860201	0.3544526786673988	0.2913739656465811
22201	0.3541733556860201	0.3544526786673988	0.2913739656465811
22202	0.3393225208734034	0.33959709353837797	0.3210803855882185
22203	0.282779514621307	0.36243576300154196	0.35478472237715114
22204	0.2784359989281555	0.3594354559251346	0.3621285451467099
22205	0.3574302258975789	0.3553460527602777	0.2872237213421434
22206	0.3534430435439365	0.3542926565277311	0.29226429992833247
22207	0.23829824119195753	0.3475312598094283	0.41417049899861413
22208	0.3541733556860201	0.3544526786673988	0.2913739656465811
22209	0.3534430435439365	0.3542926565277311	0.29226429992833247
22210	0.3541733556860201	0.3544526786673988	0.2913739656465811
22211	0.2678191512225245	0.3745092398820767	0.3576716088953989
22212	0.2883738647339153	0.3580705630023932	0.3535555722636914
22213	0.3541733556860201	0.3544526786673988	0.2913739656465811
22214	0.3682333622927897	0.34648834569022835	0.2852782920169819
22215	0.35203182384360804	0.35347856789299786	0.2944896082633941
22216	0.35203182384360804	0.35347856789299786	0.2944896082633941
22217	0.22645994639150882	0.35474517538448985	0.4187948782240013
22218	0.28319488524206327	0.3613906033345997	0.35541451142333697
22219	0.31083126208036754	0.3635370596564637	0.32563167826316874
22220	0.34061617638887803	0.34121425059473304	0.3181695730163889
22221	0.3541733556860201	0.3544526786673988	0.2913739656465811
22222	0.28238777193558495	0.363373558134757	0.35423866992965813
22223	0.3541733556860201	0.3544526786673988	0.2913739656465811
22224	0.30977384243611944	0.3584822237813206	0.33174393378255984
22225	0.2678191512225245	0.3745092398820767	0.3576716088953989
22226	0.3541733556860201	0.3544526786673988	0.2913739656465811
22227	0.2815641197255816	0.3630683219136757	0.35536755836074274
22228	0.3541733556860201	0.3544526786673988	0.2913739656465811
22229	0.3541733556860201	0.3544526786673988	0.2913739656465811
22230	0.3682333622927897	0.34648834569022835	0.2852782920169819
22231	0.3541733556860201	0.3544526786673988	0.2913739656465811
22232	0.3541733556860201	0.3544526786673988	0.2913739656465811
22233	0.3541733556860201	0.3544526786673988	0.2913739656465811
22234	0.3541733556860201	0.3544526786673988	0.2913739656465811
22235	0.3541733556860201	0.3544526786673988	0.2913739656465811
22236	0.3541733556860201	0.3544526786673988	0.2913739656465811
22237	0.3375348504728668	0.33141721349761905	0.33104793602951404
22238	0.3541733556860201	0.3544526786673988	0.2913739656465811
22239	0.3377085513951332	0.38198181276691623	0.2803096358379505
22240	0.2910376792124503	0.3588491937868594	0.3501131270006903
22241	0.28319488524206327	0.3613906033345997	0.35541451142333697
22242	0.3541733556860201	0.3544526786673988	0.2913739656465811
22243	0.28251518435545564	0.36110506626410926	0.3563797493804351
22244	0.3541733556860201	0.3544526786673988	0.2913739656465811
22245	0.3541733556860201	0.3544526786673988	0.2913739656465811
22246	0.3540245219142912	0.3533050131215448	0.29267046496416405
22247	0.3540245219142912	0.3533050131215448	0.29267046496416405
22248	0.3285043763189438	0.3541234675880134	0.31737215609304287
22249	0.2834870728438186	0.3604673781759051	0.35604554898027646
22250	0.35252608796382123	0.34490924686715874	0.3025646651690201
22251	0.35344685399504144	0.3542763964039051	0.29227674960105343
