40860	0.15	0.42	0.43
40861	0.29	0.52	0.19
40862	0.41	0.44	0.15
40863	0.47	0.39	0.14
40864	0.13	0.32	0.55
40865	0.17	0.66	0.17
40866	0.33	0.64	0.03
40867	0.11	0.17	0.72
40868	0.47	0.4	0.13
40869	0.05	0.77	0.18
40870	0.38	0.55	0.07
40871	0.44	0.47	0.09
40872	0.19	0.71	0.1
40873	0.45	0.49	0.06
40874	0.69	0.1	0.21
40875	0.51	0.45	0.04
40876	0.05	0.22	0.73
40877	0.3	0.6	0.1
40878	0.44	0.44	0.12
40879	0.37	0.58	0.05
40880	0.27	0.68	0.05
40881	0.09	0.77	0.14
40882	0.1	0.41	0.49
40883	0.16	0.72	0.12
40884	0.24	0.66	0.1
40885	0.53	0.29	0.18
40886	0.4	0.14	0.46
40887	0.28	0.65	0.07
40888	0.11	0.79	0.1
40889	0.22	0.74	0.04
40890	0.06	0.86	0.08
40891	0.3	0.66	0.04
40892	0.26	0.71	0.03
40893	0.08	0.33	0.59
40894	0.57	0.29	0.14
40895	0.34	0.25	0.41
40896	0.77	0.18	0.05
40897	0.14	0.82	0.04
40898	0.2	0.69	0.11
40899	0.45	0.52	0.03
40900	0.13	0.49	0.38
40901	0.36	0.6	0.04
40902	0.09	0.87	0.04
40903	0.43	0.52	0.05
40904	0.34	0.57	0.09
40905	0.49	0.41	0.1
40906	0.25	0.48	0.27
40907	0.25	0.61	0.14
40908	0.32	0.62	0.06
40909	0.23	0.33	0.44
40910	0.24	0.66	0.1
40911	0.54	0.3	0.16
40912	0.37	0.55	0.08
40913	0.16	0.72	0.12
40914	0.09	0.4	0.51
40915	0.41	0.27	0.32
40916	0.13	0.85	0.02
40917	0.35	0.56	0.09
40918	0.34	0.63	0.03
40919	0.38	0.44	0.18
40920	0.26	0.58	0.16
40921	0.19	0.72	0.09
40922	0.27	0.61	0.12
40923	0.3	0.61	0.09
40924	0.21	0.7	0.09
40925	0.25	0.6	0.15
40926	0.11	0.56	0.33
40927	0.23	0.53	0.24
40928	0.19	0.79	0.02
40929	0.22	0.74	0.04
40930	0.18	0.78	0.04
40931	0.58	0.33	0.09
40932	0.35	0.62	0.03
40933	0.13	0.11	0.76
40934	0.37	0.41	0.22
40935	0.61	0.3	0.09
40936	0.37	0.34	0.29
40937	0.43	0.31	0.26
40938	0.27	0.61	0.12
40939	0.28	0.45	0.27
40940	0.08	0.28	0.64
40941	0.44	0.32	0.24
40942	0.25	0.74	0.01
40943	0.43	0.38	0.19
40944	0.16	0.69	0.15
40945	0.49	0.41	0.1
40946	0.37	0.55	0.08
40947	0.55	0.3	0.15
40948	0.46	0.44	0.1
40949	0.09	0.43	0.48
40950	0.18	0.8	0.02
40951	0.06	0.8	0.14
40952	0.41	0.45	0.14
40953	0.26	0.73	0.01
40954	0.12	0.84	0.04
40955	0.37	0.15	0.48
40956	0.38	0.34	0.28
40957	0.15	0.7	0.15
40958	0.17	0.55	0.28
40959	0.33	0.65	0.02
40960	0.41	0.49	0.1
40961	0.19	0.28	0.53
40962	0.22	0.34	0.44
40963	0.14	0.84	0.02
40964	0.2	0.66	0.14
40965	0.45	0.46	0.09
40966	0.4	0.53	0.07
40967	0.03	0.52	0.45
40968	0.25	0.74	0.01
40969	0.12	0.87	0.01
40970	0.22	0.17	0.61
40971	0.24	0.7	0.06
40972	0.29	0.62	0.09
40973	0.27	0.41	0.32
40974	0.24	0.56	0.2
40975	0.57	0.34	0.09
40976	0.23	0.65	0.12
40977	0.45	0.33	0.22
40978	0.14	0.76	0.1
40979	0.16	0.11	0.73
40980	0.19	0.6	0.21
40981	0.36	0.63	0.01
40982	0.06	0.63	0.31
40983	0.27	0.6	0.13
40984	0.21	0.42	0.37
40985	0.35	0.5	0.15
40986	0.34	0.2	0.46
40987	0.43	0.47	0.1
40988	0.12	0.37	0.51
40989	0.18	0.69	0.13
40990	0.28	0.6	0.12
40991	0.1	0.73	0.17
40992	0.52	0.39	0.09
40993	0.47	0.38	0.15
40994	0.07	0.22	0.71
40995	0.41	0.5	0.09
40996	0.28	0.53	0.19
40997	0.5	0.43	0.07
40998	0.56	0.32	0.12
40999	0.28	0.24	0.48
41000	0.2	0.74	0.06
41001	0.53	0.38	0.09
41002	0.39	0.3	0.31
41003	0.33	0.61	0.06
41004	0.27	0.61	0.12
41005	0.16	0.72	0.12
41006	0.54	0.33	0.13
41007	0.37	0.58	0.05
41008	0.33	0.42	0.25
41009	0.25	0.42	0.33
41010	0.32	0.48	0.2
41011	0.27	0.67	0.06
41012	0.61	0.28	0.11
41013	0.33	0.25	0.42
41014	0.26	0.6	0.14
41015	0.4	0.47	0.13
41016	0.38	0.53	0.09
41017	0.55	0.29	0.16
41018	0.51	0.43	0.06
41019	0.15	0.41	0.44
41020	0.62	0.27	0.11
41021	0.03	0.65	0.32
41022	0.44	0.48	0.08
41023	0.13	0.13	0.74
41024	0.14	0.31	0.55
41025	0.36	0.49	0.15
41026	0.38	0.54	0.08
41027	0.23	0.32	0.45
41028	0.25	0.62	0.13
41029	0.25	0.62	0.13
41030	0.3	0.49	0.21
41031	0.2	0.21	0.59
41032	0.37	0.15	0.48
41033	0.17	0.38	0.45
41034	0.19	0.6	0.21
41035	0.5	0.4	0.1
41036	0.31	0.55	0.14
41037	0.46	0.43	0.11
41038	0.18	0.59	0.23
41039	0.53	0.37	0.1
41040	0.34	0.33	0.33
41041	0.12	0.17	0.71
41042	0.11	0.75	0.14
41043	0.15	0.75	0.1
41044	0.38	0.57	0.05
41045	0.27	0.63	0.1
41046	0.3	0.26	0.44
41047	0.44	0.51	0.05
41048	0.58	0.34	0.08
41049	0.29	0.61	0.1
41050	0.17	0.76	0.07
41051	0.49	0.47	0.04
41052	0.43	0.5	0.07
41053	0.43	0.54	0.03
41054	0.12	0.84	0.04
41055	0.19	0.57	0.24
41056	0.25	0.58	0.17
41057	0.32	0.22	0.46
41058	0.37	0.52	0.11
41059	0.56	0.32	0.12
41060	0.25	0.68	0.07
41061	0.29	0.29	0.42
41062	0.11	0.31	0.58
41063	0.62	0.27	0.11
41064	0.31	0.51	0.18
41065	0.24	0.64	0.12
41066	0.07	0.56	0.37
41067	0.09166666666666666	0.3883333333333333	0.52
41068	0.4216666666666667	0.4883333333333333	0.09
41069	0.5	0.48	0.02
41070	0.1	0.31	0.59
41071	0.62	0.27	0.11
41072	0.5	0.48	0.02
41073	0.11	0.58	0.31
41074	0.13	0.85	0.02
41075	0.36	0.6	0.04
41076	0.57	0.23	0.2
41077	0.29	0.71	0.0
41078	0.27	0.57	0.16
41079	0.59	0.32	0.09
41080	0.2	0.67	0.13
41081	0.43	0.13	0.44
41082	0.75	0.18	0.07
41083	0.1	0.83	0.07
41084	0.44	0.48	0.08
41085	0.17	0.7	0.13
41086	0.39	0.58	0.03
41087	0.12	0.18	0.7
41088	0.13	0.48	0.39
41089	0.43	0.33	0.24
41090	0.06	0.93	0.01
41091	0.23	0.66	0.11
41092	0.28	0.34	0.38
41093	0.37	0.54	0.09
41094	0.28	0.56	0.16
41095	0.31	0.5	0.19
41096	0.06	0.6	0.34
41097	0.43	0.5	0.07
41098	0.19	0.77	0.04
41099	0.49	0.41	0.1
41100	0.37	0.15	0.48
41101	0.15	0.11	0.74
41102	0.1	0.75	0.15
41103	0.48	0.38	0.14
41104	0.3	0.58	0.12
41105	0.43	0.47	0.1
41106	0.63	0.27	0.1
41107	0.13	0.64	0.23
41108	0.01	0.28	0.71
41109	0.16	0.71	0.13
41110	0.44	0.48	0.08
41111	0.42	0.46	0.12
41112	0.11	0.88	0.01
41113	0.25	0.72	0.03
41114	0.54	0.42	0.04
41115	0.57	0.37	0.06
41116	0.27	0.46	0.27
41117	0.16	0.13	0.71
41118	0.45	0.48	0.07
41119	0.38	0.55	0.07
41120	0.56	0.3	0.14
41121	0.11	0.77	0.12
41122	0.54	0.36	0.1
41123	0.14	0.74	0.12
41124	0.38	0.15	0.47
41125	0.16	0.65	0.19
41126	0.14	0.35	0.51
41127	0.59	0.29	0.12
41128	0.37	0.48	0.15
41129	0.26	0.61	0.13
41130	0.09	0.48	0.43
41131	0.24	0.75	0.01
41132	0.25	0.58	0.17
41133	0.24	0.73	0.03
41134	0.54	0.25	0.21
41135	0.22	0.17	0.61
41136	0.38	0.52	0.1
41137	0.51	0.37	0.12
41138	0.42	0.27	0.31
41139	0.22	0.17	0.61
41140	0.5	0.44	0.06
41141	0.18	0.3	0.52
41142	0.51	0.35	0.14
41143	0.12	0.77	0.11
41144	0.1	0.88	0.02
41145	0.35	0.38	0.27
41146	0.52	0.36	0.12
41147	0.3	0.5	0.2
41148	0.45	0.45	0.1
41149	0.47	0.42	0.11
41150	0.29	0.68	0.03
41151	0.33	0.39	0.28
41152	0.13	0.4	0.47
41153	0.39	0.33	0.28
41154	0.22	0.74	0.04
41155	0.1	0.3	0.6
41156	0.04	0.23	0.73
41157	0.24	0.71	0.05
41158	0.25	0.42	0.33
41159	0.56	0.35	0.09
41160	0.59	0.22	0.19
41161	0.34	0.57	0.09
41162	0.28	0.66	0.06
41163	0.1	0.41	0.49
41164	0.34	0.46	0.2
41165	0.11	0.26	0.63
41166	0.55	0.21	0.24
41167	0.55	0.37	0.08
41168	0.52	0.44	0.04
41169	0.61	0.37	0.02
41170	0.54	0.34	0.12
41171	0.46	0.32	0.22
41172	0.18	0.65	0.17
41173	0.2	0.59	0.21
41174	0.39	0.48	0.13
41175	0.43	0.47	0.1
41176	0.27	0.69	0.04
41177	0.29	0.16	0.55
41178	0.2	0.78	0.02
41179	0.23	0.26	0.51
41180	0.42	0.51	0.07
41181	0.04	0.62	0.34
41182	0.16	0.82	0.02
41183	0.14	0.32	0.54
41184	0.08	0.74	0.18
41185	0.41	0.41	0.18
41186	0.79	0.18	0.03
41187	0.16	0.09	0.75
41188	0.18	0.78	0.04
41189	0.42	0.36	0.22
41190	0.26	0.27	0.47
41191	0.12	0.62	0.26
41192	0.39	0.29	0.32
41193	0.18	0.8	0.02
41194	0.11	0.87	0.02
41195	0.25	0.48	0.27
41196	0.25	0.56	0.19
41197	0.19	0.71	0.1
41198	0.37	0.16	0.47
41199	0.28	0.63	0.09
41200	0.04	0.45	0.51
41201	0.05	0.52	0.43
41202	0.26	0.12	0.62
41203	0.37	0.32	0.31
41204	0.44	0.55	0.01
41205	0.17	0.76	0.07
41206	0.37	0.15	0.48
41207	0.26	0.53	0.21
41208	0.14	0.56	0.3
41209	0.27	0.19	0.54
41210	0.15	0.1	0.75
41211	0.27	0.61	0.12
41212	0.18	0.78	0.04
41213	0.05	0.53	0.42
41214	0.18	0.64	0.18
41215	0.04	0.66	0.3
41216	0.39	0.56	0.05
41217	0.46	0.4	0.14
41218	0.03	0.77	0.2
41219	0.3	0.19	0.51
41220	0.09	0.76	0.15
41221	0.22	0.6	0.18
41222	0.23	0.73	0.04
41223	0.26	0.5	0.24
41224	0.24	0.28	0.48
41225	0.21	0.25	0.54
41226	0.19	0.3	0.51
41227	0.16	0.74	0.1
41228	0.28	0.52	0.2
41229	0.36	0.56	0.08
41230	0.67	0.3	0.03
41231	0.5	0.43	0.07
41232	0.05	0.44	0.51
41233	0.32	0.42	0.26
41234	0.15	0.83	0.02
41235	0.14	0.81	0.05
41236	0.31	0.52	0.17
41237	0.36	0.54	0.1
41238	0.41	0.44	0.15
41239	0.25	0.56	0.19
41240	0.63	0.28	0.09
41241	0.36	0.59	0.05
41242	0.35	0.6	0.05
41243	0.5	0.45	0.05
41244	0.22	0.78	0.0
41245	0.13	0.77	0.1
41246	0.07	0.92	0.01
41247	0.21	0.3	0.49
41248	0.22	0.31	0.47
41249	0.27	0.63	0.1
41250	0.22	0.63	0.15
41251	0.21	0.69	0.1
41252	0.1	0.42	0.48
41253	0.37	0.5	0.13
41254	0.27	0.68	0.05
41255	0.1	0.89	0.01
41256	0.17	0.72	0.11
41257	0.36	0.36	0.28
41258	0.2	0.62	0.18
41259	0.12	0.43	0.45
41260	0.05	0.37	0.58
41261	0.36	0.33	0.31
41262	0.38	0.54	0.08
41263	0.23	0.7	0.07
41264	0.05	0.42	0.53
41265	0.33	0.52	0.15
41266	0.1	0.89	0.01
41267	0.12	0.13	0.75
41268	0.2	0.7	0.1
41269	0.31	0.63	0.06
41270	0.13	0.17	0.7
41271	0.18	0.64	0.18
41272	0.36	0.55	0.09
41273	0.58	0.29000000000000004	0.13
41274	0.23	0.72	0.05
41275	0.3	0.59	0.11
41276	0.32	0.61	0.07
41277	0.3	0.66	0.04
41278	0.23	0.64	0.13
41279	0.16	0.08	0.76
41280	0.39	0.55	0.06
41281	0.16	0.39	0.45
41282	0.43	0.47	0.1
41283	0.27	0.72	0.01
41284	0.16	0.1	0.74
41285	0.17	0.6	0.23
41286	0.08	0.88	0.04
41287	0.12	0.71	0.17
41288	0.43	0.27	0.3
41289	0.35	0.18	0.47
41290	0.22	0.73	0.05
41291	0.08	0.29	0.63
41292	0.38	0.37	0.25
41293	0.09	0.44	0.47
41294	0.42	0.5	0.08
41295	0.32	0.63	0.05
41296	0.34	0.64	0.02
41297	0.59	0.26	0.15
41298	0.46	0.4	0.14
41299	0.18	0.7	0.12
41300	0.16	0.45	0.39
41301	0.28	0.54	0.18
41302	0.1	0.74	0.16
41303	0.2	0.79	0.01
41304	0.33	0.42	0.25
41305	0.15	0.69	0.16
41306	0.1	0.3	0.6
41307	0.21	0.67	0.12
41308	0.27	0.65	0.08
41309	0.18	0.55	0.27
41310	0.36	0.59	0.05
41311	0.55	0.35	0.1
41312	0.06	0.81	0.13
41313	0.45	0.4	0.15
41314	0.15	0.09	0.76
41315	0.4	0.37	0.23
41316	0.22	0.72	0.06
41317	0.4	0.5	0.1
41318	0.3	0.55	0.15
41319	0.22	0.58	0.2
41320	0.31	0.18	0.51
41321	0.57	0.3	0.13
41322	0.14	0.69	0.17
41323	0.1	0.75	0.15
41324	0.09	0.45	0.46
41325	0.54	0.38	0.08
41326	0.15	0.11	0.74
41327	0.63	0.27	0.1
41328	0.58	0.34	0.08
41329	0.51	0.32	0.17
41330	0.1	0.35	0.55
41331	0.57	0.33	0.1
41332	0.17	0.71	0.12
41333	0.1	0.89	0.01
41334	0.3	0.54	0.16
41335	0.2	0.7	0.1
41336	0.16	0.3	0.54
41337	0.64	0.31	0.05
41338	0.49	0.45	0.06
41339	0.3	0.38	0.32
41340	0.34	0.57	0.09
41341	0.62	0.28	0.1
41342	0.37	0.53	0.1
41343	0.27	0.7	0.03
41344	0.18	0.1	0.72
41345	0.16	0.72	0.12
41346	0.33	0.53	0.14
41347	0.34	0.6	0.06
41348	0.52	0.44	0.04
41349	0.31	0.54	0.15
41350	0.3	0.19	0.51
41351	0.53	0.3	0.17
41352	0.17	0.69	0.14
41353	0.41	0.46	0.13
41354	0.19	0.67	0.14
41355	0.23	0.55	0.22
41356	0.16	0.1	0.74
41357	0.22	0.72	0.06
41358	0.37	0.15	0.48
41359	0.18	0.72	0.1
41360	0.54	0.37	0.09
41361	0.16	0.08	0.76
41362	0.49	0.46	0.05
41363	0.0	0.25	0.75
41364	0.27	0.53	0.2
41365	0.2	0.69	0.11
41366	0.29	0.56	0.15
41367	0.25	0.7	0.05
41368	0.34	0.48	0.18
41369	0.3	0.61	0.09
41370	0.5	0.39	0.11
41371	0.29	0.29	0.42
41372	0.5	0.35	0.15
41373	0.08	0.48	0.44
41374	0.5	0.37	0.13
41375	0.2	0.63	0.17
41376	0.3	0.65	0.05
41377	0.17	0.83	0.0
41378	0.28	0.68	0.04
41379	0.16	0.72	0.12
41380	0.34	0.61	0.05
41381	0.64	0.21	0.15
41382	0.37	0.52	0.11
41383	0.3	0.61	0.09
41384	0.32	0.49	0.19
41385	0.51	0.45	0.04
41386	0.43	0.37	0.2
41387	0.38	0.37	0.25
41388	0.46	0.4	0.14
41389	0.22	0.72	0.06
41390	0.09	0.6	0.31
41391	0.53	0.39	0.08
41392	0.62	0.27	0.11
41393	0.47	0.47	0.06
41394	0.51	0.42	0.07
41395	0.37	0.15	0.48
41396	0.32	0.64	0.04
41397	0.3	0.67	0.03
41398	0.46	0.46	0.08
41399	0.43	0.42	0.15
41400	0.06	0.85	0.09
41401	0.25	0.61	0.14
41402	0.22	0.67	0.11
41403	0.32	0.63	0.05
41404	0.17	0.81	0.02
41405	0.43	0.46	0.11
41406	0.27	0.61	0.12
41407	0.04	0.21	0.75
41408	0.21	0.53	0.26
41409	0.28	0.45	0.27
41410	0.21	0.61	0.18
41411	0.38	0.51	0.11
41412	0.15	0.1	0.75
41413	0.23	0.61	0.16
41414	0.24	0.61	0.15
41415	0.33	0.61	0.06
41416	0.57	0.34	0.09
41417	0.34	0.58	0.08
41418	0.51	0.39	0.1
41419	0.24	0.68	0.08
41420	0.1	0.87	0.03
41421	0.12	0.63	0.25
41422	0.42	0.14	0.44
41423	0.49	0.36	0.15
41424	0.34	0.57	0.09
41425	0.29	0.63	0.08
41426	0.18	0.82	0.0
41427	0.1	0.76	0.14
41428	0.19	0.72	0.09
41429	0.21	0.7	0.09
41430	0.1	0.89	0.01
41431	0.14	0.74	0.12
41432	0.11	0.76	0.13
41433	0.09	0.17	0.74
41434	0.19	0.76	0.05
41435	0.45	0.55	0.0
41436	0.07	0.49	0.44
41437	0.16	0.65	0.19
41438	0.75	0.24	0.01
41439	0.08	0.34	0.58
41440	0.59	0.31	0.1
41441	0.47	0.46	0.07
41442	0.16	0.36	0.48
41443	0.43	0.51	0.06
41444	0.47	0.37	0.16
41445	0.18	0.74	0.08
41446	0.43	0.48	0.09
41447	0.3	0.52	0.18
41448	0.51	0.36	0.13
41449	0.48	0.42	0.1
41450	0.32	0.53	0.15
41451	0.59	0.33	0.08
41452	0.42	0.29	0.29
41453	0.35	0.37	0.28
41454	0.16	0.82	0.02
41455	0.51	0.39	0.1
41456	0.16	0.73	0.11
41457	0.16	0.68	0.16
41458	0.05	0.61	0.34
41459	0.15	0.82	0.03
41460	0.5	0.42	0.08
41461	0.5	0.49	0.01
41462	0.2	0.72	0.08
41463	0.26	0.61	0.13
41464	0.58	0.34	0.08
41465	0.52	0.29	0.19
41466	0.45	0.43	0.12
41467	0.43	0.41	0.16
41468	0.43	0.5	0.07
41469	0.41	0.4	0.19
41470	0.58	0.3	0.12
41471	0.39	0.55	0.06
41472	0.52	0.31	0.17
41473	0.33	0.59	0.08
41474	0.2	0.68	0.12
41475	0.42	0.43	0.15
41476	0.42	0.55	0.03
41477	0.22	0.72	0.06
41478	0.37	0.37	0.26
41479	0.06	0.91	0.03
41480	0.2	0.75	0.05
41481	0.28	0.48	0.24
41482	0.26	0.56	0.18
41483	0.34	0.45	0.21
41484	0.2	0.65	0.15
41485	0.29	0.64	0.07
41486	0.37	0.62	0.01
41487	0.32	0.62	0.06
41488	0.4	0.54	0.06
41489	0.15	0.82	0.03
41490	0.25	0.66	0.09
41491	0.16	0.69	0.15
41492	0.12	0.09	0.79
41493	0.38	0.52	0.1
41494	0.22	0.74	0.04
41495	0.35	0.53	0.12
41496	0.38	0.37	0.25
41497	0.19	0.52	0.29
41498	0.52	0.41	0.07
41499	0.35	0.55	0.1
41500	0.44	0.51	0.05
41501	0.37	0.48	0.15
41502	0.1	0.81	0.09
41503	0.32	0.57	0.11
41504	0.07	0.36	0.57
41505	0.54	0.37	0.09
41506	0.48	0.44	0.08
41507	0.31	0.48	0.21
41508	0.3	0.52	0.18
41509	0.56	0.24	0.2
41510	0.05	0.4	0.55
41511	0.32	0.35	0.33
41512	0.37	0.61	0.02
41513	0.07	0.22	0.71
41514	0.34	0.57	0.09
41515	0.37	0.51	0.12
41516	0.46	0.36	0.18
41517	0.54	0.37	0.09
41518	0.34	0.59	0.07
41519	0.23	0.72	0.05
41520	0.28	0.69	0.03
41521	0.54	0.34	0.12
41522	0.18	0.73	0.09
41523	0.39	0.48	0.13
41524	0.15	0.69	0.16
41525	0.48	0.45	0.07
41526	0.3	0.61	0.09
41527	0.43	0.49	0.08
41528	0.34	0.59	0.07
41529	0.3	0.61	0.09
41530	0.38	0.4	0.22
41531	0.6	0.3	0.1
41532	0.4	0.54	0.06
