21257	0.1257568016158246	0.7573649573909685	0.11687824099320693
21258	0.09762974336040134	0.8311860585252455	0.07118419811435314
21259	0.14448772138387966	0.6072623218211348	0.24824995679498554
21260	0.09234362526600717	0.8269296266221748	0.08072674811181801
21261	0.5026276115179326	0.2513943993540369	0.24597798912803068
21262	0.4954530010659912	0.3283487140388948	0.176198284895114
21263	0.08202125460014947	0.4202393441227417	0.49773940127710875
21264	0.27555820388571794	0.5397869243968051	0.18465487171747694
21265	0.2587910754461903	0.6166367158652137	0.12457220868859603
21266	0.07090904420323044	0.13258078710845553	0.796510168688314
21267	0.02461101814476507	0.21513843880010927	0.7602505430551257
21268	0.1430554735806646	0.6924465211877157	0.16449800523161975
21269	0.31097166117310815	0.5835848434141812	0.1054434954127107
21270	0.1452748239500239	0.6606957820098032	0.19402939404017286
21271	0.27810217049186653	0.5002029059555647	0.22169492355256878
21272	0.09840728640241433	0.6992012235821686	0.2023914900154171
21273	0.04951470402270668	0.9044884720212159	0.045996823956077564
21274	0.41849669598442796	0.4684907933570197	0.11301251065855238
21275	0.31761469393135944	0.6488938945581965	0.0334914115104441
21276	0.1972898265584709	0.7383011144866107	0.06440905895491832
21277	0.28527927222073685	0.6341793242276825	0.08054140355158067
21278	0.27478347540849285	0.5448112003951148	0.18040532419639238
21279	0.4812764356784538	0.28516124955243505	0.23356231476911124
21280	0.12365956333641911	0.7341380348622657	0.1422024018013151
21281	0.2749764948480414	0.6337959985379336	0.09122750661402507
21282	0.08305908568823256	0.5401544086137758	0.3767865056979917
21283	0.21068726185946193	0.7240131690141123	0.06529956912642584
21284	0.14791181288001698	0.7456668607611311	0.10642132635885192
21285	0.10129848091050114	0.8435573288814963	0.055144190208002576
21286	0.08765747835963571	0.8699165312235012	0.04242599041686311
21287	0.252375044413487	0.6503244004566578	0.09730055512985515
21288	0.06287423063355722	0.7860582322371042	0.15106753712933846
21289	0.16315194901290475	0.7332848809935516	0.10356316999354365
21290	0.15985102258206332	0.743135010753264	0.09701396666467253
21291	0.328108226782631	0.6131845847805346	0.0587071884368344
21292	0.13004740529975645	0.606974909474213	0.2629776852260306
21293	0.12447023761246083	0.6902597144189117	0.18527004796862756
21294	0.045212861073984596	0.5700386947523488	0.3847484441736666
21295	0.09521497814764197	0.7924993081040226	0.1122857137483355
21296	0.13837627285857107	0.7392559516917961	0.12236777544963291
21297	0.19316297847254077	0.5997691748698604	0.20706784665759875
21298	0.06915324044912095	0.8811089268269882	0.049737832723890874
21299	0.18868822622496292	0.7198281210507349	0.09148365272430221
21300	0.07230136708934153	0.8403735405212215	0.0873250923894369
21301	0.19512698758747293	0.682531847520521	0.1223411648920062
21302	0.07064364399469314	0.8651592255675695	0.06419713043773731
21303	0.10670100166842729	0.8283840555971441	0.06491494273442862
21304	0.3840682284322447	0.5127290142481313	0.10320275731962407
21305	0.33718993649385665	0.5395384740903226	0.12327158941582071
21306	0.05951275246240726	0.7874002485863414	0.15308699895125125
21307	0.10134179221492763	0.7060905402878348	0.19256766749723755
21308	0.1372030101644927	0.680240107934349	0.18255688190115837
21309	0.11790973680925436	0.7721468377764397	0.109943425414306
21310	0.082372667665567	0.42276565635360414	0.4948616759808289
21311	0.18744028722525888	0.754151917548738	0.05840779522600306
21312	0.06299535851036545	0.3783934226558428	0.5586112188337917
21313	0.07218925594833345	0.863360050464746	0.06445069358692064
21314	0.1851618793072661	0.7343633109015006	0.08047480979123316
21315	0.23215190517134762	0.6824335521937422	0.08541454263491005
21316	0.14574824739004277	0.37162214738624255	0.48262960522371456
21317	0.2958060456495975	0.589966009243473	0.1142279451069296
21318	0.05778411957545839	0.764434563661382	0.17778131676315972
21319	0.23427980748911326	0.6061612731401322	0.15955891937075442
21320	0.2072404450800885	0.47898522640937574	0.3137743285105357
21321	0.06472496429129149	0.560096920343044	0.37517811536566453
21322	0.18582107907276815	0.6749099589304145	0.13926896199681732
21323	0.10606188662447025	0.8083609393640289	0.08557717401150097
21324	0.1541132358041697	0.7456430462956298	0.10024371790020042
21325	0.10642133515520186	0.7846080119324184	0.10897065291237978
21326	0.0736201484176941	0.8789424627446897	0.04743738883761627
21327	0.21696595589054557	0.6748053691705209	0.10822867493893348
21328	0.14887940823375048	0.5957415705604086	0.255379021205841
21329	0.01720838752482772	0.5429509105679062	0.43984070190726604
21330	0.119523121793586	0.39346591102585626	0.48701096718055775
21331	0.04917472978710231	0.6365746017342854	0.3142506684786124
21332	0.35703865658566714	0.3879546579624743	0.2550066854518585
21333	0.20062625128318545	0.7496799188030289	0.04969382991378572
21334	0.12570781260586744	0.7244246003143459	0.14986758707978673
21335	0.11936649452839868	0.7787485618775072	0.10188494359409421
21336	0.036483587583910564	0.8612437632217819	0.10227264919430752
21337	0.5329527562857862	0.3847760063334915	0.08227123738072227
21338	0.07286603827680994	0.7803753218733802	0.14675863984980975
21339	0.07321400460150021	0.6019918299202763	0.3247941654782235
21340	0.19900875652966513	0.6892618577054302	0.1117293857649047
21341	0.23123023528762907	0.6076142233395916	0.16115554137277938
21342	0.19479797114850803	0.45551100378545023	0.34969102506604177
21343	0.27434355239685293	0.5002561737190346	0.22540027388411252
21344	0.2396289522358179	0.6253001387479276	0.13507090901625454
21345	0.18646046779830389	0.744117505361443	0.06942202684025311
21346	0.12193718867084657	0.8301157791579373	0.047947032171216104
21347	0.048956703589135106	0.7887067584362105	0.16233653797465442
21348	0.25744326397373035	0.6229719081625974	0.11958482786367226
21349	0.10418047716818914	0.8201476222720119	0.07567190055979894
21350	0.30627017082696706	0.518831455813679	0.174898373359354
21351	0.09611799329043226	0.806052257250634	0.09782974945893377
21352	0.22622301386857455	0.709349451501809	0.0644275346296165
21353	0.15321249638103074	0.8060817355232053	0.04070576809576395
21354	0.08348212854127762	0.7602909370417881	0.15622693441693436
21355	0.09740702392436186	0.8786787827262424	0.023914193349395714
21356	0.10437266229101305	0.8591508429335597	0.03647649477542717
21357	0.18649546797036295	0.6879784379612707	0.12552609406836637
21358	0.17195407087854533	0.7535896853468215	0.07445624377463322
21359	0.17195407087854533	0.7535896853468215	0.07445624377463322
21360	0.1183409153444239	0.8334526659726312	0.04820641868294485
21361	0.169144944070601	0.7615912531622407	0.06926380276715832
21362	0.07508174630934421	0.2532071566893628	0.671711097001293
21363	0.20301821532829628	0.6716150065303269	0.12536677814137676
21364	0.8058190895258807	0.14268081230392535	0.05150009817019396
21365	0.2783993116848433	0.6714503150705214	0.05015037324463534
21366	0.15577398271933038	0.7986931832196303	0.04553283406103926
21367	0.054056938668587205	0.7323450308328234	0.2135980304985894
21368	0.20126639809103664	0.7004487727778397	0.0982848291311238
21369	0.11997599625456408	0.6918235854659218	0.188200418279514
21370	0.16522493940572383	0.7440463022427761	0.0907287583515001
21371	0.08647709658672277	0.8013933870540652	0.11212951635921205
21372	0.08163377297873965	0.8512791903285335	0.06708703669272688
21373	0.22625771189690647	0.6477577222940842	0.1259845658090092
21374	0.07415374046317845	0.8700506339468643	0.055795625589957196
21375	0.20163309757205827	0.6957466973906273	0.1026202050373143
21376	0.60306153149188	0.3237793230547001	0.07315914545341994
21377	0.3797109223237579	0.5089721136607707	0.11131696401547136
21378	0.056459686155936245	0.8932469184611569	0.050293395382906954
21379	0.17088657864035134	0.715022800480901	0.11409062087874756
21380	0.6160069017156349	0.3083527174221422	0.07564038086222294
21381	0.5438465324769735	0.377685634577248	0.0784678329457784
21382	0.08080879928338913	0.7534587402019661	0.16573246051464469
21383	0.23801891278003967	0.6661562890678517	0.0958247981521087
21384	0.09573986464533787	0.546711636208794	0.35754849914586817
21385	0.16058366458083193	0.47783364499744735	0.3615826904217208
21386	0.22233656654119158	0.5930421520419171	0.1846212814168913
21387	0.14877023372795675	0.7497069235681239	0.10152284270391944
21388	0.06640037321461534	0.8329462260511171	0.1006534007342675
21389	0.16054253454537812	0.7740801294843185	0.0653773359703034
21390	0.11066493835288757	0.7474579226063807	0.1418771390407317
21391	0.19461264388230434	0.7562670944235068	0.049120261694188865
21392	0.2130717236297904	0.6210380281679045	0.16589024820230505
21393	0.04456067536468941	0.6700336344791071	0.2854056901562035
21394	0.13000126615659366	0.7714923039517073	0.098506429891699
21395	0.4203518733023833	0.31525860764655306	0.2643895190510636
21396	0.27598864537434903	0.6070798312740285	0.11693152335162242
21397	0.37878310795227915	0.5437454213430633	0.0774714707046575
21398	0.26632162955186073	0.6298057129894087	0.10387265745873059
21399	0.17035541098946577	0.6991404453650216	0.13050414364551258
21400	0.21425600616616705	0.6833084309414732	0.10243556289235972
21401	0.06738609265309199	0.7574510962804565	0.17516281106645146
21402	0.09347387974913142	0.8291693754543257	0.07735674479654282
21403	0.06754445780551357	0.5195750329075388	0.4128805092869476
21404	0.08455574412231945	0.7868652206601658	0.12857903521751468
21405	0.16174367824127286	0.5561259703161932	0.28213035144253407
21406	0.1883181675868214	0.6546852149559226	0.15699661745725593
21407	0.07943351425925838	0.41859350769906356	0.5019729780416781
21408	0.1831175995933141	0.7564739262071003	0.060408474199585636
21409	0.14698967621223147	0.7821098996467551	0.0709004241410134
21410	0.16676611313933423	0.7576441312438522	0.07558975561681351
21411	0.2138863378434737	0.7348307311213811	0.05128293103514513
21412	0.23756145353115446	0.7066591740930808	0.05577937237576471
21413	0.20068282815501615	0.7102976788010539	0.08901949304392995
21414	0.04730696686161483	0.6245135554839879	0.3281794776543973
21415	0.11158419092411924	0.8130749214412025	0.07534088763467821
21416	0.14176256283403257	0.7682342004432455	0.09000323672272188
21417	0.2949532817120522	0.6549730519283479	0.05007366635959982
21418	0.315170919280386	0.6395805650241145	0.0452485156954994
21419	0.27775710322471536	0.6430680039762691	0.07917489279901563
21420	0.11292659885123549	0.8474110284276056	0.039662372721158856
21421	0.23636620342315554	0.6484210010519862	0.11521279552485827
21422	0.15488121368165253	0.760735656501063	0.08438312981728435
21423	0.046916237918107895	0.898634074598059	0.05444968748383314
21424	0.13158086155348914	0.7692736256139288	0.09914551283258213
21425	0.060914312995470773	0.8642744482368682	0.07481123876766108
21426	0.17186520344726255	0.7239482229459401	0.10418657360679734
21427	0.15384082647889116	0.734975430512545	0.11118374300856382
21428	0.35254596376430547	0.5444310747533236	0.1030229614823709
21429	0.1284894223579903	0.7259179945278204	0.1455925831141893
21430	0.054105282886765034	0.5226898004694694	0.42320491664376547
21431	0.051014450667569405	0.2795100115018123	0.6694755378306183
21432	0.3351035212855551	0.563913595351299	0.10098288336314597
21433	0.2093355728765761	0.6446627547277242	0.14600167239569972
21434	0.0719113402173662	0.39069909518614604	0.5373895645964878
21435	0.15724278673178657	0.6320960903606329	0.21066112290758057
21436	0.14922312505793547	0.7056365772746886	0.1451402976673759
21437	0.15323785940236934	0.7645736059134584	0.08218853468417232
21438	0.2002448445240809	0.6245560591018826	0.1751990963740364
21439	0.06276664192400068	0.6622219513604473	0.2750114067155521
21440	0.12531479677599372	0.8155390757147277	0.059146127509278494
21441	0.19678352212631306	0.7510771699448183	0.05213930792886863
21442	0.22897954712811902	0.7100481457694634	0.060972307102417495
21443	0.06575802504719658	0.6300510116909818	0.3041909632618216
21444	0.6225747968847525	0.33871919050669325	0.03870601260855425
21445	0.1103441988698316	0.6992512092795711	0.1904045918505973
21446	0.17812293082543865	0.7121334829323116	0.10974358624224981
21447	0.2275531291511132	0.616608275259954	0.1558385955889328
21448	0.09274235532522153	0.6841838515465966	0.22307379312818196
21449	0.10347519590042524	0.7903364245771796	0.10618837952239513
21450	0.20192165664423556	0.6765878562083354	0.12149048714742909
21451	0.10180529844374048	0.23674402984291132	0.6614506717133483
21452	0.20998416033006237	0.6996239222546771	0.09039191741526065
21453	0.22396839035556113	0.6747038387788005	0.10132777086563838
21454	0.06308636749860322	0.8900412611801086	0.0468723713212882
21455	0.1873741240249466	0.7066671964924346	0.1059586794826188
21456	0.07651634590787351	0.7980631814830812	0.1254204726090453
21457	0.07050824833800223	0.8951660636963974	0.03432568796560035
21458	0.028082495052929826	0.5680055380242507	0.4039119669228195
21459	0.06905142929987583	0.9081385735466959	0.022809997153428255
21460	0.1970308472612179	0.7515584363327289	0.05141071640605332
21461	0.07689331015105022	0.8028371654888367	0.12026952436011304
21462	0.6066273324854768	0.3466351457582467	0.046737521756276434
21463	0.07718239138055229	0.7846288458542112	0.1381887627652365
21464	0.12354775224910756	0.36236441999701646	0.514087827753876
21465	0.31129635048951493	0.5814931186784874	0.10721053083199769
21466	0.16995107032199613	0.6248388615578657	0.20521006812013817
21467	0.03532138492397439	0.41078593420459253	0.5538926808714331
21468	0.10073380022075235	0.8053681423533151	0.0938980574259325
21469	0.07533994264239212	0.8753971917639884	0.04926286559361942
21470	0.34257494568797175	0.585185878966843	0.07223917534518519
21471	0.19598507666105042	0.7295541007541912	0.07446082258475827
21472	0.12406682615748738	0.7952171898948324	0.08071598394768029
21473	0.07635752884471753	0.30227896503236257	0.6213635061229199
21474	0.23741191071259088	0.5744740151238747	0.1881140741635343
21475	0.25574986117446735	0.5991180225688936	0.14513211625663916
21476	0.2855181461805599	0.5566303213936445	0.15785153242579544
21477	0.08023709686031287	0.38311506084425173	0.5366478422954354
21478	0.16913988147124065	0.7537060735752807	0.0771540449534786
21479	0.0696809934144564	0.5389969581318269	0.3913220484537168
21480	0.1873157362576448	0.7394502076039857	0.07323405613836942
21481	0.1979965505529839	0.7190864667454365	0.0829169827015796
21482	0.2990709152476108	0.6411174305930173	0.059811654159371785
21483	0.26267460494503314	0.6027620699127565	0.13456332514221034
21484	0.04504177956043044	0.9097445947577111	0.04521362568185856
21485	0.12429638693016423	0.7944053277749888	0.08129828529484698
21486	0.0203942234649268	0.0964847147866963	0.8831210617483769
21487	0.06728197488854643	0.12020138601520029	0.8125166390962534
21488	0.052063626253248896	0.8769115916635922	0.07102478208315892
21489	0.15258373594758026	0.7128300058597711	0.13458625819264866
21490	0.20970758395629008	0.7464708487277396	0.043821567315970374
21491	0.2147949648805013	0.656654277463795	0.1285507576557037
21492	0.20033809084390042	0.7145882832971928	0.0850736258589067
21493	0.2617282097902581	0.6551292923484954	0.08314249786124654
21494	0.23257429003779712	0.664432677175667	0.10299303278653585
21495	0.09581574920512205	0.7393340774994906	0.16485017329538731
21496	0.11442421043777251	0.8067974251796591	0.07877836438256827
21497	0.11184412105236062	0.841803265447473	0.04635261350016642
21498	0.41667024413679676	0.42026117714190125	0.163068578721302
21499	0.08811722776728906	0.8374570216441809	0.07442575058853004
21500	0.2733519411932984	0.5819283560691533	0.14471970273754828
21501	0.09117522167307716	0.5292144997460725	0.3796102785808502
21502	0.11205853922192112	0.782276151238928	0.10566530953915085
21503	0.2164823153933798	0.663010589318321	0.12050709528829924
21504	0.13495676398915785	0.7935596277473398	0.07148360826350236
21505	0.06939270318253576	0.8600338662201433	0.0705734305973209
21506	0.2504876847634554	0.6557811683867898	0.09373114684975486
21507	0.15628631995982156	0.6959978418454302	0.1477158381947482
21508	0.15350319737064416	0.6867339244033486	0.15976287822600727
21509	0.2900407300789996	0.6394754177390534	0.07048385218194696
21510	0.07684714105636195	0.4353226556356475	0.48783020330799054
21511	0.031942465298211	0.7902854931683904	0.17777204153339868
21512	0.19329615006622486	0.6769562082126326	0.12974764172114245
21513	0.09746957666233831	0.3038055232204908	0.5987249001171709
21514	0.29188200356178906	0.4237727330267903	0.28434526341142063
21515	0.04146409648783073	0.7850764715715456	0.17345943194062363
21516	0.1140803646607608	0.7339388481446547	0.15198078719458438
21517	0.22375370734964464	0.7291695372112177	0.0470767554391376
21518	0.048926030246393686	0.2430579047923941	0.7080160649612123
21519	0.18959419875307956	0.7251549562749071	0.08525084497201327
21520	0.12538954174974656	0.8140226476032175	0.06058781064703586
21521	0.11273630736928705	0.3542387200717295	0.5330249725589835
21522	0.2522633255365727	0.6032711951517817	0.14446547931164552
21523	0.7637996594929651	0.20227015423770703	0.03393018626932789
21524	0.11326224640167935	0.7912862525570039	0.09545150104131672
21525	0.21696595589054557	0.6748053691705209	0.10822867493893348
21526	0.2783132927543445	0.6940715478757854	0.027615159369870163
21527	0.17759423819533482	0.7731931947781348	0.04921256702653043
21528	0.07752593628463095	0.4380725756390565	0.4844014880763126
21529	0.06916103401083577	0.903435673532643	0.02740329245652113
21530	0.5735318507833604	0.35265360487571595	0.07381454434092367
21531	0.09409976400904317	0.8581702809041583	0.047729955086798614
21532	0.07226292703579328	0.6376245722136896	0.29011250075051725
21533	0.21696595589054557	0.6748053691705209	0.10822867493893348
21534	0.1805618781516771	0.6999081691422496	0.11952995270607336
21535	0.07406264886922327	0.4683235153901477	0.457613835740629
21536	0.2060593282962727	0.6953452136980787	0.09859545800564865
21537	0.07465285004727817	0.850712392308133	0.0746347576445889
21538	0.08980977117789225	0.845276989326552	0.06491323949555572
21539	0.23636611797446322	0.6209907518995548	0.14264313012598212
21540	0.07466182047876327	0.892874642928085	0.03246353659315177
21541	0.2512814355148456	0.6105046491148575	0.13821391537029684
21542	0.024564753213231448	0.27364909193048453	0.701786154856284
21543	0.07970654114216769	0.7285228758760036	0.1917705829818287
21544	0.3308111751971067	0.5516878479380299	0.11750097686486347
21545	0.1939000692972351	0.7385905012305195	0.06750942947224538
21546	0.2636971854278384	0.6372582633119932	0.09904455126016846
21547	0.03910788351516992	0.44587803874416704	0.515014077740663
21548	0.14047071665004343	0.655878196124404	0.20365108722555256
21549	0.7237572500420668	0.23653815696366323	0.039704592994269934
21550	0.09145946129552812	0.7466546336084886	0.16188590509598316
21551	0.19327933033758488	0.7115808628434755	0.09513980681893958
21552	0.32319392830708055	0.5992658329495528	0.0775402387433665
21553	0.10414877338981143	0.7630279614640383	0.13282326514615025
21554	0.055273900012501945	0.25105993291043993	0.6936661670770581
21555	0.03304957015732947	0.16471535537627005	0.8022350744664004
21556	0.10783365621706213	0.5510276548325915	0.3411386889503462
21557	0.06892288676498302	0.6571883974830736	0.27388871575194346
21558	0.18456619671723704	0.7273566047934991	0.08807719848926386
21559	0.028481850458005855	0.35738265203104713	0.6141354975109471
21560	0.08303306880784213	0.8652659482440748	0.051700982948083105
21561	0.20447840051523283	0.7224965445774484	0.07302505490731873
21562	0.08045053458634015	0.8743119941517908	0.045237471261869014
21563	0.3587557890541999	0.5898879670443453	0.05135624390145472
21564	0.5662902720466131	0.3307953225482879	0.10291440540509898
21565	0.2122021620172417	0.720498922568126	0.06729891541463236
21566	0.2109813798170611	0.6988870614024374	0.09013155878050155
21567	0.16047345154053483	0.745862774626891	0.09366377383257418
21568	0.3554643207110762	0.4980943721506808	0.14644130713824308
21569	0.16236917150679284	0.6129367631399232	0.22469406535328382
21570	0.2499144964954804	0.6371147366671704	0.11297076683734918
21571	0.15881172001138863	0.6553099019079871	0.18587837808062435
21572	0.17984410676705007	0.7234026416743136	0.09675325155863643
21573	0.18656303261759424	0.6904985592707752	0.12293840811163048
21574	0.15524336658044044	0.5050794546897552	0.3396771787298043
21575	0.11477180456123141	0.765426542737812	0.11980165270095666
21576	0.05504131889471085	0.911699668227982	0.03325901287730712
21577	0.1636153559826354	0.7610919551305136	0.07529268888685098
21578	0.022722990383359665	0.3755362585044382	0.6017407511122022
21579	0.055848467743181085	0.8528131920681333	0.09133834018868561
21580	0.13709898479080576	0.8036075870683815	0.05929342814081272
21581	0.191822453077981	0.4773681635772259	0.33080938334479315
21582	0.22170956378532175	0.6820720027751501	0.09621843343952814
21583	0.10310600276158748	0.7710789044710262	0.12581509276738623
21584	0.37571555440789406	0.3926781624580111	0.2316062831340948
21585	0.08490693549770646	0.2746360070185492	0.6404570574837444
21586	0.024063266682463596	0.38946160683409986	0.5864751264834365
21587	0.03328526944214815	0.42331328775210614	0.5434014428057458
21588	0.060169079236909666	0.8835291794680272	0.05630174129506314
21589	0.1496056564386558	0.7584142583218614	0.09198008523948277
21590	0.15907869246709824	0.7036047306591924	0.13731657687370924
21591	0.057737967539673335	0.5881676290673202	0.35409440339300635
21592	0.36312272991885164	0.5409325209636263	0.09594474911752196
21593	0.1572929626196655	0.7017027226318433	0.14100431474849118
21594	0.1878226025459778	0.7513290167932164	0.060848380660805855
21595	0.3755773111079419	0.5472707738637208	0.0771519150283374
21596	0.5129911679984867	0.4197883775000516	0.0672204545014618
21597	0.17037709242379542	0.7057724551109135	0.12385045246529108
21598	0.336735676850327	0.5863116636834342	0.07695265946623879
21599	0.0736201484176941	0.8789424627446897	0.04743738883761627
21600	0.057354057062187803	0.8156432582515661	0.1270026846862461
21601	0.13378657163643323	0.13301524807006385	0.7331981802935029
21602	0.3548360539837946	0.522367329676917	0.12279661633928834
21603	0.19154365726378478	0.6633269396517781	0.14512940308443706
21604	0.1682523652822042	0.7202813999354822	0.11146623478231359
21605	0.2689859342828448	0.674151479585332	0.05686258613182327
21606	0.07767822077052806	0.5128143658417249	0.40950741338774704
21607	0.09747605072434987	0.6386987865132253	0.2638251627624248
21608	0.2497543922536499	0.6218318836503274	0.12841372409602275
21609	0.9110241314585475	0.05618294479652854	0.03279292374492393
21610	0.30032730276179526	0.6227049917083997	0.0769677055298051
21611	0.2159363302141543	0.7185254096431052	0.06553826014274051
21612	0.08111432245025971	0.2532491021810908	0.6656365753686495
21613	0.11848320033841346	0.8087000607941531	0.07281673886743341
21614	0.1911528193681522	0.7055926531711781	0.10325452746066961
21615	0.2917680919733869	0.6469719889659803	0.06125991906063283
21616	0.27783121618512896	0.6669992377961196	0.055169546018751486
21617	0.16054278341610415	0.7570394494206624	0.08241776716323339
21618	0.12332180529707513	0.7225509217431624	0.15412727295976256
21619	0.21397445696364373	0.471492608248075	0.31453293478828126
21620	0.02688682522923428	0.7372810151557707	0.235832159614995
21621	0.07806909050961613	0.7349090811166623	0.18702182837372153
21622	0.21277224865363165	0.7618186455370536	0.025409105809314728
21623	0.3304907834217617	0.5388735199460439	0.13063569663219432
21624	0.09015854233118441	0.8812617952737611	0.028579662395054408
21625	0.19314379054845798	0.7409910008970864	0.06586520855445559
21626	0.6455737232011242	0.26942508509528373	0.08500119170359198
21627	0.230347483109354	0.3911554602932621	0.37849705659738386
21628	0.19804478922380406	0.7145816338731872	0.08737357690300883
21629	0.04495911108886813	0.6019231409025106	0.3531177480086213
21630	0.03475623651687861	0.5860617573255663	0.379182006157555
21631	0.18640534640203985	0.7161238606152459	0.09747079298271413
21632	0.05280111805033659	0.6610373211398932	0.2861615608097701
21633	0.14319701729553247	0.5081479574895094	0.34865502521495806
21634	0.33273691957985563	0.5583622553199291	0.10890082510021525
21635	0.12058810017276836	0.8261511714929374	0.05326072833429433
21636	0.1881858089093822	0.6916083100984132	0.12020588099220465
21637	0.21875872634087062	0.6777711024690031	0.10347017119012628
21638	0.1250619246973409	0.7005178005017428	0.17442027480091626
21639	0.0460738760880321	0.8810565821876087	0.07286954172435917
21640	0.13286209047441366	0.7326149740532147	0.13452293547237157
21641	0.20338288660223097	0.7000006107588741	0.09661650263889494
21642	0.1541132358041697	0.7456430462956298	0.10024371790020042
21643	0.18708152703720515	0.7380798680643357	0.07483860489845921
21644	0.17505096471106785	0.7759009203675766	0.04904811492135547
21645	0.12567031263437187	0.7233513280749665	0.15097835929066172
21646	0.2589529900476235	0.5103918314171164	0.23065517853526007
21647	0.18544849894226983	0.7169808251962378	0.0975706758614923
21648	0.2505391725944944	0.5210692586819557	0.22839156872354993
21649	0.20446365439345962	0.7147337308201709	0.08080261478636958
21650	0.07586200261101034	0.5518860830031304	0.3722519143858594
21651	0.2107614685079318	0.6563303639523228	0.13290816753974544
21652	0.1313477621617773	0.8245896028515477	0.044062634986675016
21653	0.08464246208329194	0.8190345383038875	0.09632299961282062
21654	0.09587370645381944	0.8333639790623445	0.07076231448383606
21655	0.08947833418525444	0.773755354148617	0.13676631166612865
21656	0.21078148953467513	0.6993656724891069	0.0898528379762179
21657	0.020461169481811804	0.4166322089543612	0.562906621563827
21658	0.07278524346950048	0.5887639747123558	0.33845078181814375
21659	0.18767930235413766	0.7021252016569829	0.11019549598887955
21660	0.13763255537599303	0.7103423565362889	0.15202508808771817
21661	0.08189021233454899	0.5953846183713528	0.32272516929409817
21662	0.21696595589054557	0.6748053691705209	0.10822867493893348
21663	0.24057155547854026	0.6273292801074591	0.13209916441400055
21664	0.06041086867068468	0.7185047929098012	0.22108433841951408
21665	0.10627466468229464	0.8279833007623858	0.06574203455531959
21666	0.09586710428534793	0.8596070752017027	0.04452582051294941
21667	0.04226415964193226	0.5370052279998005	0.42073061235826725
21668	0.4992896595917513	0.3930883170971284	0.10762202331112018
21669	0.18533149563603388	0.7229005653031375	0.09176793906082867
21670	0.20811173911846115	0.6874999778575815	0.10438828302395727
21671	0.07177187934498346	0.8512618902355747	0.07696623041944184
21672	0.20267291465190873	0.6531053434296775	0.14422174191841367
21673	0.2554337004192038	0.5752950829569089	0.16927121662388725
21674	0.40243075966197456	0.4564206388901218	0.1411486014479037
21675	0.07047745270106706	0.791977548599252	0.13754499869968095
21676	0.0861329689653619	0.7761029987208028	0.1377640323138353
21677	0.20795958640368517	0.7012578303740976	0.09078258322221727
21678	0.11805694174139562	0.16754949336450825	0.7143935648940962
21679	0.03771409944394273	0.7324838525450778	0.2298020480109795
21680	0.18160807471524598	0.6649250215072894	0.1534669037774646
21681	0.27179118306674294	0.597018369035957	0.1311904478973001
21682	0.14022141397363166	0.412714706774517	0.4470638792518513
21683	0.16738680508650633	0.7130774229943231	0.11953577191917057
21684	0.5248455619190685	0.4331360887531874	0.04201834932774418
21685	0.19459074985479166	0.7750454939733741	0.030363756171834285
21686	0.1175177951733715	0.8056690563558214	0.07681314847080715
21687	0.1881170374096581	0.6639459575953224	0.14793700499501944
21688	0.12389849109364891	0.49916152443571193	0.37693998447063914
21689	0.24168400439695412	0.6832709648404699	0.07504503076257607
21690	0.21696595589054557	0.6748053691705209	0.10822867493893348
21691	0.3149413120160674	0.5546470584875156	0.13041162949641696
21692	0.14170874337240957	0.7688604095979603	0.08943084702963013
21693	0.05318005409853034	0.28393019994263674	0.662889745958833
21694	0.15232926202891375	0.7085568009885754	0.13911393698251087
21695	0.383705523779327	0.5749154088243154	0.041379067396357654
21696	0.07986775078301334	0.8615990320834255	0.05853321713356109
21697	0.21696595589054557	0.6748053691705209	0.10822867493893348
21698	0.13692266110737086	0.8094650810939542	0.05361225779867494
21699	0.21316146073123207	0.6836800188932409	0.10315852037552695
21700	0.21599524610073403	0.5883369813045817	0.19566777259468432
21701	0.24601894871976002	0.7159259475774858	0.03805510370275407
21702	0.17258908047215463	0.5103715194145195	0.31703940011332593
21703	0.05001498901922444	0.8230887329393561	0.12689627804141934
21704	0.2537648168948706	0.6140138144172773	0.13222136868785192
21705	0.07495559183891976	0.5584195695353793	0.3666248386257009
21706	0.195937318021542	0.7377261135955113	0.06633656838294673
21707	0.275323274777834	0.6613450911277551	0.0633316340944109
21708	0.0494335209067594	0.384168126152643	0.5663983529405975
21709	0.0494335209067594	0.384168126152643	0.5663983529405975
21710	0.049087639407875215	0.6881495203359139	0.26276284025621083
21711	0.25223215332760984	0.6844642357104356	0.06330361096195465
21712	0.4441471724551767	0.49311767130651135	0.06273515623831191
21713	0.35538602498184685	0.5383612771731408	0.1062526978450124
21714	0.11523917909669461	0.7831433817993277	0.10161743910397766
21715	0.12985270755595812	0.7762653207838066	0.09388197166023524
21716	0.20019353672458945	0.6794008032840625	0.12040565999134799
21717	0.1861893123268864	0.6914845078198864	0.12232617985322725
21718	0.143647704421589	0.46186894955291996	0.3944833460254911
21719	0.03988809322581548	0.22362252006629343	0.736489386707891
21720	0.11747387607906089	0.73118833629436	0.15133778762657923
21721	0.1320580465804389	0.7558717859720823	0.1120701674474788
21722	0.04865230442120925	0.7256051420532513	0.22574255352553946
21723	0.13029368758479398	0.7039053848322333	0.16580092758297282
21724	0.2919822227530422	0.6234887789118835	0.08452899833507424
21725	0.1480370798992474	0.21341784101488376	0.6385450790858688
21726	0.3334158043109324	0.5736741159387299	0.09291007975033763
21727	0.3063802996938288	0.512425183338776	0.1811945169673953
21728	0.29017458427802867	0.5969821980578791	0.1128432176640922
21729	0.06006885570710331	0.7550851165939237	0.184846027698973
21730	0.06540802304653066	0.4534196494403369	0.4811723275131325
21731	0.19065554093484421	0.6968346297623155	0.11250982930284041
21732	0.074783076485537	0.8744291440975722	0.05078777941689078
21733	0.2223177472874827	0.6610412179619115	0.11664103475060579
21734	0.17327185474295148	0.7132430278807141	0.1134851173763343
21735	0.26236915924104415	0.6825684409556392	0.055062399803316585
21736	0.1684897165553304	0.029969265884065246	0.8015410175606045
21737	0.10119117763225563	0.7417120874291677	0.15709673493857657
21738	0.0736201484176941	0.8789424627446897	0.04743738883761627
21739	0.25522321529974873	0.6199675373250784	0.12480924737517281
21740	0.21356397522043596	0.3928244743726588	0.3936115504069052
21741	0.21963609861182387	0.6759261586502597	0.10443774273791648
21742	0.33151628410071265	0.22064473901981516	0.4478389768794722
21743	0.35758828604020426	0.5308404621292518	0.11157125183054395
21744	0.3020325371533122	0.5883369402561854	0.10963052259050247
21745	0.18009661602596108	0.7301522586296099	0.08975112534442901
21746	0.19609753686996625	0.7169016771385599	0.08700078599147384
21747	0.17665042589024843	0.6454912621291866	0.17785831198056493
21748	0.0802792265658376	0.40712822789221825	0.5125925455419442
21749	0.22687905445151157	0.6557949885145092	0.11732595703397909
21750	0.10784423291101405	0.672515331767658	0.21964043532132793
21751	0.22076074417451205	0.6772426926891439	0.101996563136344
21752	0.0712979253060078	0.8585725223787769	0.0701295523152154
21753	0.18778666097632082	0.7058696288771116	0.10634371014656767
21754	0.6403631245841702	0.24583773778977935	0.1137991376260504
21755	0.029938837718035075	0.7305801632247201	0.23948099905724476
21756	0.036824666095546056	0.9051355094633716	0.05803982444108235
21757	0.11575533077883765	0.7532898348549031	0.13095483436625924
21758	0.3151746028515369	0.5582974009082792	0.1265279962401838
21759	0.05096966760656649	0.764008777349814	0.18502155504361956
21760	0.02419709221034407	0.9598153991991414	0.015987508590514496
21761	0.06505629094723962	0.9073180355217487	0.02762567353101164
21762	0.1993160489158532	0.6699509200328675	0.13073303105127934
21763	0.121286335684423	0.2890948620588524	0.5896188022567246
21764	0.27025270345803826	0.6504316044343651	0.07931569210759659
21765	0.08408033159804477	0.8470157980487313	0.06890387035322394
21766	0.39602500478708286	0.5340618038342301	0.06991319137868714
21767	0.20806878354900382	0.7107723648763651	0.08115885157463108
21768	0.08612346126329584	0.8412598787363706	0.07261666000033355
21769	0.1522084132102634	0.8003476245331437	0.04744396225659295
21770	0.2274283343646737	0.6343146745776609	0.13825699105766542
21771	0.12331827093128116	0.8288497178309991	0.047832011237719727
21772	0.05228601095447762	0.3042912529500176	0.6434227360955048
21773	0.06356921062372334	0.6750374580035149	0.2613933313727618
21774	0.08784997654960267	0.8810212734825064	0.03112874996789097
21775	0.24655652765563094	0.6828623746864237	0.07058109765794536
21776	0.23881893827949605	0.4921118234563518	0.2690692382641522
21777	0.12078010156981159	0.8342273769810481	0.0449925214491404
21778	0.10402598142946491	0.8534272320634503	0.04254678650708485
21779	0.2739362580858721	0.646321248998969	0.07974249291515893
21780	0.17849118793351498	0.705107079150095	0.11640173291639005
21781	0.0993606236920887	0.75313956797156	0.1474998083363513
21782	0.25265786682735136	0.7055573334596045	0.0417847997130442
21783	0.12102696556426176	0.818202148422011	0.060770886013727266
21784	0.19433739659757793	0.7086658304028673	0.09699677299955473
21785	0.2421021098230487	0.6660913185992016	0.0918065715777497
21786	0.21806441053864045	0.6339960338143992	0.14793955564696043
21787	0.2092362801595252	0.6955233606350023	0.09524035920547246
21788	0.04987121074239882	0.7159139086851978	0.23421488057240342
21789	0.2662475758715571	0.6267270218701338	0.10702540225830899
21790	0.04673611579896699	0.5011902596991155	0.4520736245019176
21791	0.1987852123076323	0.7044191958941229	0.09679559179824478
21792	0.3838647048414293	0.5590150845488419	0.05712021060972885
21793	0.0736201484176941	0.8789424627446897	0.04743738883761627
21794	0.18113082443300882	0.7581938176797375	0.06067535788725372
21795	0.45557081116631076	0.4081011351313082	0.13632805370238107
21796	0.33788617399755727	0.41222385390485516	0.2498899720975876
21797	0.2915511261726193	0.6376574212846504	0.07079145254273035
21798	0.7083640422245062	0.24970924144011253	0.041926716335381295
21799	0.018832341350958827	0.7539552614070885	0.22721239724195283
21800	0.05497832864402574	0.7723103332277284	0.17271133812824588
21801	0.44550396251287044	0.446584917984459	0.10791111950267049
21802	0.18075986032711605	0.6907211046128044	0.1285190350600795
21803	0.24236048650186195	0.6575955114418403	0.10004400205629779
21804	0.13363111170118283	0.75741816344798	0.10895072485083715
21805	0.032063301111375016	0.9037394115855749	0.06419728730305006
21806	0.07722108642088657	0.867272327484595	0.05550658609451848
21807	0.2765562891709543	0.6117994940030591	0.11164421682598659
21808	0.2571369323837681	0.6695451183233023	0.07331794929292952
21809	0.24405707902852036	0.6172911260519908	0.13865179491948898
21810	0.22804312920417236	0.679784677573069	0.0921721932227586
21811	0.31137750194182745	0.5477419324951519	0.14088056556302067
21812	0.3352854353046415	0.634201874023834	0.030512690671524508
21813	0.15687455379407086	0.656048027667103	0.18707741853882612
21814	0.19673632100125044	0.7332130509039695	0.07005062809478008
21815	0.07752593628463095	0.4380725756390565	0.4844014880763126
21816	0.20435085702679562	0.5565358064883471	0.23911333648485728
21817	0.22422993638849115	0.7134071437672805	0.06236291984422831
21818	0.3897178632408801	0.4478728247714184	0.16240931198770153
21819	0.26446101417753726	0.6487645314721258	0.08677445435033687
21820	0.08147135264325078	0.8920014999136713	0.02652714744307793
21821	0.22765547152559626	0.7127535816321744	0.0595909468422294
21822	0.18853671904870375	0.763280090684956	0.04818319026634024
21823	0.03886026031816393	0.6942969936815082	0.26684274600032787
21824	0.4085811859265036	0.5162369283369972	0.07518188573649917
21825	0.28488639792122455	0.6195420010279077	0.09557160105086787
21826	0.07056146092024508	0.8709477720413921	0.05849076703836296
21827	0.20265789310900095	0.6848389359621062	0.11250317092889278
21828	0.018449996473364646	0.9756653178437147	0.005884685682920691
21829	0.13945275793228604	0.7715114335468364	0.08903580852087765
21830	0.2283953665319731	0.6284814771728214	0.14312315629520553
21831	0.23463148588600238	0.6728730777233992	0.09249543639059832
21832	0.15801453743419736	0.7955138685487828	0.04647159401701986
21833	0.698393633751585	0.26549388823608855	0.036112478012326435
21834	0.09628621390739328	0.677758437584266	0.22595534850834073
21835	0.23666773534222377	0.606579722854216	0.15675254180356013
21836	0.16610301686153184	0.7787218983779426	0.055175084760525496
21837	0.09585732771642558	0.30340942754515265	0.6007332447384219
21838	0.23361002118549573	0.5713403558410542	0.19504962297345
21839	0.08922054570806198	0.15978101469866016	0.7509984395932778
21840	0.2032868809539566	0.7492079738329268	0.047505145213116544
21841	0.03849572054432185	0.8841583833150437	0.0773458961406344
21842	0.19757229032803864	0.6242290959421681	0.1781986137297933
21843	0.21748096800369102	0.6515651975690442	0.1309538344272648
21844	0.0736201484176941	0.8789424627446897	0.04743738883761627
21845	0.151028134440417	0.7670813187660097	0.08189054679357331
21846	0.17479006959507745	0.7186018254333257	0.10660810497159678
21847	0.28723446802593905	0.5944231885041407	0.1183423434699203
21848	0.13759104018141638	0.722548948507892	0.1398600113106917
21849	0.06759015223768905	0.5442362636467709	0.3881735841155401
21850	0.35699634737231034	0.6060849581717087	0.036918694455980935
21851	0.18900758692001962	0.7712836603710037	0.03970875270897668
21852	0.05641040973645523	0.8016388489181574	0.14195074134538735
21853	0.17380385094464262	0.7453126141268738	0.08088353492848362
21854	0.29425871826096617	0.4080985569065405	0.2976427248324932
21855	0.1948484369401884	0.7338926280332568	0.0712589350265547
21856	0.3095705586847638	0.5505291617647438	0.13990027955049245
21857	0.06721497408258922	0.43411046686208565	0.4986745590553252
21858	0.16713142831943253	0.6429251160137175	0.18994345566684998
21859	0.1877152775719194	0.7145874522269001	0.09769727020118048
21860	0.09354677790456875	0.3788157666927536	0.5276374554026776
21861	0.2573142213818053	0.6213334697569405	0.1213523088612542
21862	0.14606396032017033	0.2678933671387927	0.586042672541037
21863	0.3244015242160057	0.5055714282902956	0.17002704749369876
21864	0.10643453592489548	0.33655416158376283	0.5570113024913418
21865	0.04821193902503811	0.531233661361896	0.42055439961306595
21866	0.36212771362225554	0.5745427947193111	0.0633294916584333
21867	0.09813746522893688	0.7317526136133848	0.1701099211576783
21868	0.15307774772260552	0.754733914067399	0.0921883382099956
21869	0.10665740191974456	0.8082022481775261	0.08514034990272933
21870	0.06855993127666685	0.862247195066951	0.0691928736563821
21871	0.28093756294130534	0.5333987092359204	0.18566372782277427
21872	0.07284102111553922	0.8674200367932078	0.05973894209125295
21873	0.22563727690503613	0.6334335730717415	0.14092915002322226
21874	0.10624752689513095	0.8045016739648292	0.08925079914003985
21875	0.28851738139548316	0.5443378843277287	0.16714473427678814
21876	0.23381092948575102	0.6691665394084151	0.097022531105834
21877	0.15629984759878007	0.24343927324091247	0.6002608791603075
21878	0.3302291400578301	0.5931160719369124	0.07665478800525756
21879	0.10114133898850773	0.36463273588622924	0.534225925125263
21880	0.3506319126502569	0.5503060846488337	0.09906200270090945
21881	0.20305186751977117	0.6413326968584879	0.15561543562174096
21882	0.08085891066743561	0.7594571339446049	0.15968395538795938
21883	0.17949005019155648	0.6779112073330038	0.1425987424754398
21884	0.11906631528810847	0.6825074840818851	0.19842620063000635
21885	0.25923219492537614	0.4408071267846062	0.29996067829001766
21886	0.03950207246087891	0.7029395138003819	0.25755841373873917
21887	0.030188224639247634	0.7267615558819069	0.2430502194788455
21888	0.1010638348142349	0.8191580366143081	0.079778128571457
21889	0.20553477823658256	0.703041092069908	0.09142412969350949
21890	0.19461264388230434	0.7562670944235068	0.049120261694188865
21891	0.025701134434628393	0.9207089782435902	0.05358988732178126
21892	0.6049760804966217	0.3594336049647251	0.035590314538653245
21893	0.04051510743273783	0.876523338301315	0.08296155426594716
21894	0.1181235621080271	0.7294167184078038	0.15245971948416925
21895	0.10836686635369076	0.731661517444495	0.15997161620181427
21896	0.05459552172858531	0.41618115891370544	0.5292233193577093
21897	0.18452357746603643	0.7208114720416993	0.09466495049226421
21898	0.08128686632159622	0.7711009180939549	0.1476122155844489
21899	0.3902659024614327	0.5833600889196006	0.026374008618966747
21900	0.3797824353025176	0.45992965271680575	0.16028791198067666
21901	0.3370014850762496	0.6040795004098057	0.058919014513944545
21902	0.03831566853578004	0.5849103297244046	0.37677400173981535
21903	0.1887440320043704	0.7408243467078063	0.07043162128782333
21904	0.0736201484176941	0.8789424627446897	0.04743738883761627
21905	0.21696595589054557	0.6748053691705209	0.10822867493893348
21906	0.08671673354631906	0.8665577347375437	0.04672553171613719
21907	0.07907523536205903	0.7745062987232372	0.14641846591470378
21908	0.34023183983284455	0.5682470644715956	0.0915210956955598
21909	0.15988644524943385	0.741133200112711	0.09898035463785503
21910	0.1623002988618269	0.7285877968804322	0.10911190425774098
21911	0.21696595589054557	0.6748053691705209	0.10822867493893348
21912	0.2969595484500022	0.5798482863351591	0.1231921652148388
21913	0.17315211160359448	0.7617606435042575	0.06508724489214796
21914	0.05265025889839656	0.9005498546169481	0.046799886484655336
21915	0.1628972897462659	0.7289542483611267	0.10814846189260746
21916	0.014846295336426094	0.24321654779138685	0.7419371568721871
21917	0.1840291721183537	0.7016311456448884	0.11433968223675799
21918	0.19941653229114184	0.6327929335275705	0.16779053418128767
21919	0.08189021233454899	0.5953846183713528	0.32272516929409817
21920	0.1267429452229013	0.8323946555884852	0.04086239918861339
21921	0.1978248096029156	0.7229198026430335	0.07925538775405096
21922	0.2356757089909725	0.6082340625252208	0.15609022848380652
21923	0.17223454216350864	0.6030110985173169	0.22475435931917445
21924	0.2718813711060121	0.1657621407576405	0.5623564881363473
21925	0.2709037266569137	0.6723767547271897	0.056719518615896664
21926	0.1248247244466101	0.664380301243922	0.21079497430946798
21927	0.08952325153264591	0.850749187926866	0.05972756054048803
21928	0.593504455086477	0.33916778952776155	0.06732775538576145
21929	0.20543027163237101	0.6924352453623916	0.10213448300523738
21930	0.24134948255856534	0.6157852459566232	0.1428652714848115
21931	0.1558551134149606	0.7953132944528296	0.04883159213220974
21932	0.41565560102647425	0.480130524649626	0.10421387432389971
21933	0.49592423980112166	0.42688803804148456	0.0771877221573938
21934	0.07707942381591665	0.6622899616399481	0.2606306145441352
21935	0.04755298427329272	0.807378030638972	0.14506898508773544
21936	0.21446863873546002	0.7064138826299221	0.0791174786346179
21937	0.2408262597007973	0.6688314680047999	0.09034227229440285
21938	0.12607131912484085	0.8012689398449152	0.07265974103024389
21939	0.09212932110071215	0.7568108810989141	0.15105979780037368
21940	0.21724767913588913	0.6826465312084304	0.10010578965568039
21941	0.08427613447487876	0.8510231672574947	0.06470069826762645
21942	0.2783406817479803	0.4847927700977972	0.23686654815422256
21943	0.3559073555786166	0.4454783758817901	0.1986142685395933
21944	0.042302572590600114	0.48346561305561375	0.4742318143537861
21945	0.0738535449465423	0.6415969736682363	0.28454948138522135
21946	0.15633007070306207	0.7869764270588336	0.056693502238104224
21947	0.0851722325538742	0.446701242088839	0.4681265253572867
21948	0.25748362365157396	0.5394010333173956	0.2031153430310305
21949	0.08365376410425854	0.7748236096518387	0.14152262624390274
21950	0.19313411155681293	0.7349521303552707	0.07191375808791642
21951	0.12545067456486686	0.8370640461672717	0.03748527926786147
21952	0.26833622806141183	0.6264407694994416	0.1052230024391466
21953	0.26922521049403214	0.6372164529059101	0.09355833660005769
21954	0.16326932298723326	0.5956823334441506	0.24104834356861615
21955	0.14862772331764987	0.7438161821578437	0.10755609452450642
21956	0.17465996993712543	0.7323699954923139	0.0929700345705606
21957	0.07546390571093073	0.7384467314026639	0.1860893628864053
21958	0.13325727287487146	0.8001185469075341	0.06662418021759443
21959	0.49266051683724543	0.3913964389037166	0.11594304425903805
21960	0.25346323868620585	0.6766016923437846	0.06993506897000948
21961	0.15362201917605708	0.7645074562000922	0.08187052462385075
21962	0.1914791390824874	0.660441567208045	0.14807929370946757
21963	0.05853892192996109	0.9112509653464399	0.030210112723598907
21964	0.16895526068006228	0.7639551245252975	0.06708961479464023
21965	0.29552823755355206	0.5833733015351616	0.12109846091128625
21966	0.4622895693388209	0.4875837387902177	0.050126691870961325
21967	0.3264877583927065	0.6375171404446682	0.0359951011626253
21968	0.32893048680985804	0.5751970919063019	0.09587242128384005
21969	0.03131897449298881	0.7120996444413754	0.2565813810656358
21970	0.1418252923473812	0.7577721599739453	0.10040254767867342
21971	0.09027699306462711	0.8568786098557369	0.05284439707963599
21972	0.20530120742459151	0.7376085049079648	0.05709028766744361
21973	0.22980827413835095	0.6791858790623838	0.09100584679926516
21974	0.18042588701577694	0.765929207491838	0.05364490549238505
21975	0.18042588701577694	0.765929207491838	0.05364490549238505
21976	0.23730203005478248	0.6614985065448551	0.10119946340036236
21977	0.41527966779450814	0.5085754932242964	0.07614483898119556
21978	0.1577054727654692	0.6723625599666024	0.16993196726792836
21979	0.29441488771085417	0.6723013386751467	0.03328377361399906
21980	0.12424794734078612	0.2719140637322699	0.603837988926944
21981	0.19238947062429976	0.7012521475033884	0.10635838187231185
21982	0.15999034445010657	0.26401954294515395	0.5759901126047394
21983	0.04882471526438708	0.8767118208546801	0.07446346388093279
21984	0.09222777388026851	0.8254616413409023	0.08231058477882922
21985	0.2935364738073522	0.39670653460388494	0.3097569915887629
21986	0.13093978415488658	0.5844404653871015	0.28461975045801197
21987	0.23210913958749366	0.5048646347627491	0.2630262256497573
21988	0.06944049819158414	0.5402182947339284	0.39034120707448755
21989	0.17570060170110097	0.666172456669243	0.1581269416296561
21990	0.11664174457703251	0.7342937700291936	0.14906448539377395
21991	0.03739767266640548	0.23348799704495402	0.7291143302886405
21992	0.033155481945483074	0.9195373898017747	0.04730712825274226
21993	0.14142244344455837	0.6281891078507217	0.23038844870472
21994	0.07439811804246166	0.5581096179125352	0.3674922640450031
21995	0.21410580728161924	0.6807075707803104	0.10518662193807034
21996	0.12832712478245067	0.7333061572156678	0.13836671800188147
21997	0.32891435316951156	0.33688548973597743	0.334200157094511
21998	0.10585268286328482	0.5510775722614093	0.34306974487530584
21999	0.05955898810534342	0.8650980094795092	0.0753430024151474
22000	0.21696595589054557	0.6748053691705209	0.10822867493893348
22001	0.21696595589054557	0.6748053691705209	0.10822867493893348
22002	0.1191069509084523	0.6700449209938111	0.21084812809773662
22003	0.07156244238692452	0.6359610145240789	0.29247654308899657
22004	0.3873238607141542	0.5277484011644609	0.08492773812138486
22005	0.0486472009411038	0.4133710273019909	0.5379817717569053
22006	0.15628631995982156	0.6959978418454302	0.1477158381947482
22007	0.19478157511387834	0.5484744630479101	0.2567439618382115
22008	0.048351025119075054	0.40042754673456643	0.5512214281463584
22009	0.6753375228468596	0.24772376659371018	0.07693871055943029
22010	0.2232495930490082	0.4181531372252658	0.3585972697257261
22011	0.08365762252898248	0.8559147971922142	0.0604275802788033
22012	0.3448284531027371	0.5615332700502187	0.09363827684704427
22013	0.0891463574614268	0.8676664714923299	0.04318717104624324
22014	0.055927952947018786	0.8468078965172833	0.09726415053569797
22015	0.14676542199389656	0.8005197895825804	0.052714788423523104
22016	0.11432437570628882	0.8094197694472032	0.07625585484650803
22017	0.12665266738280426	0.7430588459608629	0.1302884866563329
22018	0.12486414145685101	0.270019416912498	0.605116441630651
22019	0.2809290051399119	0.6343440840762974	0.08472691078379067
22020	0.5722596660123732	0.37595666507896536	0.05178366890866141
22021	0.1792741701201016	0.6276638122612497	0.1930620176186487
22022	0.0736201484176941	0.8789424627446897	0.04743738883761627
22023	0.17919824806952567	0.8067704743352129	0.014031277595261493
22024	0.36538327354482814	0.5378477237124272	0.09676900274274472
22025	0.2423849627680548	0.631108294638146	0.12650674259379932
22026	0.03873225298644084	0.6080420588702501	0.3532256881433091
22027	0.11965241126357999	0.7454570707162333	0.1348905180201867
22028	0.4916470207792984	0.345045427283516	0.16330755193718557
22029	0.5121973643604569	0.37310545277294144	0.11469718286660155
22030	0.30689918294644575	0.5875676002960667	0.10553321675748759
22031	0.05371380398167221	0.3607321666514513	0.5855540293668765
22032	0.3949888568668921	0.12990606892319337	0.47510507420991455
22033	0.5983028625394619	0.35558780369000775	0.04610933377053036
22034	0.1422613428535031	0.626920041162271	0.230818615984226
22035	0.08822902838186038	0.7871297455029587	0.12464122611518098
22036	0.16287759145352612	0.5103092988159338	0.32681310973054023
22037	0.3655595196224766	0.5407149642937913	0.0937255160837321
22038	0.16566530356676376	0.769031417007412	0.06530327942582421
22039	0.16566530356676376	0.769031417007412	0.06530327942582421
22040	0.1039340324638365	0.7063198475911617	0.1897461199450018
22041	0.08280777796851649	0.8552923579876132	0.0618998640438704
22042	0.057762442272387755	0.6791321731536765	0.2631053845739358
22043	0.15669244373501054	0.6474259346127862	0.19588162165220327
22044	0.1078142457264866	0.7876696363594717	0.10451611791404165
22045	0.08018883423088193	0.8723548117801454	0.047456353988972605
22046	0.033351322586065796	0.9011195880818286	0.06552908933210555
22047	0.27659888595071536	0.6534486273781107	0.06995248667117387
22048	0.15957521890189738	0.7901250049533793	0.050299776144723155
22049	0.26719426442214445	0.6402214681517745	0.09258426742608104
22050	0.055282260195754954	0.8598820241386504	0.0848357156655945
22051	0.150960867211178	0.6023999989224709	0.24663913386635117
22052	0.11112767328767104	0.7142190342028903	0.17465329250943853
22053	0.09405404078723882	0.8426581373178204	0.06328782189494081
22054	0.01576653208588175	0.46850579706703643	0.5157276708470818
22055	0.05848886940510543	0.7735541979909375	0.16795693260395703
22056	0.1600341718924521	0.4488149656988362	0.39115086240871166
22057	0.02242688497332532	0.29781463417246007	0.6797584808542145
22058	0.10991710039255312	0.7512938422703821	0.13878905733706476
22059	0.07231530383012234	0.11351624435598708	0.8141684518138905
22060	0.27171953817543504	0.5870889763695343	0.14119148545503069
22061	0.07752593628463095	0.4380725756390565	0.4844014880763126
22062	0.16211158812912063	0.6350955139340607	0.20279289793681873
22063	0.04726736239737971	0.32764741400969066	0.6250852235929295
22064	0.07512814993656365	0.853268054522299	0.07160379554113737
22065	0.07971177566468769	0.5268295506267253	0.393458673708587
22066	0.19870833131759563	0.7133415640650371	0.08795010461736712
22067	0.40897933188098873	0.4033465488264121	0.18767411929259925
22068	0.07896988615212765	0.8509336402755427	0.07009647357232959
22069	0.12693935908242823	0.739297083308078	0.13376355760949388
22070	0.14118382702523302	0.14302864624322223	0.7157875267315448
22071	0.11439995845214257	0.5425026371119138	0.3430974044359435
22072	0.22608175866773314	0.3828270450890703	0.3910911962431965
22073	0.07082948383431754	0.5807559692065049	0.3484145469591776
22074	0.15584774857827757	0.7677647328993468	0.07638751852237567
22075	0.032563138047086645	0.4114312700143348	0.5560055919385786
22076	0.11231938408400166	0.5814075158468998	0.30627310006909864
22077	0.334848420424347	0.5715022359011768	0.09364934367447611
22078	0.0686824154129868	0.05426217117918654	0.8770554134078267
22079	0.04868280109637913	0.49838949864833765	0.4529277002552833
22080	0.1478669770781945	0.7489686554202118	0.10316436750159358
22081	0.4505677526931946	0.4489310965074539	0.10050115079935157
22082	0.06169262097902844	0.24884458066921122	0.6894627983517604
22083	0.21228812115294793	0.5345970148087595	0.2531148640382925
22084	0.16989512442253882	0.7594058443047363	0.0706990312727248
22085	0.19095399175372965	0.7284876855422605	0.08055832270400984
22086	0.27317784167117337	0.6495369736861528	0.07728518464267387
22087	0.20582263699256967	0.6963885213122892	0.09778884169514102
22088	0.15755533629384666	0.4846925390037495	0.3577521247024039
22089	0.19169641634143192	0.7079896208726322	0.10031396278593589
22090	0.2219400822121386	0.6920867607015773	0.08597315708628409
22091	0.06984807965025314	0.6976703881277451	0.23248153222200182
22092	0.48290037435330313	0.45777355853737367	0.05932606710932324
22093	0.20676726936810688	0.6367726552956092	0.1564600753362839
22094	0.35854838108130527	0.5711792411154714	0.07027237780322342
22095	0.06146878137838396	0.8261561552649824	0.11237506335663357
22096	0.30949004050772755	0.609155747425344	0.08135421206692854
22097	0.28196707447118025	0.6581139568366734	0.0599189686921464
22098	0.3056780438541162	0.6017892624718203	0.09253269367406347
22099	0.052713988856272535	0.8912832305534579	0.05600278059026949
22100	0.06619080751903395	0.6805416951900335	0.2532674972909326
22101	0.07872974540046704	0.4378873689976499	0.48338288560188303
22102	0.21914456398030327	0.6743781617265838	0.10647727429311282
22103	0.2833665774530629	0.6151164700387506	0.1015169525081866
22104	0.5726786722486074	0.3463410277148959	0.08098030003649671
22105	0.08304889401672402	0.8757675235613649	0.04118358242191105
22106	0.41474918041994857	0.45642708110515356	0.12882373847489798
22107	0.2025776978175577	0.5742062977082291	0.22321600447421325
22108	0.2882237484393112	0.4382749511457847	0.27350130041490417
22109	0.5436334201490177	0.31065688604690417	0.14570969380407825
22110	0.19201246384712548	0.7583197325044485	0.04966780364842605
22111	0.26169017823800994	0.685402822105657	0.05290699965633308
22112	0.0836825985063578	0.834905539481858	0.08141186201178414
22113	0.12943848623828452	0.7666178890502922	0.10394362471142328
22114	0.06886606441824505	0.9004346094134028	0.030699326168352227
22115	0.07704196620077511	0.7749214052637201	0.14803662853550487
22116	0.1196388204009062	0.561044035988459	0.3193171436106349
22117	0.28841974721262503	0.6135053586254945	0.09807489416188052
22118	0.09736383728384447	0.8554446636777953	0.047191499038360334
22119	0.12688833554390813	0.7579693765326483	0.11514228792344365
22120	0.09475069133595926	0.7646032023704562	0.14064610629358448
22121	0.4995651521276063	0.4114081875826951	0.08902666028969858
22122	0.3464883658100462	0.5476948198495009	0.10581681434045297
22123	0.20839143530227472	0.7071866708091045	0.08442189388862077
22124	0.1622771502319044	0.6445387383628051	0.19318411140529063
22125	0.13559744406978008	0.646030443399189	0.21837211253103092
22126	0.15170301376961193	0.7689957050047482	0.07930128122563981
22127	0.0736201484176941	0.8789424627446897	0.04743738883761627
22128	0.040098461803718684	0.2982315966823539	0.6616699415139274
22129	0.11954892940489457	0.7394556555118389	0.14099541508326657
22130	0.1198448846718318	0.7668641631107028	0.11329095221746532
22131	0.23218048108403824	0.6378282622536756	0.1299912566622861
22132	0.1216655385674539	0.5691712220494447	0.3091632393831015
22133	0.18444105158859506	0.7309550113484073	0.0846039370629975
22134	0.09136173357768128	0.6513103736994269	0.25732789272289186
22135	0.23661849418085618	0.694181966999314	0.06919953881982976
22136	0.17777838295830567	0.7934989618279336	0.028722655213760686
22137	0.238504287804187	0.615343150285621	0.14615256191019205
22138	0.2306521983093738	0.6694773742121016	0.09987042747852459
22139	0.08933405388087373	0.5022606595519792	0.4084052865671471
22140	0.19251487127767083	0.7150396892975419	0.0924454394247873
22141	0.0584501723301923	0.9008606378067705	0.040689189863037205
22142	0.17482612295393493	0.7326930029971196	0.09248087404894549
22143	0.08490693549770646	0.2746360070185492	0.6404570574837444
22144	0.08490693549770646	0.2746360070185492	0.6404570574837444
22145	0.19316297847254077	0.5997691748698604	0.20706784665759875
22146	0.3849216518985764	0.5430324866146403	0.0720458614867832
22147	0.21768170026640837	0.6977353401132435	0.08458295962034816
22148	0.07992657356957669	0.7704460774809484	0.14962734894947488
22149	0.04878528893506259	0.7757417439837683	0.17547296708116908
22150	0.13098976008750576	0.7449401271894235	0.12407011272307074
22151	0.1986452841489066	0.7225283748980492	0.07882634095304418
22152	0.04866717107118191	0.7306983896970876	0.2206344392317305
22153	0.13257709798640618	0.706214300735431	0.16120860127816278
22154	0.055649601118140525	0.7996507590496182	0.1446996398322412
22155	0.16691176861935433	0.7355749536978738	0.09751327768277177
22156	0.3370681816887219	0.5842274697103312	0.07870434860094694
22157	0.07456338579359957	0.8821811504588409	0.04325546374755944
22158	0.21884337907417106	0.682274612681288	0.09888200824454099
22159	0.13913040095263635	0.7864203583483366	0.07444924069902722
22160	0.13020628669198678	0.7771552125739366	0.0926385007340766
22161	0.0452337327324324	0.37867222369731734	0.5760940435702503
22162	0.12398208414807989	0.7826239425341113	0.09339397331780887
22163	0.14029172722604857	0.7551712587419989	0.10453701403195265
22164	0.08257402165919603	0.8787262475559569	0.03869973078484719
22165	0.14037829227623483	0.407011577806395	0.45261012991737015
22166	0.07665719476687376	0.8715634400145394	0.05177936521858684
22167	0.1490188543948484	0.7166758276330063	0.13430531797214534
22168	0.12783699522267378	0.6262278895771153	0.24593511520021102
22169	0.203448671768581	0.6838665510059299	0.1126847772254891
22170	0.5939465262079924	0.35803988758210725	0.04801358620990029
22171	0.1122302641846627	0.6207653236208062	0.2670044121945312
22172	0.16027960486938683	0.7910118338234525	0.04870856130716057
22173	0.16226469720102896	0.745558986476188	0.09217631632278296
22174	0.18086152260282864	0.6302653834241556	0.18887309397301577
22175	0.09431003299344916	0.7977837742272141	0.10790619277933668
22176	0.3083916005752351	0.16602021671040681	0.5255881827143581
22177	0.052025155567766525	0.0709262662526588	0.8770485781795746
22178	0.039373857153327946	0.9148237366953911	0.04580240615128094
22179	0.11994580665917305	0.7781103074563088	0.10194388588451818
22180	0.18422457844173895	0.6571354245647166	0.15863999699354434
22181	0.1957114590159209	0.7053095595914859	0.09897898139259316
22182	0.39071896700268943	0.5595606073424793	0.04972042565483137
22183	0.18031694652458086	0.7206188481322967	0.0990642053431224
22184	0.18031694652458086	0.7206188481322967	0.0990642053431224
22185	0.09955601811594912	0.8665190737316244	0.03392490815242653
22186	0.0960016253179409	0.46638882057817926	0.43760955410387975
22187	0.20803874461369457	0.6878277585481332	0.10413349683817223
22188	0.22980827413835095	0.6791858790623838	0.09100584679926516
22189	0.08101168454037891	0.06680821257485123	0.85218010288477
22190	0.37807905794536273	0.5238432089007758	0.0980777331538613
22191	0.48508007115987717	0.4471131749481946	0.06780675389192826
22192	0.07161222114815328	0.8736568193646795	0.05473095948716714
22193	0.22255320668941778	0.7306310865547737	0.046815706755808546
22194	0.21467367372050106	0.6870105389653781	0.09831578731412079
22195	0.09966224517769588	0.8320234116509371	0.06831434317136707
22196	0.15857453454986986	0.710930012104926	0.13049545334520404
22197	0.6596441808128475	0.2727179541084149	0.0676378650787377
22198	0.051332370167325274	0.6847536890376289	0.2639139407950458
22199	0.14140425595614864	0.6603253589633086	0.19827038508054276
22200	0.12384472337630523	0.8332405688228596	0.04291470780083523
22201	0.20159163921964934	0.7131221851294379	0.08528617565091264
22202	0.13348770886662067	0.7826757974010008	0.08383649373237856
22203	0.10148226787764499	0.3324990856611766	0.5660186464611784
22204	0.0465029293784074	0.5407358060211559	0.41276126460043666
22205	0.19716444660542026	0.6696414245770999	0.13319412881747983
22206	0.4878913477292928	0.4441971995893525	0.0679114526813547
22207	0.019444095588813423	0.8507790708807355	0.12977683353045116
22208	0.19484777723179098	0.6855424917753585	0.11960973099285063
22209	0.16054913527375925	0.31629088835530833	0.5231599763709323
22210	0.22247196582905135	0.6836983100790848	0.09382972409186385
22211	0.09239990879869395	0.7651852100047017	0.14241488119660428
22212	0.20149991160740224	0.4539189644829914	0.3445811239096063
22213	0.20746934294896138	0.662623596457533	0.1299070605935057
22214	0.5716950272870361	0.35476889973892534	0.07353607297403851
22215	0.08606977350857753	0.850901880302019	0.06302834618940355
22216	0.13672398300342956	0.7433870775485942	0.1198889394479763
22217	0.029168778551513914	0.5243912865599527	0.44643993488853323
22218	0.0975988967635885	0.692832896070258	0.20956820716615346
22219	0.18924027182619424	0.7182676358019261	0.09249209237187968
22220	0.07438958028188752	0.7415565275456997	0.18405389217241275
22221	0.040298275764855944	0.9207295422620124	0.038972181973131736
22222	0.12284092085216794	0.7648788014069736	0.11228027774085851
22223	0.09556244863101353	0.7693459290603456	0.1350916223086408
22224	0.03207353229464941	0.6779187590668201	0.2900077086385306
22225	0.061632385345516544	0.8138877116982762	0.12447990295620724
22226	0.15528278347553495	0.7617604090223412	0.08295680750212384
22227	0.046099643300569655	0.6012330972293543	0.352667259470076
22228	0.4493641497623359	0.5025185130443488	0.0481173371933152
22229	0.2534725401740566	0.6753432579899801	0.07118420183596336
22230	0.7241236696946385	0.10367131343310151	0.17220501687225998
22231	0.06415705314565257	0.6998085389715824	0.2360344078827651
22232	0.10165842035288136	0.8279579027208209	0.07038367692629774
22233	0.14857319138275232	0.7598697662312162	0.09155704238603149
22234	0.1642222445174184	0.7696065011249532	0.06617125435762833
22235	0.31241827530832855	0.6194561912038293	0.06812553348784205
22236	0.5569039447628105	0.3581299072825281	0.08496614795466141
22237	0.3011429787842322	0.42800625719460406	0.2708507640211637
22238	0.013723857403130339	0.9677816369313245	0.018494505665545124
22239	0.15371690606368932	0.8022278655439066	0.04405522839240412
22240	0.05826032566997132	0.6260251686529591	0.3157145056770696
22241	0.05568546935537948	0.6359058938811142	0.3084086367635064
22242	0.23053172135582362	0.6675588280161773	0.10190945062799915
22243	0.07652878660973787	0.5702602045033944	0.35321100888686774
22244	0.21493602796421435	0.5892407945704986	0.19582317746528716
22245	0.19562396337627197	0.6743714004119686	0.1300046362117593
22246	0.25464446607103264	0.6204517869736305	0.12490374695533688
22247	0.10960699348523309	0.7038864684968943	0.18650653801787268
22248	0.2994703402602379	0.5099817865705126	0.1905478731692494
22249	0.12373532860917973	0.28643679882373896	0.5898278725670815
22250	0.3409453547984749	0.48622983239642625	0.1728248128050989
22251	0.25920027239632504	0.6115186711625237	0.1292810564411514
