21257	0.2350086596181017	0.5747398043307139	0.1902515360511844
21258	0.22663058699540506	0.5968057579583617	0.17656365504623325
21259	0.23264828684784236	0.43004728912208656	0.33730442403007116
21260	0.24519276131095938	0.5778507708817224	0.17695646780731816
21261	0.27271842119707956	0.40764745174623584	0.31963412705668454
21262	0.3255388273739961	0.4940830058174056	0.18037816680859844
21263	0.12409955006074	0.4884000890889051	0.387500360850355
21264	0.15787729046990856	0.49104897536531744	0.351073734164774
21265	0.1945326709159795	0.6009846893815136	0.20448263970250688
21266	0.13680108947280223	0.4578687820254609	0.40533012850173683
21267	0.02630154401569318	0.3754864552584914	0.5982120007258154
21268	0.10974802387449568	0.7217019502913804	0.16855002583412385
21269	0.2995646638064449	0.5539907180380576	0.14644461815549753
21270	0.03326802642898675	0.6828174855490213	0.28391448802199193
21271	0.13297417967925576	0.5861713676321948	0.2808544526885494
21272	0.213614139872884	0.6068759145753678	0.17950994555174826
21273	0.25586902911984855	0.648105840077322	0.09602513080282944
21274	0.26711526442251465	0.5897267182485737	0.14315801732891162
21275	0.21528724405961827	0.6865175685856513	0.0981951873547305
21276	0.3948625370081277	0.5293143693304366	0.07582309366143569
21277	0.13238258575690684	0.6226342291203895	0.24498318512270362
21278	0.23222296168066436	0.5494077525271448	0.2183692857921908
21279	0.3155415987678678	0.43695257253425335	0.24750582869787882
21280	0.12221788369499745	0.7339440439221007	0.14383807238290192
21281	0.32135267419724567	0.5557359590200633	0.12291136678269106
21282	0.034547555075942295	0.5053954038562952	0.4600570410677625
21283	0.17231361945357865	0.6632493882066437	0.16443699233977765
21284	0.10079798475047205	0.5512334832541744	0.3479685319953536
21285	0.16448988592511496	0.669841509190944	0.16566860488394103
21286	0.03704262999304126	0.9055481406463574	0.057409229360601374
21287	0.2540444756648422	0.6093404693815241	0.1366150549536337
21288	0.1902830109681956	0.48713499556849693	0.3225819934633075
21289	0.2698765227095875	0.6070153470345577	0.1231081302558548
21290	0.08345049587440637	0.5808810418213263	0.33566846230426733
21291	0.25604341465291114	0.5801003054479582	0.16385627989913062
21292	0.18342472169539692	0.41219258849507506	0.40438268980952796
21293	0.22765476778354363	0.5170475634556708	0.2552976687607856
21294	0.08638756518550976	0.343591339468907	0.5700210953455833
21295	0.18051648464336656	0.5065970648849556	0.3128864504716779
21296	0.20084810075453005	0.6486703548295165	0.15048154441595343
21297	0.24375067458449046	0.6141918715266034	0.14205745388890617
21298	0.20709737960195632	0.6720784885740749	0.12082413182396874
21299	0.2806223935094133	0.5905955644853566	0.1287820420052301
21300	0.2344638304428923	0.5845709199418803	0.18096524961522736
21301	0.2978969957226653	0.503093752127775	0.19900925214955972
21302	0.23477892390637414	0.6236068691253079	0.141614206968318
21303	0.23723639005997688	0.5939716304129811	0.168791979527042
21304	0.19453340997169918	0.5954822857124711	0.20998430431582976
21305	0.16306505410384872	0.48660327210353116	0.35033167379262004
21306	0.16811286873399262	0.6121638341481758	0.2197232971178317
21307	0.17428288627046418	0.69676643069775	0.1289506830317859
21308	0.19116844169281658	0.6279472002402178	0.18088435806696565
21309	0.18387286469102723	0.6344112893407651	0.18171584596820758
21310	0.0664326789672997	0.4638659328705943	0.46970138816210594
21311	0.20847278532818964	0.6355563529396497	0.15597086173216057
21312	0.06734453109321939	0.3640875107494932	0.5685679581572873
21313	0.10593371090678652	0.749140354469495	0.1449259346237184
21314	0.22181550212734835	0.630498527213711	0.14768597065894068
21315	0.2090512146297317	0.5953588269762793	0.195589958393989
21316	0.06780041297292282	0.4327658856243811	0.4994337014026962
21317	0.23419786788004904	0.5988501191299274	0.16695201299002366
21318	0.0990636417636682	0.7496265335559196	0.15130982468041235
21319	0.25252304623572774	0.49668033153743274	0.2507966222268395
21320	0.17225907224223794	0.5567766366450049	0.27096429111275716
21321	0.19031180629555633	0.5110059561864326	0.298682237518011
21322	0.26928249407980615	0.4989142298450402	0.23180327607515355
21323	0.2191668658199349	0.6020921602642106	0.17874097391585442
21324	0.2404106064324962	0.6242688256919862	0.13532056787551763
21325	0.13056351294068153	0.5820571143681613	0.28737937269115704
21326	0.041469193644625466	0.8954089914835096	0.063121814871865
21327	0.2713950392364378	0.5829990925906966	0.14560586817286555
21328	0.12516084976213795	0.6368713571884942	0.23796779304936783
21329	0.07455900543457215	0.5257517385930496	0.39968925597237814
21330	0.17240242975013126	0.601409214028234	0.2261883562216347
21331	0.2125212175402525	0.460872847897662	0.3266059345620855
21332	0.23730893474398168	0.5656519940290415	0.1970390712269769
21333	0.340339931683935	0.5414013562873303	0.11825871202873471
21334	0.22467082418792297	0.5625166379982761	0.21281253781380094
21335	0.22467082418792297	0.5625166379982761	0.21281253781380094
21336	0.013325223562094902	0.8657357922496058	0.12093898418829929
21337	0.3569030097679229	0.4999171627262978	0.1431798275057792
21338	0.17944146704629585	0.5785918520019058	0.24196668095179844
21339	0.14598526116987903	0.5119530748521863	0.3420616639779346
21340	0.21487898621676588	0.5131342445058741	0.27198676927735993
21341	0.3067709311421822	0.5089006020377074	0.1843284668201105
21342	0.17424663660154144	0.5012749144472425	0.3244784489512162
21343	0.2760565152638573	0.5066668612494619	0.21727662348668075
21344	0.21810190574648589	0.5685296818588155	0.2133684123946986
21345	0.2888164988132877	0.5771225532994305	0.1340609478872818
21346	0.40527301539885746	0.4788089814536807	0.11591800314746192
21347	0.11144097265199596	0.5692123264013107	0.3193467009466933
21348	0.2272480266420584	0.6258299828454305	0.14692199051251117
21349	0.04200923939432293	0.8833031643498321	0.07468759625584505
21350	0.2693982770601044	0.5583290518474981	0.17227267109239752
21351	0.08619602632825106	0.7541341990085253	0.1596697746632237
21352	0.2556154883915575	0.6014038019265388	0.14298070968190377
21353	0.2840098763806287	0.5631392981269882	0.1528508254923832
21354	0.20959536832524686	0.6606329101141993	0.12977172156055378
21355	0.30187862347213734	0.5568152035806607	0.14130617294720194
21356	0.30187862347213734	0.5568152035806607	0.14130617294720194
21357	0.24198157666790798	0.5367735119827203	0.22124491134937177
21358	0.27774986224531417	0.5964417071699382	0.12580843058474764
21359	0.27774986224531417	0.5964417071699382	0.12580843058474764
21360	0.14107018969038573	0.6898423226082032	0.1690874877014111
21361	0.26108048205694884	0.5305607000189446	0.20835881792410654
21362	0.0739277847051884	0.44284935818229587	0.48322285711251567
21363	0.22480173907963322	0.6007210597078398	0.17447720121252688
21364	0.48464626063948574	0.4050527530578194	0.11030098630269476
21365	0.2005129806151061	0.636505218672178	0.16298180071271592
21366	0.05599802972914695	0.7700294668430855	0.17397250342776754
21367	0.07023604983948878	0.6788003274005449	0.2509636227599665
21368	0.24562145318161274	0.6017562920919193	0.15262225472646804
21369	0.19343103708029916	0.5849227623758011	0.22164620054389966
21370	0.21415546789268985	0.6698955808243838	0.1159489512829263
21371	0.2984702521287296	0.45650832855969553	0.24502141931157487
21372	0.1471149954147868	0.6027111747744421	0.2501738298107711
21373	0.20573243685258039	0.5302977802637016	0.263969782883718
21374	0.18409409969497378	0.7038529508345294	0.11205294947049689
21375	0.25456659561852213	0.6248927408363053	0.12054066354517258
21376	0.27353615042372914	0.5742290108473056	0.15223483872896532
21377	0.2743234441023479	0.5701682134353494	0.15550834246230266
21378	0.04205203983892706	0.8774092870359801	0.08053867312509277
21379	0.2674937183943519	0.5497179945412546	0.1827882870643936
21380	0.46366860741307986	0.39848166958741094	0.13784972299950918
21381	0.3339655911918697	0.4405645643422975	0.2254698444658327
21382	0.2015909097161588	0.6204740791201637	0.17793501116367738
21383	0.304466430319584	0.5569979924264098	0.13853557725400623
21384	0.11829777436300373	0.6461175714671968	0.23558465416979932
21385	0.2204325138837483	0.5674666479879936	0.21210083812825803
21386	0.28142952759121914	0.5306371505308434	0.1879333218779375
21387	0.2504737578627088	0.6459027354576582	0.1036235066796331
21388	0.08011385074810921	0.7634548613170854	0.1564312879348054
21389	0.2424339468016749	0.6164074554462102	0.14115859775211478
21390	0.2153570109420819	0.6075121527043721	0.17713083635354604
21391	0.30060425242992495	0.6014150109379511	0.09798073663212395
21392	0.25225396796821253	0.6108047142606228	0.1369413177711647
21393	0.14362283076859744	0.6804938946529596	0.17588327457844286
21394	0.2075397502491272	0.6629902644014104	0.12946998534946239
21395	0.3663409755308519	0.4586267820532964	0.17503224241585172
21396	0.19779945032914398	0.5901452751047949	0.21205527456606113
21397	0.2671523282375543	0.5932599092974021	0.1395877624650435
21398	0.2671523282375543	0.5932599092974021	0.1395877624650435
21399	0.2250485028651583	0.6251592023427506	0.1497922947920911
21400	0.23986285850734163	0.6080967725989361	0.15204036889372224
21401	0.25236739652907997	0.4793208084065707	0.26831179506434943
21402	0.21268309367624794	0.6417374348253136	0.14557947149843836
21403	0.1139515108566423	0.41604777621678046	0.47000071292657714
21404	0.16215672219639965	0.3812603922516132	0.45658288555198717
21405	0.08924733686413336	0.5951410721907969	0.31561159094506974
21406	0.23092743810329575	0.5895387643393072	0.17953379755739707
21407	0.08019401925095669	0.49982506025357126	0.4199809204954721
21408	0.23213616517506858	0.6419601488040235	0.12590368602090782
21409	0.2726670838307086	0.6203973887460409	0.1069355274232504
21410	0.2726670838307086	0.6203973887460409	0.1069355274232504
21411	0.24857693519075125	0.646793908222796	0.10462915658645268
21412	0.2551051291585808	0.639835552890089	0.10505931795133013
21413	0.4554692292487436	0.4472654407626437	0.09726532998861265
21414	0.0969641874960559	0.40423891413851315	0.498796898365431
21415	0.2962368928899937	0.5189900621814619	0.18477304492854438
21416	0.25498304500093305	0.5998536583751491	0.14516329662391775
21417	0.4207461618196556	0.4855443748455593	0.09370946333478523
21418	0.3587421369743525	0.5615689163114337	0.07968894671421384
21419	0.19460049263103532	0.6389805287345546	0.16641897863441013
21420	0.3602233202456961	0.5439623494121572	0.09581433034214677
21421	0.2386594287134586	0.49629285913488136	0.26504771215166006
21422	0.21173210854697908	0.6445025224949233	0.14376536895809747
21423	0.1614130171345598	0.7463005860406338	0.09228639682480641
21424	0.22625929590320923	0.6739615597549179	0.09977914434187286
21425	0.22432255889404462	0.5029589682978137	0.2727184728081417
21426	0.19767722519565184	0.4652585351331455	0.33706423967120275
21427	0.24077617214630778	0.632370505819842	0.12685332203385025
21428	0.21289829561848797	0.5924044240269837	0.1946972803545283
21429	0.37613493244346424	0.513695128254127	0.11016993930240866
21430	0.19513129389518405	0.595081601330179	0.20978710477463694
21431	0.0669698392807429	0.3582909245417157	0.5747392361775414
21432	0.22359248653170327	0.5821372271327372	0.19427028633555948
21433	0.18746775907317934	0.620537919745022	0.19199432118179868
21434	0.1899073892601981	0.5374101829070922	0.27268242783270974
21435	0.2371170694363926	0.4854587523690139	0.2774241781945935
21436	0.27934093374916974	0.572149642356179	0.1485094238946512
21437	0.27314454622585244	0.5649458532485976	0.16190960052555006
21438	0.2604508169661008	0.5346056771033343	0.20494350593056496
21439	0.16315971483040034	0.5939076979797737	0.2429325871898259
21440	0.2600943791813802	0.642578746645571	0.09732687417304874
21441	0.20171750259939616	0.6439310707520836	0.15435142664852022
21442	0.20171750259939616	0.6439310707520836	0.15435142664852022
21443	0.20721419593688184	0.5355425217707878	0.25724328229233034
21444	0.37741042531137253	0.5165033451834194	0.10608622950520803
21445	0.13623444489235498	0.7232800116208775	0.14048554348676753
21446	0.2713950392364378	0.5829990925906966	0.14560586817286555
21447	0.15881134164118255	0.593100166501008	0.2480884918578094
21448	0.045313783047964074	0.5406394527474347	0.41404676420460107
21449	0.23004247366922095	0.6430380067272967	0.12691951960348236
21450	0.22000139440347752	0.6511744037865046	0.12882420181001789
21451	0.09743788713051005	0.4632676726383432	0.43929444023114667
21452	0.2579300880846541	0.5953736398931022	0.14669627202224372
21453	0.2579300880846541	0.5953736398931022	0.14669627202224372
21454	0.03938517719940882	0.9003254070571733	0.060289415743417785
21455	0.2634878051585309	0.5953459190626654	0.14116627577880372
21456	0.27225530437325124	0.6203254702534231	0.10741922537332575
21457	0.2749379275597267	0.6400896088339195	0.08497246360635385
21458	0.054033310248524376	0.48176715935080533	0.4641995304006704
21459	0.2195045318353621	0.5996217808016888	0.18087368736294906
21460	0.2195045318353621	0.5996217808016888	0.18087368736294906
21461	0.15667219697840665	0.6864573557411651	0.1568704472804283
21462	0.45707410491956	0.4450166992792533	0.09790919580118668
21463	0.29180875018576713	0.5957136051039589	0.11247764471027397
21464	0.05695804876796831	0.476880095235695	0.46616185599633664
21465	0.25415529063953235	0.5891945979113491	0.15665011144911856
21466	0.17222174199419726	0.5722462615073421	0.25553199649846065
21467	0.06316710079786181	0.4990159990814234	0.43781690012071467
21468	0.19514848151709774	0.6631195337748159	0.14173198470808637
21469	0.22317022619327734	0.6353855258105763	0.1414442479961464
21470	0.28532090379965647	0.5410055917986337	0.1736735044017099
21471	0.2639221720567535	0.557898268499038	0.1781795594442084
21472	0.1506988918612851	0.554755244903103	0.2945458632356118
21473	0.03665285668699438	0.37806746234532224	0.5852796809676833
21474	0.17734418567854174	0.4975640954741849	0.3250917188472733
21475	0.24116918929167605	0.5945539841873352	0.1642768265209888
21476	0.24746940153343636	0.5877102039265897	0.16482039453997396
21477	0.13542403285303808	0.5703982180561183	0.29417774909084354
21478	0.18351478763477452	0.7436821700763088	0.07280304228891663
21479	0.06150985132154775	0.49447801983648376	0.44401212884196845
21480	0.2664384526512836	0.5973515085876808	0.13621003876103552
21481	0.31177785445929485	0.5716639624463833	0.1165581830943218
21482	0.3523485645556879	0.541230315672826	0.10642111977148606
21483	0.34033931710513154	0.4361868551581939	0.22347382773667454
21484	0.16580294508541873	0.7066146396641756	0.12758241525040565
21485	0.232172795421241	0.6302613888557973	0.1375658157229617
21486	0.06435806556329246	0.34477351551687146	0.5908684189198362
21487	0.10152234057015487	0.34601830892814006	0.5524593505017051
21488	0.06567897400304618	0.591734676747566	0.3425863492493878
21489	0.09826073545325349	0.5365807995086503	0.36515846503809624
21490	0.052260321225200926	0.7707895212141944	0.1769501575606047
21491	0.3451054517361561	0.4523983574501821	0.20249619081366185
21492	0.3830471575240388	0.5178770264682794	0.09907581600768184
21493	0.21471666998811015	0.6029370532190163	0.1823462767928736
21494	0.43633567439028786	0.47923571535499754	0.0844286102547146
21495	0.1709233191694169	0.6366459834533296	0.1924306973772535
21496	0.21866994775050566	0.5948704698702687	0.1864595823792256
21497	0.05012178747456318	0.862168490670792	0.08770972185464485
21498	0.3021547722968453	0.5555001991356351	0.1423450285675196
21499	0.19729438316776965	0.6856605345662677	0.11704508226596264
21500	0.26684083298792555	0.6142522281324042	0.11890693887967019
21501	0.1665440967928983	0.719013321146303	0.11444258206079866
21502	0.1203270022485083	0.7183886874822392	0.1612843102692525
21503	0.3462798945364615	0.5175522028624963	0.1361679026010421
21504	0.1733116457763422	0.625241007374494	0.20144734684916385
21505	0.2869526123427068	0.5042285407979095	0.20881884685938368
21506	0.3025626496448539	0.5573346592387364	0.14010269111640966
21507	0.23506120495032615	0.6244342304953429	0.140504564554331
21508	0.24304952506388736	0.6728349496658954	0.08411552527021716
21509	0.21534752810769855	0.5994409725688584	0.18521149932344302
21510	0.05210701837482058	0.4845138461279885	0.46337913549719095
21511	0.11439807869914372	0.45463989525958765	0.4309620260412687
21512	0.23333507757071115	0.6030892609372668	0.16357566149202207
21513	0.11739618600518617	0.4741763914213252	0.40842742257348874
21514	0.1767671721335659	0.48053705862537494	0.3426957692410592
21515	0.1916839622280102	0.6520110733765391	0.15630496439545077
21516	0.09193083483694628	0.531002903568114	0.3770662615949399
21517	0.3478013074061008	0.5450950365170772	0.10710365607682208
21518	0.09575973258212636	0.5692346976905304	0.3350055697273432
21519	0.31034302491068955	0.553183808234569	0.1364731668547414
21520	0.2628772569951828	0.6107322590694528	0.12639048393536428
21521	0.2204916578534353	0.40253940963107004	0.3769689325154946
21522	0.2526909639685852	0.5518352536546113	0.19547378237680346
21523	0.41468586483605036	0.46812461562408536	0.11718951953986417
21524	0.08522460139574349	0.7593305535975731	0.15544484500668337
21525	0.27749189070445546	0.5851368546357372	0.13737125465980737
21526	0.3043056960810271	0.4997127736804059	0.19598153023856693
21527	0.2834216205941757	0.5843927321933757	0.13218564721244863
21528	0.11829777436300373	0.6461175714671968	0.23558465416979932
21529	0.2887018974302157	0.5801613236648111	0.13113677890497316
21530	0.3207439323394032	0.5152927075349364	0.1639633601256604
21531	0.03694665177667776	0.8948461279298995	0.06820722029342287
21532	0.06899890350029358	0.6947670592491881	0.23623403725051828
21533	0.2593699264855618	0.6163811962066374	0.12424887730780079
21534	0.24660471333863757	0.6068736039939051	0.14652168266745733
21535	0.033639885965209664	0.5354588443137768	0.43090126972101356
21536	0.16666504288037862	0.6920152697218095	0.14131968739781195
21537	0.11431918532829863	0.5183511248560942	0.36732968981560715
21538	0.14265383670151446	0.6179412465433507	0.23940491675513478
21539	0.3365814148228735	0.5078587303173798	0.15555985485974685
21540	0.23706483429370978	0.6049335964334486	0.15800156927284165
21541	0.29619078643624025	0.44743983942900345	0.25636937413475636
21542	0.06746103927738742	0.4154243878925009	0.5171145728301118
21543	0.21089420956254049	0.5771164143651453	0.21198937607231433
21544	0.2949720932742773	0.5040964041723623	0.20093150255336045
21545	0.2200100200654078	0.6174900681412773	0.16249991179331488
21546	0.43017834536224026	0.42471364727116356	0.14510800736659618
21547	0.1503883147084851	0.37210504692906304	0.47750663836245183
21548	0.22015935323746938	0.6336139211488443	0.14622672561368635
21549	0.6402296871820963	0.2818394599684363	0.07793085284946737
21550	0.20730674390782253	0.6128577437852576	0.17983551230691988
21551	0.10783858430970542	0.6998585594376407	0.19230285625265384
21552	0.3691022484612485	0.4879220739316941	0.14297567760705746
21553	0.2799398833959942	0.46437611658959466	0.25568400001441105
21554	0.1586642178433953	0.46378067198091627	0.37755511017568844
21555	0.0477036275987484	0.3542026483194555	0.5980937240817961
21556	0.15865284209657307	0.517484989565429	0.323862168337998
21557	0.16335427795344884	0.645131623038967	0.19151409900758418
21558	0.23263744596333327	0.6262024107574624	0.14116014327920437
21559	0.10915126327506285	0.3340355234704593	0.5568132132544779
21560	0.2649964474017582	0.6289600911424028	0.10604346145583894
21561	0.14300806849230993	0.7310702498542878	0.12592168165340228
21562	0.23303463388613213	0.6349853827623383	0.13197998335152952
21563	0.22866117885589293	0.5711821068827596	0.20015671426134748
21564	0.27317792413505365	0.5898867411010453	0.13693533476390096
21565	0.22335357828317018	0.5891059865874859	0.18754043512934387
21566	0.22335357828317018	0.5891059865874859	0.18754043512934387
21567	0.22276737611914318	0.6318752041615927	0.14535741971926402
21568	0.2830854062507073	0.46090254070667014	0.25601205304262253
21569	0.12795875533215084	0.6562284011476388	0.2158128435202104
21570	0.20844700306376962	0.5783738306817934	0.21317916625443695
21571	0.06637591855987897	0.6635069878122745	0.2701170936278465
21572	0.18115161503951263	0.6677993481822104	0.151049036778277
21573	0.18279081763417973	0.6047718774196656	0.21243730494615468
21574	0.08707760212745742	0.7158013569516068	0.19712104092093574
21575	0.1576941008525989	0.6631616636609982	0.17914423548640296
21576	0.028203496762506164	0.9068555726772577	0.06494093056023625
21577	0.21031635016126105	0.6331824375275803	0.15650121231115874
21578	0.06017087101205914	0.5708881195772118	0.368941009410729
21579	0.07327729219864046	0.6142662337928487	0.3124564740085108
21580	0.2313022000168867	0.6171810928747347	0.15151670710837864
21581	0.26911729069757145	0.46350452925723146	0.26737818004519703
21582	0.32634804026262826	0.5497474868345025	0.12390447290286925
21583	0.17138457083372022	0.6140593079656983	0.2145561212005815
21584	0.32931828081036146	0.536813417363245	0.13386830182639353
21585	0.23862777051721604	0.5205456878709752	0.24082654161180872
21586	0.1247990488127618	0.44949899283115413	0.42570195835608415
21587	0.0647636324998317	0.6407551201127126	0.2944812473874556
21588	0.2318495457235898	0.5896956196361847	0.1784548346402256
21589	0.2908939876437342	0.5761353725914213	0.13297063976484444
21590	0.2515020967821166	0.49159522981662	0.2569026734012633
21591	0.14181019116882357	0.5012133399913923	0.35697646883978423
21592	0.4827357938520773	0.420594771475871	0.09666943467205161
21593	0.16775756760403468	0.5974488894473013	0.23479354294866403
21594	0.34700491412245105	0.5171247715013011	0.13587031437624783
21595	0.37272813847840225	0.42357909520770465	0.20369276631389294
21596	0.3825493431752803	0.43725800760917505	0.18019264921554481
21597	0.16132556849049595	0.6937610433981655	0.14491338811133866
21598	0.2829781979768407	0.595049582105422	0.12197221991773723
21599	0.24681757266369755	0.6134131783534003	0.13976924898290222
21600	0.08380076116204263	0.7347452718100453	0.18145396702791197
21601	0.06093812740677175	0.3444459785617467	0.5946158940314816
21602	0.19983305953256822	0.5392838610724605	0.26088307939497124
21603	0.3316263958472169	0.48074402294737784	0.18762958120540515
21604	0.33023361157877085	0.4819160048307416	0.18785038359048753
21605	0.3619905449690352	0.5333658593612809	0.1046435956696839
21606	0.046215102464649084	0.5026577114509497	0.45112718608440106
21607	0.13317567374646774	0.5419774093304989	0.3248469169230333
21608	0.17304531793257522	0.5726523497648544	0.25430233230257043
21609	0.5900369433769476	0.2921778332247324	0.11778522339832
21610	0.30943387810628226	0.5571691255757659	0.1333969963179518
21611	0.2037968401962827	0.6337081997691888	0.16249496003452854
21612	0.07730926313633894	0.4613453684318305	0.4613453684318305
21613	0.15760206045133301	0.6322217342733077	0.21017620527535924
21614	0.20961151144441995	0.6251771193271358	0.16521136922844432
21615	0.24180913519481684	0.5438411390570966	0.21434972574808647
21616	0.32062689307351705	0.4781645985682421	0.2012085083582408
21617	0.21095446597496248	0.5160119990436883	0.27303353498134925
21618	0.16503512490861214	0.6548838384903659	0.1800810366010219
21619	0.12879610297599733	0.5238950881022179	0.34730880892178473
21620	0.06441953913170613	0.7105618608746692	0.22501859999362456
21621	0.206133988634208	0.5842503473573224	0.20961566400846957
21622	0.26255616664601333	0.6226864925059368	0.11475734084804984
21623	0.2727832645007777	0.5746512540039249	0.15256548149529736
21624	0.21387693935592036	0.6983057728030119	0.0878172878410677
21625	0.2913993148749088	0.5721193647135286	0.13648132041156258
21626	0.3268883680049421	0.4698507498557541	0.20326088213930385
21627	0.2171141548110328	0.4062456366823641	0.376640208506603
21628	0.2415146224897759	0.6238108352794967	0.13467454223072747
21629	0.1054424540186946	0.6428665320747662	0.25169101390653914
21630	0.032473942943284956	0.40047237194828833	0.5670536851084268
21631	0.16846243069508096	0.6838405386315466	0.1476970306733725
21632	0.16481276209206003	0.4836354936683551	0.3515517442395848
21633	0.21220635993864734	0.609407739542871	0.17838590051848172
21634	0.2896560009492667	0.5814445412281113	0.1288994578226221
21635	0.2533437333113635	0.610037123903997	0.13661914278463952
21636	0.09847772850225602	0.4976274110030304	0.40389486049471374
21637	0.12438284735076625	0.5998331163292336	0.27578403632000004
21638	0.20657821805171686	0.5425427700916591	0.2508790118566241
21639	0.13712040679564078	0.6335630549136181	0.2293165382907412
21640	0.19402670240540326	0.5619691433717947	0.24400415422280208
21641	0.18393618457709549	0.6697283200734637	0.1463354953494407
21642	0.2404106064324962	0.6242688256919862	0.13532056787551763
21643	0.21006906329643932	0.5532501050514272	0.23668083165213344
21644	0.24353829747957942	0.6369584801563826	0.11950322236403797
21645	0.1856845024369626	0.6524322918664335	0.16188320569660392
21646	0.2246907149604567	0.5607423598043783	0.21456692523516505
21647	0.23969435919407975	0.6210167673462276	0.13928887345969268
21648	0.2911012408831954	0.6421019781827024	0.0667967809341022
21649	0.12344032265708961	0.72960292175088	0.14695675559203036
21650	0.181667228083484	0.6168271142430664	0.20150565767344963
21651	0.25517255037098563	0.5963842957272084	0.148443153901806
21652	0.34358670639436756	0.5387443736040227	0.11766892000160972
21653	0.3026722888588959	0.42869536836159183	0.26863234277951226
21654	0.3286065158376051	0.5536630393982502	0.11773044476414471
21655	0.0806262308874108	0.779320315090091	0.14005345402249808
21656	0.2429212189338301	0.6312384102733346	0.1258403707928354
21657	0.1731922868504203	0.5113038290019296	0.3155038841476502
21658	0.24788712007195757	0.5060004290929696	0.24611245083507288
21659	0.2716854538631384	0.5758900714031747	0.1524244747336868
21660	0.11461792651022003	0.6190677662323115	0.26631430725746846
21661	0.12758836127754278	0.642242636512849	0.2301690022096082
21662	0.19169265369395744	0.646075406261649	0.16223194004439345
21663	0.27937243351094887	0.5847846172936956	0.1358429491953556
21664	0.19966319915578315	0.5811639255584502	0.2191728752857666
21665	0.19872264876657342	0.5591491661636959	0.24212818506973066
21666	0.24059909991780581	0.6341335352736313	0.12526736480856293
21667	0.19094209381866992	0.5814994881690012	0.2275584180123289
21668	0.3591315250412351	0.42912087776081825	0.21174759719794659
21669	0.12024821949490487	0.6344112360598942	0.2453405444452008
21670	0.2815531457527997	0.5495883023895073	0.16885855185769302
21671	0.11679076603333642	0.6990154761418914	0.1841937578247722
21672	0.16938621744047647	0.6309441081014097	0.19966967445811395
21673	0.23928292290872352	0.5669561013135992	0.19376097577767723
21674	0.3031486458512433	0.48438510145975877	0.21246625268899805
21675	0.1952410142458313	0.6284512101587326	0.176307775595436
21676	0.20767277750662788	0.4817372053557085	0.3105900171376636
21677	0.2881622416335608	0.5951687281165166	0.11666903024992263
21678	0.12198307687299363	0.44582622030255986	0.43219070282444655
21679	0.208941371690367	0.5840356711943225	0.20702295711531052
21680	0.25615264067253213	0.5866776902275994	0.15716966909986846
21681	0.20990360273694414	0.47888299192269734	0.3112134053403586
21682	0.13611597213546411	0.636312251831027	0.22757177603350884
21683	0.2728310358265661	0.6044435883112428	0.12272537586219114
21684	0.43657039820333976	0.45421999342157315	0.10920960837508695
21685	0.2684609638721766	0.6059177990295591	0.12562123709826423
21686	0.096990207272261	0.7302180633072498	0.17279172942048915
21687	0.24171046255062595	0.5938277617166932	0.16446177573268092
21688	0.0971232982111951	0.4618396320706427	0.4410370697181622
21689	0.2910435444630385	0.5694256168003673	0.13953083873659436
21690	0.32463467977509314	0.5411919904045079	0.13417332982039892
21691	0.21561253712381953	0.6008657802080751	0.18352168266810537
21692	0.16317504325936802	0.5255224084775337	0.31130254826309833
21693	0.1306587905522548	0.3779335389513286	0.4914076704964167
21694	0.33624221522520714	0.4897767158654488	0.17398106890934403
21695	0.3499411708425983	0.4766624273865752	0.17339640177082635
21696	0.18893381874233753	0.6611980171932513	0.14986816406441122
21697	0.25865947963847213	0.5818099169120947	0.1595306034494331
21698	0.06848845152670137	0.722320029486425	0.20919151898687358
21699	0.1834571212820219	0.6115994452119066	0.20494343350607153
21700	0.22431722722888883	0.5860985670484584	0.18958420572265283
21701	0.32194522803550774	0.5867355260621847	0.09131924590230753
21702	0.14912348579829618	0.5314747409021839	0.31940177329951996
21703	0.11203322454186639	0.6194630468237476	0.268503728634386
21704	0.1250278171675387	0.564605851571832	0.31036633126062935
21705	0.03987421848603708	0.44645357251843215	0.5136722089955308
21706	0.19439785719277475	0.5916108170182398	0.21399132578898547
21707	0.18034881372204692	0.6527528752735744	0.16689831100437863
21708	0.10546708266882476	0.6497675162201979	0.24476540111097725
21709	0.10099270739519237	0.6534210437525108	0.24558624885229682
21710	0.23663775040789137	0.6275965572613715	0.13576569233073713
21711	0.3491355948725891	0.5303488183362625	0.1205155867911484
21712	0.2816651769115648	0.5765154946514485	0.14181932843698677
21713	0.3934386396590346	0.5005178062563084	0.10604355408465715
21714	0.10558877222180318	0.722072453636017	0.17233877414217982
21715	0.07722815500321582	0.6912282478876972	0.23154359710908695
21716	0.22054351291699786	0.636780927995368	0.14267555908763413
21717	0.23370220818271809	0.6421117944856989	0.12418599733158306
21718	0.20368875507978207	0.6161418221554429	0.18016942276477513
21719	0.14398571731988608	0.41353968638034605	0.4424745962997678
21720	0.20875978924616587	0.4248418941768436	0.36639831657699046
21721	0.23812264766096533	0.5765353179056136	0.18534203443342104
21722	0.05748237993411645	0.7118848244541937	0.23063279561168992
21723	0.1835965775556859	0.5975841539970003	0.21881926844731392
21724	0.22602223642595629	0.600527261718971	0.17345050185507277
21725	0.09013638862097471	0.40661658421503305	0.5032470271639923
21726	0.2648114522233505	0.5566761637312553	0.17851238404539418
21727	0.20640377014414904	0.44708021296379463	0.3465160168920564
21728	0.27490007748446177	0.5407044730623581	0.18439544945318007
21729	0.2585144636357246	0.5612197169316742	0.18026581943260125
21730	0.03649082915211524	0.48843203500279114	0.47507713584509376
21731	0.18033833806886493	0.6422852282218499	0.17737643370928521
21732	0.042019793352073606	0.8850457218405308	0.07293448480739574
21733	0.2699119758352205	0.5611216261441829	0.1689663980205966
21734	0.2135796037268499	0.6161422875370656	0.17027810873608457
21735	0.42134027586950795	0.47986245290500007	0.09879727122549195
21736	0.06167312221266278	0.3197463110771699	0.6185805667101673
21737	0.09259811752329493	0.3488886992347283	0.5585131832419767
21738	0.2441259916985458	0.62883377802816	0.12704023027329425
21739	0.2870446369012937	0.5687838516550071	0.14417151144369914
21740	0.22691803087869195	0.481377318588254	0.29170465053305406
21741	0.2937092358684846	0.5564580904697559	0.1498326736617595
21742	0.2164592540019283	0.4833427177461565	0.3001980282519151
21743	0.20550176205800955	0.6682902618258619	0.12620797611612852
21744	0.3853662278902888	0.4695744226599924	0.14505934944971874
21745	0.2680925056838835	0.5865778838474632	0.14532961046865323
21746	0.26455610733860074	0.5891813646373115	0.14626252802408765
21747	0.1424438264514938	0.6482575384507931	0.20929863509771307
21748	0.07329355910752597	0.4702566887622591	0.45644975213021494
21749	0.2988122928251404	0.5584157571991016	0.1427719499757581
21750	0.17013562363721244	0.5272534844632615	0.30261089189952606
21751	0.22629616369898925	0.5868898176185051	0.18681401868250563
21752	0.17174872396346563	0.6494357305807337	0.1788155454558007
21753	0.21999615015640936	0.6136791296579681	0.16632472018562244
21754	0.2520098894537606	0.5339362016916004	0.214053908854639
21755	0.1121220016429284	0.4366521018139301	0.4512258965431414
21756	0.23198848799565888	0.6375842492682692	0.1304272627360719
21757	0.23198848799565888	0.6375842492682692	0.1304272627360719
21758	0.3643140106562896	0.39933126228168747	0.23635472706202296
21759	0.09918840030408244	0.5935811340373922	0.3072304656585254
21760	0.1713465557768294	0.7338882284606332	0.09476521576253749
21761	0.2385311242800499	0.6592607728397298	0.10220810288022035
21762	0.3398866728164469	0.5085560960649785	0.15155723111857447
21763	0.1152288558482241	0.4335831434512531	0.45118800070052273
21764	0.3049668081166159	0.553161646110037	0.14187154577334699
21765	0.18451821720414657	0.6906131519365094	0.12486863085934397
21766	0.2853935506821925	0.5817469071254315	0.1328595421923759
21767	0.2500869592669895	0.6025942120858964	0.14731882864711413
21768	0.2060648603331008	0.680467189345148	0.1134679503217512
21769	0.23261489230969365	0.6518190818231975	0.11556602586710893
21770	0.22104555724870167	0.5314749895808326	0.24747945317046574
21771	0.20748201551509274	0.6075598455478005	0.18495813893710672
21772	0.12560008589915453	0.577774103802484	0.29662581029836155
21773	0.11198320593154686	0.7260402338425351	0.161976560225918
21774	0.060035098452087765	0.887955234131202	0.052009667416710245
21775	0.3393796189271497	0.5440550960593082	0.11656528501354205
21776	0.20359273503086875	0.5517534930346941	0.24465377193443705
21777	0.13726034275542778	0.745479013780575	0.11726064346399727
21778	0.23081026154357426	0.6402607424687632	0.12892899598766253
21779	0.3081985004231792	0.5548978501022838	0.13690364947453698
21780	0.19516606670406256	0.6261408087784776	0.1786931245174598
21781	0.18013549745577664	0.5932243885072312	0.22664011403699222
21782	0.2953247180261033	0.5795070509971686	0.12516823097672816
21783	0.27988010743823716	0.5669523943731083	0.15316749818865455
21784	0.27552001548540833	0.589202414610664	0.13527756990392767
21785	0.21814930185315712	0.6122659743213069	0.16958472382553588
21786	0.21814930185315712	0.6122659743213069	0.16958472382553588
21787	0.301845554298966	0.4782653518899164	0.21988909381111768
21788	0.1018327219336485	0.44643033923948633	0.4517369388268652
21789	0.17231895996047414	0.6802443044790857	0.14743673556044012
21790	0.26556828187673465	0.5115885223152483	0.22284319580801704
21791	0.11604351182526018	0.6308857031135638	0.253070785061176
21792	0.289857543855225	0.48170804091184444	0.22843441523293065
21793	0.27016632296694126	0.5963447884766854	0.1334888885563734
21794	0.34406818109369897	0.547518913529391	0.10841290537691008
21795	0.38724743369987213	0.4258531400433672	0.18689942625676068
21796	0.41851561288758204	0.4374877237384038	0.14399666337401432
21797	0.39334557146388244	0.5031693492047703	0.1034850793313471
21798	0.5365437753396769	0.3481141031966433	0.11534212146367966
21799	0.09006585705788497	0.5905333037324784	0.3194008392096367
21800	0.13670194591270315	0.7385624196797071	0.12473563440758963
21801	0.40895561359412513	0.4830773177632826	0.10796706864259238
21802	0.3521783125531685	0.5319171415582671	0.11590454588856436
21803	0.3521783125531685	0.5319171415582671	0.11590454588856436
21804	0.23683214976844116	0.5126223498870339	0.2505455003445247
21805	0.2587965051486594	0.6084307078574906	0.13277278699384995
21806	0.2872469852935894	0.5523598573520689	0.16039315735434176
21807	0.22289713069498385	0.4873967612655342	0.2897061080394819
21808	0.2646156782528551	0.5781828471151734	0.1572014746319716
21809	0.20018983760294176	0.5382795723158021	0.26153059008125606
21810	0.2352349999373342	0.6287394109641594	0.13602558909850634
21811	0.3584900270546877	0.4954756178892863	0.1460343550560261
21812	0.4441908758275668	0.47297487235760366	0.08283425181482962
21813	0.21329124432987667	0.5683294164370452	0.21837933923307823
21814	0.3546334786021935	0.5174044137988031	0.1279621075990034
21815	0.051874974505127854	0.46430968135111744	0.4838153441437547
21816	0.14786735141498322	0.6162551042893949	0.23587754429562177
21817	0.18385844295483408	0.7120235738390491	0.10411798320611677
21818	0.3838973572269169	0.47328923760780367	0.14281340516527946
21819	0.1948136694499492	0.6425140478722989	0.16267228267775194
21820	0.06482886876114297	0.8912075420535276	0.04396358918532938
21821	0.35510237955737073	0.5451094725571615	0.0997881478854678
21822	0.21575699055702396	0.6457771358041914	0.13846587363878463
21823	0.1504201409669707	0.5726100167182329	0.2769698423147965
21824	0.24293082073184635	0.5087949189178913	0.24827426035026234
21825	0.23755918210053403	0.49382013508930184	0.2686206828101641
21826	0.1648716788018011	0.6647039183058617	0.17042440289233715
21827	0.22974428988000314	0.588229161810198	0.18202654830979892
21828	0.11682713579799087	0.8098762344184779	0.0732966297835313
21829	0.25247624657307016	0.5702566415189265	0.17726711190800334
21830	0.15666247292689664	0.7803860748149378	0.06295145225816554
21831	0.32157830806872983	0.4803298778023834	0.1980918141288867
21832	0.14197229210457285	0.7492357087965013	0.108791999098926
21833	0.29038520294257614	0.533778144332818	0.17583665272460583
21834	0.17001889404202067	0.4558143989794841	0.3741667069784953
21835	0.2500827925093956	0.5911592212966525	0.1587579861939519
21836	0.11384553781153633	0.6720882528568916	0.2140662093315721
21837	0.0938086884495636	0.45407054244010825	0.4521207691103281
21838	0.2850374675903983	0.5616890886811863	0.15327344372841542
21839	0.20830976463768386	0.4964566131087119	0.2952336222536042
21840	0.18955057342889015	0.6483490838265217	0.16210034274458812
21841	0.22249269405410438	0.6134149892399215	0.16409231670597407
21842	0.20392471503805407	0.42907231118964984	0.36700297377229596
21843	0.23261466063978176	0.582549001809107	0.1848363375511113
21844	0.19071605251802196	0.6603547002341359	0.1489292472478421
21845	0.27553606919118573	0.5936625348450654	0.1308013959637489
21846	0.36186629259582664	0.4507787076800266	0.18735499972414676
21847	0.3418078234265742	0.5097987538333615	0.14839342274006426
21848	0.18495882784994985	0.5008507293182163	0.3141904428318337
21849	0.11441621615149218	0.415591866434972	0.4699919174135358
21850	0.40278100549346063	0.5106810144400173	0.08653798006652214
21851	0.15886093981507488	0.7456586673342367	0.09548039285068842
21852	0.1799215702061697	0.682613253559823	0.13746517623400722
21853	0.19233184123074065	0.5897793866963733	0.21788877207288598
21854	0.17966129729477	0.5172469833867541	0.3030917193184757
21855	0.122106148346592	0.7190942514358567	0.15879960021755135
21856	0.28422180670867925	0.5682571145418837	0.14752107874943712
21857	0.20282837598331607	0.37640415024553053	0.42076747377115337
21858	0.10815091696692591	0.5597155384088351	0.33213354462423894
21859	0.26670694200296374	0.5464731831465716	0.18681987485046467
21860	0.06282959028603123	0.46824486586487424	0.46892554384909446
21861	0.272276440342872	0.5724229939387209	0.1553005657184071
21862	0.07674712165157623	0.4456074978027744	0.4776453805456493
21863	0.25068822094379384	0.5771506191016786	0.17216115995452755
21864	0.19883773760471826	0.5896776523819324	0.21148461001334934
21865	0.01628005196104994	0.44890960030880206	0.5348103477301481
21866	0.34751673555807944	0.5234207234640069	0.12906254097791375
21867	0.263703900354879	0.5910690507931431	0.14522704885197793
21868	0.24852484994393972	0.6202717550742068	0.1312033949818534
21869	0.24852484994393972	0.6202717550742068	0.1312033949818534
21870	0.19257520326424743	0.6828639511580712	0.12456084557768142
21871	0.08259240918656921	0.4594048350338177	0.45800275577961325
21872	0.03786310053454717	0.8664008250730947	0.09573607439235815
21873	0.24769908596203097	0.5393967334551262	0.21290418058284288
21874	0.2942146522570383	0.5507476773351235	0.1550376704078382
21875	0.3713414320216423	0.4679043986882465	0.16075416929011127
21876	0.24907772956896534	0.5827591790112131	0.16816309141982155
21877	0.0585904131164463	0.44342189165367946	0.4979876952298743
21878	0.18923252313353653	0.6174224158037146	0.19334506106274893
21879	0.17824217421087513	0.5612639336100936	0.2604938921790312
21880	0.2785349923920706	0.5551540775419457	0.1663109300659837
21881	0.18469708918340697	0.5672609157687609	0.24804199504783206
21882	0.21363481861897665	0.6506953375655453	0.13566984381547803
21883	0.21534752810769855	0.5994409725688584	0.18521149932344302
21884	0.22004296166801968	0.630218056979885	0.14973898135209537
21885	0.24118995542154723	0.5134592393353264	0.24535080524312639
21886	0.16962176948668992	0.647035918857819	0.18334231165549106
21887	0.17831677983672603	0.5838837297323868	0.23779949043088716
21888	0.23018916607799966	0.6229613794752344	0.14684945444676584
21889	0.22317022619327734	0.6353855258105763	0.1414442479961464
21890	0.32427883075098074	0.588953158352453	0.08676801089656631
21891	0.13105835173457064	0.6745878075843951	0.19435384068103426
21892	0.40730360116200554	0.4487619477251776	0.14393445111281694
21893	0.18394143500359605	0.6711493521495762	0.14490921284682787
21894	0.25311172306902224	0.5922026721203035	0.1546856048106742
21895	0.21663575173269595	0.6293657549901476	0.15399849327715642
21896	0.14938750482296864	0.5576249896371814	0.2929875055398499
21897	0.1404139304442037	0.7527300695138012	0.10685600004199511
21898	0.1533188166598212	0.6795217196175638	0.16715946372261503
21899	0.5003465712451898	0.4158557078790931	0.08379772087571707
21900	0.21630292379617175	0.4905690078987307	0.29312806830509747
21901	0.357424740936883	0.5600636540365239	0.08251160502659308
21902	0.0681447990390575	0.5273716032082704	0.40448359775267206
21903	0.1418393097815124	0.7010217789563691	0.15713891126211854
21904	0.038024988239516125	0.8971528092891202	0.06482220247136365
21905	0.2570314957732853	0.5922226203960903	0.15074588383062432
21906	0.22662210269107314	0.6444256367887848	0.12895226052014208
21907	0.09676767725466631	0.6637983296604989	0.23943399308483473
21908	0.2912630986035638	0.5781075967760749	0.13062930462036124
21909	0.16388821608220713	0.704961072682279	0.1311507112355138
21910	0.18488916050526422	0.6538489547980183	0.16126188469671743
21911	0.25109938596288595	0.5946339481540195	0.15426666588309454
21912	0.45028550678493484	0.47137368202094726	0.07834081119411798
21913	0.4353263686052954	0.45998844115561627	0.10468519023908834
21914	0.02267475199687428	0.8889552245593952	0.08837002344373052
21915	0.17550055768787576	0.6116958264370702	0.2128036158750541
21916	0.027459300714815598	0.36819327332616675	0.6043474259590177
21917	0.18965580783781125	0.6363948034521171	0.17394938871007173
21918	0.20237957652442648	0.6417924016086298	0.15582802186694372
21919	0.17668915827952145	0.4839483459055312	0.3393624958149473
21920	0.16781969882919073	0.6521890549310622	0.17999124623974708
21921	0.16781969882919073	0.6521890549310622	0.17999124623974708
21922	0.20829457496830026	0.6070056143975923	0.18469981063410743
21923	0.3013090912842913	0.4667618960061183	0.2319290127095903
21924	0.05251469540257246	0.3946402037248485	0.5528451008725791
21925	0.37751612531014245	0.5082157429840507	0.11426813170580671
21926	0.09132810685180509	0.5704529495365404	0.3382189436116546
21927	0.21495534668576785	0.6255280245331197	0.15951662878111247
21928	0.3280503408234188	0.511921148821242	0.16002851035533927
21929	0.3549768676063091	0.48684177373389165	0.15818135865979924
21930	0.3044127955701477	0.5369807023636808	0.1586065020661715
21931	0.4505560997729922	0.4505560997729922	0.09888780045401555
21932	0.16366847329835088	0.6049960578030716	0.2313354688985774
21933	0.16366847329835088	0.6049960578030716	0.2313354688985774
21934	0.21295813277760772	0.6115604346512807	0.17548143257111148
21935	0.0829802820200349	0.7344339489077178	0.18258576907224722
21936	0.12190845190128957	0.6766326596677159	0.20145888843099444
21937	0.28296850765506504	0.5822125733764935	0.13481891896844156
21938	0.1448337061375628	0.7070612545533363	0.14810503930910096
21939	0.08967395661274961	0.7407386891471769	0.16958735424007354
21940	0.2627339470513937	0.5859342339498202	0.1513318189987861
21941	0.25916973997821885	0.6067075623140206	0.1341226977077606
21942	0.20485850186908175	0.4079354706466525	0.3872060274842659
21943	0.23596930507216046	0.6058074362778071	0.15822325865003242
21944	0.10618815806680129	0.5106304726606048	0.3831813692725939
21945	0.11419744375372078	0.48176229694054035	0.4040402593057388
21946	0.31803865786090674	0.5671277356517352	0.11483360648735792
21947	0.10683577759242671	0.5716665859441544	0.3214976364634187
21948	0.1652608293622591	0.5719860083659676	0.26275316227177326
21949	0.13349220326817826	0.6740089013957168	0.19249889533610487
21950	0.2796876685734715	0.6415866027787316	0.07872572864779698
21951	0.1191890350303412	0.7955729909265626	0.08523797404309613
21952	0.2934543707171056	0.5617767319850835	0.14476889729781084
21953	0.2934543707171056	0.5617767319850835	0.14476889729781084
21954	0.19765146972540165	0.4781582329077206	0.3241902973668777
21955	0.18132480832111547	0.5195510481159801	0.29912414356290434
21956	0.2173883396364083	0.6022256532991823	0.18038600706440938
21957	0.1371309607754796	0.47399834703887167	0.38887069218564874
21958	0.20686097318116262	0.5760601547921222	0.21707887202671508
21959	0.20359934351203932	0.6296774146259595	0.16672324186200113
21960	0.25318766621319466	0.636930834562265	0.10988149922454041
21961	0.2513854955033365	0.6402946766551134	0.1083198278415501
21962	0.25683412654892934	0.5818623772508933	0.16130349620017748
21963	0.25477676531371923	0.5985579035362042	0.1466653311500766
21964	0.25477676531371923	0.5985579035362042	0.1466653311500766
21965	0.24192048627582138	0.4583670026394978	0.2997125110846809
21966	0.3213778463164127	0.3955683475117204	0.2830538061718669
21967	0.30045734841104677	0.6061657719825079	0.09337687960644538
21968	0.26873536664771924	0.607063801511656	0.12420083184062482
21969	0.20121874742746304	0.4216945112147427	0.37708674135779424
21970	0.22681253882706673	0.596905291033788	0.17628217013914527
21971	0.08994312031699296	0.7253488231282809	0.18470805655472625
21972	0.21489605749624116	0.6152972255865322	0.1698067169172266
21973	0.28355242458384944	0.5814155992716715	0.13503197614447895
21974	0.24818455334077943	0.5911810884169959	0.16063435824222477
21975	0.24818455334077943	0.5911810884169959	0.16063435824222477
21976	0.2714820511364012	0.5526792657685806	0.17583868309501818
21977	0.27113580513877084	0.5381314347681835	0.19073276009304563
21978	0.176571826298052	0.49952455476302576	0.3239036189389223
21979	0.16478200753863914	0.6596998980845258	0.17551809437683513
21980	0.010222419667610875	0.41070561061922306	0.579071969713166
21981	0.19510558927925556	0.6396553378361228	0.16523907288462164
21982	0.13016368252045887	0.33783015422986945	0.5320061632496718
21983	0.27763819308355697	0.5528855702720911	0.16947623664435196
21984	0.1433184321008432	0.6884612266583695	0.16822034124078725
21985	0.30091531997466875	0.5379190386734054	0.16116564135192585
21986	0.1743089031331829	0.6218174185382498	0.20387367832856734
21987	0.17558739960020842	0.6180901447956408	0.2063224556041507
21988	0.12802025875558648	0.6586402259729174	0.21333951527149608
21989	0.21065504801003268	0.4414943817343039	0.34785057025566346
21990	0.2807405792345066	0.535128844545122	0.18413057622037143
21991	0.06666820646785401	0.49058653655152307	0.44274525698062295
21992	0.12314682062054097	0.7286510729538136	0.1482021064256455
21993	0.20325490107805178	0.5900337761145757	0.2067113228073725
21994	0.15465548935303186	0.5599241807138059	0.2854203299331623
21995	0.25109938596288595	0.5946339481540195	0.15426666588309454
21996	0.2767439421240942	0.5728116277206212	0.15044443015528447
21997	0.07573395548659839	0.47504265238374993	0.4492233921296517
21998	0.18639293601774942	0.5235578615292816	0.29004920245296895
21999	0.25048695520688474	0.5991006793545509	0.15041236543856434
22000	0.22679736747046003	0.6508078552401745	0.12239477728936542
22001	0.22679736747046003	0.6508078552401745	0.12239477728936542
22002	0.19407087931625616	0.6595174747140349	0.1464116459697089
22003	0.14484264780370473	0.5451325581560347	0.3100247940402606
22004	0.27712236013805275	0.5541930667538489	0.16868457310809828
22005	0.21983110983864354	0.3465685405145461	0.4336003496468105
22006	0.2600885971174166	0.4803020688363497	0.2596093340462337
22007	0.24863920725023106	0.5304924029379567	0.22086838981181223
22008	0.1323213389609974	0.5677130259416795	0.29996563509732305
22009	0.15213116539244367	0.6091900785702693	0.23867875603728705
22010	0.22459214044811693	0.5739096904000061	0.2014981691518769
22011	0.3743611728557355	0.5629844393626215	0.06265438778164294
22012	0.2216730766605207	0.6333406992445713	0.14498622409490813
22013	0.21963510047201298	0.6591913897681032	0.12117350975988372
22014	0.1594704141577277	0.5026010019513166	0.3379285838909557
22015	0.27722388083117727	0.6523896878823512	0.0703864312864716
22016	0.20681433153148784	0.6353290447958647	0.1578566236726474
22017	0.191401546200807	0.6276663788729864	0.1809320749262066
22018	0.13795978068029266	0.43852470918410424	0.4235155101356032
22019	0.3412144846869292	0.5373831539923073	0.12140236132076346
22020	0.390002863950464	0.4977425017474397	0.1122546343020961
22021	0.26158560717906465	0.5610553819296981	0.1773590108912373
22022	0.27016632296694126	0.5963447884766854	0.1334888885563734
22023	0.2535971391279297	0.5895992074928804	0.15680365337918983
22024	0.42016874125877374	0.47888362165765297	0.10094763708357332
22025	0.1079009852786792	0.489364851451074	0.40273416327024686
22026	0.22389781848159176	0.6467371101675347	0.12936507135087363
22027	0.22389781848159176	0.6467371101675347	0.12936507135087363
22028	0.35940807786922013	0.50422431631216	0.13636760581861984
22029	0.3357238095073667	0.4792778271849157	0.18499836330771763
22030	0.19082025766964347	0.6631433919321562	0.14603635039820032
22031	0.051286094569081106	0.4459378674437413	0.5027760379871775
22032	0.07791274845733881	0.3964942104520497	0.5255930410906116
22033	0.2395053202800264	0.5568307747682482	0.20366390495172534
22034	0.1930444913216308	0.4968916659893289	0.3100638426890404
22035	0.07363950238030334	0.6083443911803448	0.31801610643935185
22036	0.15561821316664434	0.5045524058341795	0.33982938099917614
22037	0.2536668480934108	0.5807189951853211	0.1656141567212681
22038	0.25910379436480374	0.652591182334363	0.08830502330083334
22039	0.2671071529173806	0.6454310781443142	0.08746176893830526
22040	0.09308079305220439	0.7210211555389917	0.18589805140880397
22041	0.10626471809471938	0.627115907453187	0.2666193744520936
22042	0.130580166461757	0.3547621923064004	0.5146576412318425
22043	0.20620381419914433	0.4941547775121212	0.29964140828873453
22044	0.21796615820289797	0.6511826466506525	0.13085119514644958
22045	0.06353529030448135	0.6523481253661548	0.2841165843293637
22046	0.06374316476658157	0.6473609395696364	0.2888958956637821
22047	0.262441165554049	0.6313062240832062	0.1062526103627449
22048	0.1959247135175277	0.6369882862694028	0.1670870002130695
22049	0.2523642193857447	0.6382087495907491	0.1094270310235062
22050	0.07252814425268318	0.6485235893991136	0.27894826634820324
22051	0.15330544593272794	0.47418406153976095	0.3725104925275111
22052	0.1552256939846925	0.529970114756208	0.3148041912590994
22053	0.02526213127568639	0.8406281241405799	0.13410974458373376
22054	0.026572942529249608	0.4294612910808369	0.5439657663899136
22055	0.14170756348663405	0.5900086756420816	0.26828376087128436
22056	0.18690244324762073	0.4086341277458435	0.4044634290065357
22057	0.15091346552776003	0.5589639786636411	0.29012255580859886
22058	0.31007437450042724	0.5571934801516396	0.1327321453479332
22059	0.08200103955782834	0.40557030955961787	0.5124286508825537
22060	0.40587394469115196	0.37902535399668297	0.21510070131216513
22061	0.1034100633717469	0.6318625753049032	0.26472736132334995
22062	0.26837633179037107	0.5458119721602055	0.18581169604942335
22063	0.06069639068355786	0.4370830026795887	0.5022206066368534
22064	0.16815959142506623	0.5858133058350865	0.2460271027398473
22065	0.14481875803528774	0.51633132429859	0.33884991766612227
22066	0.11339817381114693	0.7374957350772932	0.14910609111155984
22067	0.19931209438390027	0.5979438937780511	0.20274401183804866
22068	0.09255924485551509	0.6192360013359076	0.2882047538085774
22069	0.22923208056016578	0.4968440793486769	0.2739238400911572
22070	0.12459621162035726	0.44452364568104125	0.4308801426986015
22071	0.12849158206999875	0.6946205504702724	0.17688786745972887
22072	0.3578377748433343	0.4939617927655166	0.1482004323911492
22073	0.07617839282108171	0.49940500090269396	0.4244166062762243
22074	0.2442842157201781	0.6234843669607958	0.13223141731902607
22075	0.15392676174495976	0.48599059349102136	0.36008264476401897
22076	0.22440312371624888	0.48698410310050166	0.28861277318324946
22077	0.22416679334050202	0.6336337174341885	0.14219948922530953
22078	0.22121881821458925	0.4642647832702772	0.31451639851513363
22079	0.057260517904540204	0.47285283844389275	0.46988664365156707
22080	0.2560138559484114	0.5855832947155497	0.15840284933603888
22081	0.33481922234832356	0.5239272677303695	0.14125350992130686
22082	0.055781577449307874	0.3721808717930012	0.5720375507576909
22083	0.25127135333024087	0.47344166706173507	0.27528697960802406
22084	0.10878131841348002	0.6828871251717183	0.2083315564148017
22085	0.26173465912936583	0.5965016840027106	0.14176365686792353
22086	0.32148158200134214	0.5568222701713719	0.12169614782728591
22087	0.24500500837473102	0.5913930665481875	0.16360192507708146
22088	0.15671073399516183	0.44191510604548223	0.401374159959356
22089	0.24748420695836024	0.5011345682725565	0.25138122476908326
22090	0.28697748619389973	0.5691698064710855	0.14385270733501476
22091	0.15349054973123522	0.5879893402551505	0.25852011001361425
22092	0.3826883950685551	0.5015118718979473	0.11579973303349769
22093	0.29514117556439795	0.5397849023500315	0.16507392208557062
22094	0.47266486345885006	0.4032410002773782	0.12409413626377185
22095	0.145380542994707	0.6686807608758224	0.18593869612947056
22096	0.3454705536339828	0.5257413471756106	0.12878809919040662
22097	0.4472871370272438	0.4362411923892124	0.1164716705835437
22098	0.3993406852630356	0.3731814048359183	0.2274779099010462
22099	0.21399058495764128	0.675897079092269	0.11011233595008964
22100	0.14843997845893572	0.625021187837554	0.22653883370351038
22101	0.07253713404510788	0.48159495078424003	0.4458679151706521
22102	0.2962933689785689	0.5691303201907869	0.1345763108306442
22103	0.27470658969037187	0.6027414409231147	0.12255196938651348
22104	0.2684979112826883	0.5293776553073226	0.202124433409989
22105	0.27140897537068853	0.6003355444122618	0.12825548021704972
22106	0.3812569828588734	0.45862097003070207	0.16012204711042446
22107	0.21476410516148015	0.5793224724790731	0.20591342235944668
22108	0.26382432087803753	0.49425458059259114	0.24192109852937144
22109	0.21420109220831093	0.4910595113954055	0.29473939639628366
22110	0.23173641797878794	0.4778466378419007	0.29041694417931135
22111	0.25504077248825263	0.6084110972953412	0.13654813021640613
22112	0.10591339157132805	0.6853194244396255	0.20876718398904645
22113	0.35670755152093947	0.516937373410895	0.12635507506816562
22114	0.0332720628586723	0.8842822737029586	0.08244566343836918
22115	0.2422985656229819	0.6061888546894111	0.15151257968760698
22116	0.2504463130200259	0.5720240530594094	0.17752963392056464
22117	0.2504463130200259	0.5720240530594094	0.17752963392056464
22118	0.05943799073141183	0.6868915323450101	0.25367047692357797
22119	0.21147780066810337	0.6367367795106686	0.15178541982122798
22120	0.23501901180079646	0.5446310931142492	0.2203498950849544
22121	0.12308093845343245	0.7026740337567885	0.17424502778977907
22122	0.26878547311450673	0.567625901875781	0.16358862500971233
22123	0.3712146804967645	0.5175500115619674	0.111235307941268
22124	0.20465831252066366	0.48423909568729356	0.3111025917920428
22125	0.1640080494827853	0.4005307796305238	0.43546117088669084
22126	0.25250743450615143	0.6198940232439388	0.12759854224990974
22127	0.25689973306604375	0.6209136280695658	0.12218663886439039
22128	0.07541299571173046	0.3959303092203105	0.5286566950679591
22129	0.23120819457245065	0.5517673234286713	0.21702448199887805
22130	0.05470538203506878	0.7023987021640395	0.24289591580089157
22131	0.196788826614366	0.573349551652686	0.229861621732948
22132	0.2032872888416578	0.4053525644958361	0.3913601466625061
22133	0.2997971858482563	0.5294678772139837	0.17073493693776
22134	0.2673487219505587	0.4105980657882361	0.3220532122612052
22135	0.28554373616044554	0.5470753355680934	0.16738092827146098
22136	0.3600138765642681	0.495461791891606	0.14452433154412597
22137	0.2538648628806079	0.47306756035596714	0.273067576763425
22138	0.3117771422532104	0.4224377082695352	0.26578514947725446
22139	0.08812603375534579	0.38971046874317405	0.5221634975014801
22140	0.27938536179022255	0.512170834797221	0.20844380341255644
22141	0.049331375427199446	0.8796157414498811	0.07105288312291953
22142	0.2991112250658519	0.5443574545630706	0.15653132037107748
22143	0.10462887179237071	0.5002277502954868	0.39514337791214255
22144	0.11408016817600682	0.4899425994483675	0.39597723237562565
22145	0.17668398995608772	0.6296475495670621	0.19366846047685007
22146	0.38779730013225755	0.49117377988310934	0.12102891998463322
22147	0.25170711163237786	0.5808894541731531	0.16740343419446904
22148	0.23168052016696736	0.6130824660422401	0.1552370137907924
22149	0.1689535440671514	0.4736248532713585	0.3574216026614901
22150	0.24672812325716606	0.6069364767870008	0.14633539995583322
22151	0.31849197653384304	0.6013810865162663	0.08012693694989068
22152	0.13692914603639464	0.5085413241170322	0.35452952984657304
22153	0.20420266070930704	0.6512640209431089	0.14453331834758418
22154	0.12116648855465635	0.5383605952268437	0.34047291621850007
22155	0.25911575198663295	0.5330060463558369	0.20787820165753013
22156	0.2597819092335979	0.5931523779087023	0.14706571285769982
22157	0.040867803492145326	0.9010539378228609	0.058078258684993674
22158	0.2699820026780932	0.5939313481412571	0.13608664918064964
22159	0.14125719860648744	0.6552438567775118	0.2034989446160007
22160	0.10760294664264332	0.5129970013921893	0.3794000519651673
22161	0.06558813171849939	0.49386874556291677	0.440543122718584
22162	0.20149185127561134	0.6565077743686089	0.14200037435577972
22163	0.1703095803441994	0.6429811194798357	0.18670930017596482
22164	0.04505012574782015	0.8804602263578718	0.0744896478943081
22165	0.22409481238783674	0.5894258796204098	0.1864793079917534
22166	0.21701783004870617	0.6565711945570597	0.12641097539423427
22167	0.24431138404219357	0.613635973025012	0.14205264293279438
22168	0.2422723054436924	0.7048861764981478	0.052841518058159814
22169	0.34093074071866997	0.5256038226311855	0.13346543665014454
22170	0.368138328932702	0.5528429028334725	0.07901876823382553
22171	0.132162402314043	0.47513055140786864	0.3927070462780884
22172	0.30261154008954194	0.5824367366055523	0.11495172330490576
22173	0.15720409786571135	0.7752841441613284	0.06751175797296019
22174	0.24431138404219357	0.613635973025012	0.14205264293279438
22175	0.3530845925387013	0.5377672551658618	0.10914815229543692
22176	0.25425154325034294	0.46385706398943977	0.28189139276021746
22177	0.029190785746877165	0.3163173504968274	0.6544918637562954
22178	0.025971202331619595	0.8926839610744189	0.08134483659396151
22179	0.19418156737440503	0.6100955671571978	0.19572286546839718
22180	0.28568897015250677	0.5104569986571931	0.20385403119030018
22181	0.2465139813626716	0.4862493459396887	0.2672366726976397
22182	0.36836918033692234	0.5312877753568496	0.10034304430622808
22183	0.2570314957732853	0.5922226203960903	0.15074588383062432
22184	0.2570314957732853	0.5922226203960903	0.15074588383062432
22185	0.15922665348437523	0.7347881888319773	0.10598515768364751
22186	0.08724002309860755	0.4653869887855618	0.44737298811583054
22187	0.2713950392364378	0.5829990925906966	0.14560586817286555
22188	0.28355242458384944	0.5814155992716715	0.13503197614447895
22189	0.15159994543121239	0.4639953689575295	0.38440468561125823
22190	0.2517487224709133	0.6009336323587532	0.1473176451703336
22191	0.47839333256772626	0.371560199680631	0.1500464677516428
22192	0.28970158502491383	0.5126366317088116	0.19766178326627462
22193	0.3552951792384494	0.5464027066122882	0.09830211414926249
22194	0.33360706801330425	0.5319865472767006	0.13440638470999505
22195	0.1958317888968215	0.6310928339845068	0.17307537711867169
22196	0.1958317888968215	0.6310928339845068	0.17307537711867169
22197	0.5061389041985279	0.33894536089570254	0.1549157349057695
22198	0.12943847744322512	0.42067957498566866	0.4498819475711062
22199	0.20150563053400455	0.5718784487046397	0.2266159207613558
22200	0.07571489666651846	0.7486321760846932	0.1756529272487883
22201	0.19879068239338687	0.630265241751276	0.17094407585533716
22202	0.29364803326183314	0.5040834018224173	0.20226856491574952
22203	0.18344398395349829	0.5681268419599124	0.24842917408658938
22204	0.06321074450928853	0.6203222518758079	0.31646700361490354
22205	0.258568285838234	0.42967796996942165	0.31175374419234425
22206	0.2903720325024078	0.5797387428649953	0.12988922463259692
22207	0.12038176638115242	0.7331221128896549	0.1464961207291927
22208	0.29959371872126483	0.5465138186133137	0.15389246266542148
22209	0.12303427248641256	0.48647081107286655	0.3904949164407208
22210	0.23732700044059915	0.6047573166122459	0.157915682947155
22211	0.16038853661694333	0.46687979605286506	0.37273166733019153
22212	0.14530078199048968	0.4902215224605711	0.3644776955489392
22213	0.2834695195692299	0.5605804463645125	0.15595003406625751
22214	0.47728380706346385	0.37232393322555896	0.15039225971097714
22215	0.11239133543766976	0.7019650838445057	0.1856435807178246
22216	0.2676160457848949	0.558891032085504	0.17349292212960116
22217	0.14014342256772808	0.4816808991515085	0.3781756782807633
22218	0.20691766308655146	0.48542252504872274	0.3076598118647258
22219	0.16448739573696256	0.6990958127391279	0.13641679152390962
22220	0.2088699509870253	0.611872052991279	0.1792579960216957
22221	0.10769311828579455	0.7486375511263818	0.14366933058782372
22222	0.1811673295753234	0.5333072480044169	0.2855254224202597
22223	0.22054351291699786	0.636780927995368	0.14267555908763413
22224	0.12327200076351276	0.5507837224176158	0.3259442768188714
22225	0.1375691377871919	0.47570138353441893	0.3867294786783892
22226	0.20788938674830457	0.6238800699529415	0.1682305432987538
22227	0.07114686690690131	0.6949536014726431	0.23389953162045568
22228	0.2663007082711925	0.6211941979608411	0.11250509376796652
22229	0.2673258421338648	0.6175177887933104	0.1151563690728247
22230	0.3199724865814744	0.39614856730186804	0.28387894611665765
22231	0.20409888751755603	0.6158774096018941	0.18002370288054997
22232	0.09187010833355767	0.6659637017192206	0.24216618994722172
22233	0.1999420612614147	0.5065156129568704	0.29354232578171485
22234	0.21903991345912385	0.6507845994363073	0.13017548710456878
22235	0.2978189202529621	0.5901061105537411	0.11207496919329682
22236	0.2965793734933033	0.5321794747000723	0.1712411518066244
22237	0.15242683864144782	0.49047490933860516	0.357098252019947
22238	0.1099991256178856	0.800559908835904	0.08944096554621038
22239	0.16851145241648244	0.6803536058157036	0.151134941767814
22240	0.21788308603573078	0.647753165966307	0.1343637479979621
22241	0.23347518712923018	0.4219114671094293	0.34461334576134045
22242	0.3720544422215447	0.4884556449525687	0.13948991282588652
22243	0.16298667254777943	0.5049859118401507	0.33202741561207
22244	0.24808806537741654	0.5779948154069876	0.17391711921559588
22245	0.24808806537741654	0.5779948154069876	0.17391711921559588
22246	0.3253616516663599	0.5618758819000634	0.11276246643357665
22247	0.12405478065742245	0.743622274661975	0.1323229446806026
22248	0.2041709006558952	0.5611317912422806	0.23469730810182415
22249	0.10080550474259382	0.4962401894323649	0.4029543058250411
22250	0.23741376372353273	0.5862050847734103	0.17638115150305692
22251	0.21476716679009084	0.5462213846779429	0.23901144853196638
