21257	0.22489529735413324	0.5474297282635819	0.22767497438228482
21258	0.1563226474353246	0.677992843081346	0.16568450948332936
21259	0.2141385569963422	0.5319043745780928	0.25395706842556504
21260	0.21233090288415438	0.6232066301133025	0.1644624670025432
21261	0.35584484496166063	0.44166533693608334	0.20248981810225605
21262	0.3346771698838453	0.4624806229104282	0.2028422072057265
21263	0.19105865959087728	0.5170163729859658	0.2919249674231568
21264	0.2608812842541361	0.521756608363601	0.21736210738226286
21265	0.20936302593952635	0.5732782342859776	0.2173587397744961
21266	0.1921633377730263	0.4712309140302343	0.3366057481967394
21267	0.1292953278238921	0.4366734382801935	0.4340312338959144
21268	0.22395623524866662	0.582097453202684	0.1939463115486494
21269	0.24054273093894737	0.5562285655227801	0.20322870353827252
21270	0.2189401683221121	0.5644066383080586	0.2166531933698293
21271	0.23593324548368985	0.5259155363288766	0.23815121818743365
21272	0.2199265347320341	0.5642602647897454	0.21581320047822047
21273	0.2052429284155456	0.6258259427660525	0.168931128818402
21274	0.3127363678274692	0.4948091436376206	0.19245448853491012
21275	0.2585503293334836	0.5430342139360792	0.19841545673043712
21276	0.25080937816782306	0.53858748895453	0.21060313287764681
21277	0.18900507659421295	0.6175020511491016	0.1934928722566854
21278	0.24053604266246137	0.5307483822114609	0.2287155751260777
21279	0.2697681500108286	0.4764856038083511	0.2537462461808203
21280	0.23903128481497185	0.5801894053447741	0.18077930984025406
21281	0.2544299303165552	0.5580411956745398	0.18752887400890492
21282	0.18269421735944646	0.5650564306920294	0.2522493519485241
21283	0.21614955665174854	0.5933587503174602	0.1904916930307912
21284	0.21691850398414492	0.586402141813524	0.1966793542023311
21285	0.20559152203670267	0.6184577989210249	0.17595067904227243
21286	0.19516058276169906	0.6266197941605904	0.1782196230777105
21287	0.22240202043193102	0.5684457387382403	0.20915224082982864
21288	0.17452266845167774	0.5614131860402296	0.2640641455080927
21289	0.20341394906900084	0.5409967587920259	0.2555892921389733
21290	0.2508510083072664	0.5821124979972462	0.16703649369548743
21291	0.2591086246845317	0.5707940801861829	0.17009729512928531
21292	0.22759736553515292	0.5313319577318221	0.24107067673302504
21293	0.20063180825005422	0.5584693836611077	0.2408988080888381
21294	0.19417397793324095	0.5100603465918232	0.29576567547493576
21295	0.16943267710528478	0.5691991069784288	0.26136821591628645
21296	0.17091376981606463	0.5573218274503213	0.2717644027336141
21297	0.16553795695287246	0.5462714833559925	0.2881905596911351
21298	0.18432652822045095	0.65257056867165	0.1631029031078991
21299	0.22570622711394342	0.5758247542522078	0.19846901863384875
21300	0.21798561410787998	0.5607913712205556	0.22122301467156444
21301	0.2823973300252907	0.5264778282981087	0.19112484167660054
21302	0.17735146528981421	0.6503460858555766	0.17230244885460916
21303	0.19321086145661104	0.6310404370944498	0.17574870144893914
21304	0.2641597302686672	0.5207905548077592	0.21504971492357366
21305	0.3236990013373274	0.5055259341150333	0.1707750645476393
21306	0.17092430733795463	0.6514342418662995	0.17764145079574598
21307	0.20054068883064408	0.5851291001509785	0.21433021101837738
21308	0.20904013723385642	0.5895221032641431	0.20143775950200044
21309	0.17746975176923777	0.6104900636336194	0.21204018459714286
21310	0.22111814822863163	0.48391962453001486	0.2949622272413535
21311	0.25929620424546185	0.5556866706759821	0.18501712507855606
21312	0.15642005884003407	0.4820769239301288	0.3615030172298372
21313	0.1963541492719038	0.643930844943425	0.15971500578467113
21314	0.2152758142968454	0.5991686887135407	0.185555496989614
21315	0.2667104887727901	0.5520767022368026	0.18121280899040726
21316	0.23602654724492678	0.44177596455933604	0.3221974881957373
21317	0.2932228359370742	0.5026858434136762	0.20409132064924973
21318	0.17208200638710558	0.5750487147048782	0.25286927890801625
21319	0.24450364970581703	0.5293025346555126	0.22619381563867044
21320	0.1803694948548742	0.5210027401032903	0.2986277650418356
21321	0.18759140972696936	0.5010590068135458	0.3113495834594849
21322	0.22078659266093478	0.559518723043571	0.2196946842954942
21323	0.1902983351873603	0.6463452597686904	0.16335640504394933
21324	0.17550026237762298	0.5858638304813973	0.23863590714097963
21325	0.172265014665353	0.6490108390708854	0.17872414626376168
21326	0.1566237931976185	0.7131174305045231	0.1302587762978583
21327	0.22593692217975594	0.5707761258164257	0.20328695200381844
21328	0.21956762960491466	0.5153815489429415	0.26505082145214376
21329	0.17098510333183872	0.5863027087709016	0.24271218789725968
21330	0.18152550922705638	0.5126316534943209	0.3058428372786227
21331	0.15858532965587757	0.491001154219091	0.3504135161250315
21332	0.25396733185060666	0.5033799117932027	0.24265275635619069
21333	0.21409134442437353	0.5823212104925637	0.20358744508306273
21334	0.24110713494513364	0.5597056033183451	0.1991872617365213
21335	0.2054591161857327	0.5965916936370167	0.19794919017725063
21336	0.18957287353726768	0.6252569201041425	0.18517020635858977
21337	0.3354828937566608	0.47631290084787575	0.18820420539546345
21338	0.18200284454482737	0.5657670215548847	0.25223013390028787
21339	0.16535668802256373	0.5509418803342687	0.2837014316431676
21340	0.2053069186369077	0.6277857263504282	0.16690735501266404
21341	0.3520636736386254	0.4444282119506222	0.2035081144107524
21342	0.18825068989075144	0.5522325941131048	0.25951671599614373
21343	0.2784849592363486	0.471404051308221	0.2501109894554304
21344	0.22973098045650184	0.5417624542985243	0.22850656524497376
21345	0.24238320666168653	0.5736727841197142	0.1839440092185993
21346	0.21718486982798382	0.6134738596728772	0.16934127049913905
21347	0.1752666649325405	0.62548055743231	0.19925277763514931
21348	0.23591124281190198	0.5803054638957925	0.18378329329230544
21349	0.21491419888941132	0.5597921821155595	0.22529361899502923
21350	0.2406347742746652	0.5002264259587549	0.25913879976658
21351	0.22733255748788792	0.6196178698653634	0.15304957264674868
21352	0.25336251590198505	0.5884917757847211	0.15814570831329386
21353	0.22590156363172137	0.6067827388023312	0.16731569756594747
21354	0.19947843267903267	0.5787861419725988	0.22173542534836857
21355	0.20709458014668	0.6358290216999599	0.15707639815336005
21356	0.21155040998646304	0.6245081273341132	0.1639414626794238
21357	0.2790697542024417	0.46728238941976197	0.2536478563777964
21358	0.22869733467496645	0.5841215586702212	0.18718110665481244
21359	0.22869733467496645	0.5841215586702212	0.18718110665481244
21360	0.17704934534455352	0.6524531818628893	0.17049747279255714
21361	0.22107169287038214	0.5905376169063019	0.18839069022331595
21362	0.16103982105026834	0.4379698014091788	0.4009903775405529
21363	0.20909802426733978	0.5540990819805988	0.23680289375206148
21364	0.38545884645064815	0.43419999651835034	0.18034115703100154
21365	0.24835927928346874	0.5873650378598693	0.16427568285666186
21366	0.22629073562283436	0.6215460311738327	0.15216323320333294
21367	0.16607017881834166	0.5844970437805606	0.2494327774010977
21368	0.22400982188941765	0.5639997485966406	0.21199042951394176
21369	0.20438355096016675	0.5534129217890283	0.24220352725080485
21370	0.1951194551150026	0.6016436689979342	0.20323687588706318
21371	0.22735185687852472	0.5588480867040222	0.2138000564174531
21372	0.18649985876322822	0.6385549604554437	0.17494518078132815
21373	0.21455423020168002	0.5849100998243317	0.20053566997398825
21374	0.16111547175342514	0.6919894544014425	0.14689507384513228
21375	0.2164956080228093	0.5877471660830719	0.19575722589411887
21376	0.31009302045171544	0.5046281106935927	0.18527886885469178
21377	0.2645397507737247	0.537125990929776	0.19833425829649937
21378	0.18106358426394237	0.6405703364602618	0.17836607927579576
21379	0.20620100826980067	0.5837014376757161	0.21009755405448322
21380	0.3232825399947266	0.47804991091183313	0.19866754909344025
21381	0.3457798936201555	0.45181946554147856	0.20240064083836584
21382	0.19637268243852818	0.6208412237849675	0.18278609377650426
21383	0.23817901798441285	0.56820119045662	0.19361979155896722
21384	0.17565649314179915	0.5691523350791995	0.2551911717790013
21385	0.17367537299607724	0.5254291575515972	0.30089546945232554
21386	0.26364576868322137	0.5024015978901564	0.2339526334266223
21387	0.20330208433218228	0.5835302226024704	0.21316769306534725
21388	0.20695938739159533	0.6195127464309387	0.173527866177466
21389	0.22661277275596725	0.5909470365021186	0.18244019074191412
21390	0.22948158718699313	0.5956966203950896	0.1748217924179173
21391	0.24307470444719487	0.5874674862892314	0.16945780926357373
21392	0.22692221035164856	0.5221987066801052	0.2508790829682463
21393	0.17971819721145219	0.5436007896772292	0.27668101311131854
21394	0.20712761322686465	0.5935891277647591	0.19928325900837612
21395	0.27877306106559824	0.49055127134250115	0.23067566759190059
21396	0.21650859138029035	0.5804785810938946	0.20301282752581495
21397	0.31777560976870056	0.5011214325131998	0.1811029577180995
21398	0.23980572058123553	0.557295747303327	0.20289853211543757
21399	0.20183815727660195	0.5847026685622174	0.21345917416118063
21400	0.18107310052028	0.6367607236050119	0.1821661758747081
21401	0.1454654097340336	0.6454089752517475	0.20912561501421909
21402	0.1802885874364717	0.621539745933978	0.19817166662955035
21403	0.1997326188563604	0.5275849059786267	0.2726824751650128
21404	0.17371328416555687	0.5946024597959613	0.23168425603848194
21405	0.16437201838838578	0.5263205656014923	0.309307416010122
21406	0.1970467417067446	0.5369764669314779	0.2659767913617775
21407	0.1550208010133854	0.5017407057872265	0.343238493199388
21408	0.2067214544919998	0.6313528244632834	0.16192572104471675
21409	0.20949999605830238	0.6130647465444061	0.17743525739729146
21410	0.20949999605830238	0.6130647465444061	0.17743525739729146
21411	0.20313197636172461	0.6224753962557102	0.1743926273825651
21412	0.2092422440179145	0.6129060885291029	0.17785166745298261
21413	0.17988299480562495	0.6456023490721851	0.17451465612219008
21414	0.15227860736498539	0.5612709601486505	0.2864504324863641
21415	0.1787587699298818	0.6149990310653585	0.20624219900475957
21416	0.2635979998737525	0.5353318612693168	0.2010701388569308
21417	0.349517130498877	0.4736224851722839	0.1768603843288392
21418	0.29651301740706315	0.5031486546969166	0.2003383278960202
21419	0.2850872971068279	0.5482635878669742	0.16664911502619786
21420	0.22077138522512407	0.6272114909843336	0.1520171237905424
21421	0.27428625618695845	0.5025476639787408	0.22316607983430067
21422	0.23081303745700332	0.5861666726976866	0.18302028984531013
21423	0.19407203148797822	0.6359145975960119	0.17001337091600993
21424	0.23326755329044174	0.5634969912030481	0.20323545550651015
21425	0.1941391350401707	0.6176555939224947	0.18820527103733467
21426	0.21994547192148303	0.5230643450226716	0.2569901830558453
21427	0.2647406348150299	0.5440294944672379	0.19122987071773215
21428	0.29605651275502415	0.5101805999836316	0.19376288726134416
21429	0.2440100150226115	0.585968996373808	0.17002098860358061
21430	0.21067217288163637	0.48540038428758187	0.3039274428307818
21431	0.17397405651409023	0.45561285310863137	0.3704130903772785
21432	0.27793477154088214	0.5252676737932335	0.19679755466588436
21433	0.19796433050770262	0.5751917395521312	0.22684392994016622
21434	0.1805270741195998	0.5091261797989994	0.3103467460814008
21435	0.23848249957696804	0.5285869921278703	0.23293050829516168
21436	0.1990796041456831	0.5677921110668915	0.2331282847874253
21437	0.2199202560231268	0.6032937966635521	0.1767859473133211
21438	0.2501124448962313	0.5216832368170109	0.22820431828675783
21439	0.17152416091429964	0.5918193425044633	0.23665649658123705
21440	0.21360915606653294	0.5951205822517257	0.19127026168174135
21441	0.25248647690140813	0.5817187593506491	0.16579476374794272
21442	0.26603408982812765	0.5740021635793271	0.15996374659254514
21443	0.20239129859190055	0.5296662768626468	0.2679424245454527
21444	0.33244755427934153	0.4922147992061545	0.175337646514504
21445	0.21729815868341817	0.5898497344258806	0.19285210689070117
21446	0.2340969325559533	0.5387101580931373	0.22719290935090947
21447	0.26744629404465015	0.5028848436654227	0.22966886228992714
21448	0.24729636433502944	0.5352322732616138	0.21747136240335674
21449	0.2173292640575836	0.5934287053552936	0.18924203058712288
21450	0.24138212215324797	0.543210911083584	0.21540696676316803
21451	0.2033524639540843	0.42518336136130447	0.37146417468461124
21452	0.19963892887160073	0.6189872261290867	0.1813738449993126
21453	0.21886695661629355	0.5841307799688826	0.19700226341482385
21454	0.18018297284714763	0.6415713656952676	0.17824566145758475
21455	0.21893207012915736	0.5508988537851602	0.23016907608568238
21456	0.17156537347881837	0.6247093281961416	0.20372529832504013
21457	0.2131086311699642	0.623221383163136	0.16366998566689983
21458	0.15103883688333702	0.4803015722181569	0.3686595908985061
21459	0.2123867814545329	0.611141964389566	0.17647125415590112
21460	0.23560581483520152	0.5645505700544216	0.19984361511037696
21461	0.1736864276024451	0.6044014231782251	0.22191214921932978
21462	0.348435529456007	0.46868570261863535	0.18287876792535765
21463	0.16182773105411616	0.6209749164087232	0.21719735253716063
21464	0.18339910725119882	0.5608999308931792	0.25570096185562197
21465	0.22484307239516718	0.5947671874153555	0.18038974018947737
21466	0.2064469769276896	0.590595459852975	0.20295756321933534
21467	0.14189214049220117	0.5744691055682022	0.2836387539395967
21468	0.16929612124265822	0.6493079630660872	0.18139591569125466
21469	0.18320991260358588	0.6517781560249924	0.16501193137142156
21470	0.18474004373949254	0.6353790545515227	0.17988090170898488
21471	0.29555213695484306	0.5312384714248862	0.17320939162027071
21472	0.19532203129627937	0.6190615086178567	0.1856164600858638
21473	0.18783075707835997	0.53486627563466	0.27730296728697995
21474	0.2378916504764101	0.5731379042647001	0.18897044525888976
21475	0.23834557013252036	0.5310353898217546	0.23061904004572514
21476	0.25950174144913274	0.48499055834993837	0.255507700200929
21477	0.18723149656673138	0.41232895019016874	0.40043955324309993
21478	0.24043179054710903	0.5278957369950423	0.23167247245784864
21479	0.19175617812419968	0.5760004036495695	0.23224341822623076
21480	0.21821636219499513	0.5965156397640394	0.18526799804096541
21481	0.22681671507598175	0.5830344812074774	0.19014880371654092
21482	0.25595564521723363	0.5768274991054466	0.1672168556773197
21483	0.32075223877856923	0.4723174698788903	0.20693029134254043
21484	0.18799840505899715	0.6333644139023606	0.17863718103864215
21485	0.22805550643452246	0.556067697840277	0.2158767957252006
21486	0.13107443432520718	0.41490599942108214	0.4540195662537107
21487	0.1506140907007463	0.45231218566155	0.3970737236377036
21488	0.13776310722089757	0.6629407144557655	0.199296178323337
21489	0.1709493828355097	0.5772173927425327	0.25183322442195766
21490	0.25649242330486344	0.5621094410279416	0.18139813566719498
21491	0.30384895122116207	0.5067562000673071	0.18939484871153073
21492	0.2650651058742562	0.5464052038462074	0.18852969027953642
21493	0.21822088365938305	0.580337721738886	0.201441394601731
21494	0.3064277481957002	0.4874382805819969	0.20613397122230281
21495	0.18545210142814633	0.5651328903002145	0.24941500827163907
21496	0.172042102225223	0.6584781431639704	0.16947975461080675
21497	0.20284856566938153	0.6417832702307927	0.1553681640998257
21498	0.2640214601392666	0.5265152886729839	0.20946325118774953
21499	0.13374402929919638	0.7214239527150849	0.1448320179857186
21500	0.23917991053329368	0.5431136156464194	0.21770647382028693
21501	0.1745551350188451	0.5525364614192717	0.2729084035618833
21502	0.19115737683959388	0.6247405138136802	0.18410210934672586
21503	0.22157629614839638	0.5538391982073245	0.22458450564427906
21504	0.1959590384073304	0.6459619628440646	0.15807899874860507
21505	0.20549644886355667	0.6284852492122616	0.16601830192418163
21506	0.27395233712366834	0.5478820526686102	0.17816561020772145
21507	0.19669220339307358	0.5673155085612482	0.2359922880456782
21508	0.20616539409741508	0.5651913207971843	0.22864328510540058
21509	0.324421421529017	0.4998711760592336	0.17570740241174945
21510	0.1736975793324309	0.5269476767916256	0.29935474387594346
21511	0.1702108293959514	0.6248730792403191	0.20491609136372968
21512	0.18879433622035174	0.5947851811234366	0.2164204826562117
21513	0.19961426603089075	0.4500491889184228	0.35033654505068645
21514	0.23248323026548254	0.504502898903222	0.2630138708312955
21515	0.15558217856062317	0.6209294016100632	0.22348841982931378
21516	0.24790454585228727	0.540939876792839	0.2111555773548737
21517	0.2934014490845681	0.5587821980509216	0.14781635286451036
21518	0.11604232201723194	0.3908414399858909	0.49311623799687715
21519	0.2207286815063466	0.591908350842221	0.18736296765143234
21520	0.2239797778008507	0.5977362002871394	0.1782840219120099
21521	0.2346062352785551	0.44549556336667634	0.3198982013547686
21522	0.2819595882797056	0.49941825684074015	0.21862215487955428
21523	0.37671697828211304	0.4646311143353563	0.15865190738253068
21524	0.16984549283285083	0.6878269564897435	0.14232755067740577
21525	0.22593692217975594	0.5707761258164257	0.20328695200381844
21526	0.2843546323850646	0.5330308305744601	0.1826145370404753
21527	0.2121658839222356	0.6289725971139221	0.1588615189638424
21528	0.1264467698192273	0.4627629336274592	0.41079029655331345
21529	0.2775147281858916	0.543046237989434	0.17943903382467435
21530	0.34305068184897364	0.4688454194969989	0.1881038986540274
21531	0.2059171465454866	0.6368968034723996	0.15718604998211383
21532	0.15089555165401314	0.4269913220799014	0.4221131262660855
21533	0.22593692217975594	0.5707761258164257	0.20328695200381844
21534	0.2017263390192384	0.6021772714960896	0.19609638948467203
21535	0.1627921901619148	0.5361327064751478	0.3010751033629374
21536	0.2168099078504485	0.5891614184909408	0.19402867365861062
21537	0.21729224582881898	0.5604861362812632	0.22222161788991782
21538	0.20073650360630577	0.592687336014752	0.20657616037894225
21539	0.2468604067991832	0.5295273792689982	0.22361221393181865
21540	0.21979813603057066	0.6025827676781339	0.17761909629129544
21541	0.2991687925108878	0.46495733845965953	0.23587386902945265
21542	0.19072575558794308	0.4461698845211174	0.36310435989093953
21543	0.22803756214827642	0.5258678418433006	0.24609459600842293
21544	0.2067884997635327	0.5375826165511409	0.25562888368532644
21545	0.19381931751488765	0.6396799563600286	0.16650072612508374
21546	0.24499214549002413	0.5504650576562448	0.20454279685373108
21547	0.16897921901615384	0.3903564246820382	0.44066435630180795
21548	0.20593065760924056	0.537428177701152	0.2566411646896074
21549	0.4477270629086589	0.40754360993183003	0.14472932715951115
21550	0.18592681707788677	0.6360588563706028	0.17801432655151037
21551	0.23060718762419308	0.5778783622654504	0.19151445011035656
21552	0.22875598248613951	0.5874856577747036	0.18375835973915683
21553	0.25455361186223774	0.5341722937710881	0.21127409436667416
21554	0.18336057710471843	0.5066861940998122	0.3099532287954695
21555	0.1506156698727823	0.40017462638490336	0.4492097037423143
21556	0.18553552227706158	0.49475626278819834	0.3197082149347401
21557	0.18751177043230305	0.4902299989077252	0.3222582306599717
21558	0.2326130880173793	0.5667834119242644	0.20060350005835642
21559	0.16553773233701197	0.4821302652173952	0.3523320024455927
21560	0.22571454157939247	0.6044773828302893	0.16980807559031838
21561	0.24019131508914252	0.5803381263690011	0.17947055854185648
21562	0.19682671868104282	0.630679664605439	0.17249361671351812
21563	0.2981464706887168	0.530295952392404	0.1715575769188792
21564	0.34833877167182964	0.4628667155097378	0.18879451281843262
21565	0.23454837876973866	0.5830747015160012	0.18237691971426012
21566	0.23378591059905499	0.5714264671037461	0.19478762229719898
21567	0.21102256855941415	0.5931549459357917	0.19582248550479414
21568	0.24511198713244	0.5529336802726652	0.20195433259489476
21569	0.21540527594262449	0.5306258843665274	0.2539688396908482
21570	0.2834345920658447	0.5177737238216606	0.19879168411249476
21571	0.1815346781477566	0.6045516865595885	0.21391363529265495
21572	0.2033220810300307	0.6153132763305827	0.18136464263938654
21573	0.2403869263156221	0.557860105162873	0.20175296852150487
21574	0.21160831059219162	0.5481914602154375	0.24020022919237086
21575	0.16279980376528258	0.624147141466117	0.21305305476860056
21576	0.19715580611383268	0.6384875218191972	0.1643566720669701
21577	0.2183948685220304	0.5957339029902058	0.18587122848776383
21578	0.15797689752408206	0.5513964129686132	0.2906266895073047
21579	0.19511788770854518	0.6272046598691633	0.17767745242229166
21580	0.20308669584462913	0.6144634517939738	0.18244985236139716
21581	0.21542387116503955	0.5240743770699109	0.26050175176504947
21582	0.2506761543268566	0.5476557891516681	0.20166805652147535
21583	0.1904691861965305	0.5872302480234805	0.22230056577998908
21584	0.27628685285102494	0.4776145136942877	0.24609863345468733
21585	0.10107996964796336	0.2564003601149864	0.6425196702370504
21586	0.1702296244378814	0.5090856350800296	0.32068474048208895
21587	0.1685045574198266	0.5235864980043232	0.30790894457585016
21588	0.19764719190627283	0.6165769919205942	0.18577581617313302
21589	0.23312351321431002	0.5683147814894882	0.1985617052962018
21590	0.27205100974836827	0.5285167663691914	0.1994322238824403
21591	0.16851198116656774	0.5246629813741366	0.30682503745929574
21592	0.3301271625474131	0.4973194314728869	0.17255340597970006
21593	0.20838788471340602	0.5755250512615645	0.2160870640250295
21594	0.22688553107216472	0.604885975909558	0.16822849301827736
21595	0.2044219830264549	0.5464243158664969	0.24915370110704826
21596	0.2281062304883584	0.5349768132998161	0.23691695621182557
21597	0.20812685114997617	0.5924977832104377	0.19937536563958613
21598	0.2500116085308188	0.5699222239061583	0.18006616756302285
21599	0.1566237931976185	0.7131174305045231	0.1302587762978583
21600	0.20072847148345926	0.6066788192743835	0.19259270924215713
21601	0.21944163629364172	0.3458898128840232	0.434668550822335
21602	0.29950151308128264	0.41653663545621633	0.2839618514625009
21603	0.2187659478263139	0.5494081011479554	0.23182595102573073
21604	0.2009570508708653	0.5865992240630928	0.21244372506604178
21605	0.24513012758425173	0.5738657329569131	0.1810041394588351
21606	0.1864317369543777	0.5637423601958722	0.24982590284975015
21607	0.2023312277298062	0.5637607602615342	0.2339080120086596
21608	0.2177402900154889	0.5665673476592961	0.21569236232521508
21609	0.37891796436319347	0.44656284690654696	0.17451918873025965
21610	0.26519375898177805	0.5692182464891599	0.16558799452906214
21611	0.26308276739385567	0.5497414177739958	0.18717581483214857
21612	0.1518776859782622	0.39028311210749944	0.45783920191423844
21613	0.21279357297639637	0.5978040186601652	0.18940240836343844
21614	0.22271435215275448	0.5494292858405305	0.22785636200671494
21615	0.2521599525664957	0.5548275271823836	0.19301252025112076
21616	0.24916441552751695	0.5653125642827801	0.18552302018970296
21617	0.20637759335727107	0.6073656905765421	0.18625671606618674
21618	0.1888496117931545	0.5916914591930522	0.21945892901379332
21619	0.21388269687421277	0.5330771123032997	0.25304019082248763
21620	0.18941228147765843	0.5713060317952325	0.23928168672710895
21621	0.19879852599197959	0.5518620539119079	0.2493394200961125
21622	0.23763408705138345	0.5902753239631346	0.17209058898548193
21623	0.21922790749496787	0.5771251829741095	0.20364690953092254
21624	0.20348031398681074	0.6242735139810905	0.17224617203209874
21625	0.23069841942153943	0.5978549011549272	0.17144667942353337
21626	0.37317326555113717	0.44778575038206436	0.17904098406679844
21627	0.2669974992876982	0.48128230027320323	0.25172020043909854
21628	0.21017228327907728	0.6120263098165375	0.17780140690438528
21629	0.16783775860250014	0.5880069438147556	0.24415529758274426
21630	0.16832634908126082	0.5799841335751539	0.25168951734358525
21631	0.1979110600778212	0.571717755230382	0.23037118469179674
21632	0.10784714852625082	0.48810861262995875	0.40404423884379054
21633	0.23971190591271918	0.37284236416723515	0.3874457299200456
21634	0.33205988079465404	0.46470932764335776	0.20323079156198823
21635	0.216089979670864	0.6095316948082429	0.17437832552089308
21636	0.24653486705929717	0.5162810435839452	0.23718408935675764
21637	0.2325081701926685	0.5436266221169691	0.2238652076903623
21638	0.22476120337301692	0.5547042058572053	0.2205345907697778
21639	0.1625250127739246	0.6801670170302081	0.1573079701958675
21640	0.19128115669163454	0.6242715486802417	0.18444729462812381
21641	0.1940714498195324	0.6287826246356846	0.17714592554478312
21642	0.17550026237762298	0.5858638304813973	0.23863590714097963
21643	0.238623263182023	0.585870648681804	0.17550608813617305
21644	0.21527120797256316	0.6102036066796936	0.17452518534774314
21645	0.20924666503508146	0.554974640826781	0.23577869413813746
21646	0.26648122375026817	0.44322522828588623	0.2902935479638457
21647	0.19146334265506987	0.6317380664194746	0.1767985909254554
21648	0.22810783882992064	0.5149517413388575	0.2569404198312219
21649	0.297505296108384	0.513151639753678	0.18934306413793814
21650	0.20964172702933032	0.4759273055132395	0.3144309674574302
21651	0.24473372924561507	0.5311078425486997	0.2241584282056852
21652	0.25796492242573377	0.5606901200689735	0.18134495750529275
21653	0.21141245350461632	0.5523157429169183	0.2362718035784654
21654	0.22416601362913302	0.5612899906623652	0.21454399570850177
21655	0.18554881089781913	0.641582251305133	0.17286893779704773
21656	0.19940629469347476	0.6195779444791771	0.18101576082734808
21657	0.12480013380950195	0.384548441528189	0.49065142466230904
21658	0.1476422135289006	0.4499879885209077	0.4023697979501918
21659	0.20063575986084012	0.5955299353389643	0.20383430480019568
21660	0.20865871872965247	0.5728481418692473	0.2184931394011003
21661	0.11217285024084984	0.33235745701866726	0.555469692740483
21662	0.22593692217975594	0.5707761258164257	0.20328695200381844
21663	0.24568571427573788	0.5533215075304505	0.20099277819381162
21664	0.1810110794958186	0.5488678183932766	0.2701211021109048
21665	0.19581414205079156	0.6095862474928084	0.1945996104564
21666	0.16528250610956316	0.6738664102389538	0.16085108365148298
21667	0.19590758373736855	0.5489045271790791	0.2551878890835524
21668	0.2858985620977259	0.5294649945714436	0.18463644333083057
21669	0.22322506878328485	0.5847109191685957	0.19206401204811938
21670	0.2193875622748932	0.5828309811332364	0.1977814565918704
21671	0.17771462845484312	0.6386444197354174	0.18364095180973952
21672	0.21766742240321435	0.5576951212483715	0.2246374563484141
21673	0.23097891310771163	0.5400221688352435	0.22899891805704486
21674	0.34323838747206487	0.45283052598952633	0.20393108653840886
21675	0.18098757083174336	0.6487531062472078	0.1702593229210489
21676	0.17372548204821156	0.6242036270179527	0.2020708909338357
21677	0.21219584753234866	0.5994620154540665	0.18834213701358488
21678	0.19283420078857272	0.30084032044160186	0.5063254787698255
21679	0.1580594065745499	0.5773729945944323	0.2645675988310178
21680	0.25098508406088504	0.5618584390192571	0.18715647691985776
21681	0.2679263105037167	0.5498507693290486	0.1822229201672348
21682	0.1264467698192273	0.4627629336274592	0.41079029655331345
21683	0.21185218470490744	0.5862848112412317	0.20186300405386087
21684	0.3675247146488878	0.4818575446996052	0.15061774065150707
21685	0.24927844383465278	0.5891069082356425	0.1616146479297046
21686	0.24768827988703834	0.5267760913465772	0.22553562876638447
21687	0.2439341945700302	0.4927865143818969	0.26327929104807296
21688	0.20952228047771942	0.4765311894891097	0.31394653003317086
21689	0.25294628100314365	0.534528653462054	0.2125250655348023
21690	0.21659009310865404	0.5660215744265444	0.21738833246480152
21691	0.2735280222696238	0.5394253518120103	0.18704662591836585
21692	0.21938509991507105	0.5472586850883684	0.2333562149965605
21693	0.16572607008478757	0.4429652627028103	0.39130866721240215
21694	0.20696056759591316	0.5417422258412294	0.25129720656285737
21695	0.2870556873760051	0.560854992853541	0.15208931977045373
21696	0.12934363042759522	0.7521865058303999	0.11846986374200476
21697	0.22593692217975594	0.5707761258164257	0.20328695200381844
21698	0.21933896371383316	0.6101893698794328	0.17047166640673386
21699	0.2146155527811381	0.591979426992952	0.19340502022590988
21700	0.2324214996670186	0.48773876639155245	0.2798397339414289
21701	0.23541100358030673	0.6047454790818636	0.15984351733782975
21702	0.20375554694259868	0.5374479122677073	0.25879654078969405
21703	0.18612955406690332	0.6010897788865281	0.21278066704656853
21704	0.2526418669405941	0.5176981071935483	0.22966002586585768
21705	0.21275387768452214	0.5504529509198697	0.23679317139560824
21706	0.24446010147958813	0.571180668874851	0.1843592296455609
21707	0.2587615092246208	0.587392830548052	0.1538456602273271
21708	0.1583980369526103	0.5543410536276436	0.287260909419746
21709	0.15492072431128376	0.5549764638331449	0.29010281185557135
21710	0.1894407715976581	0.46805345677389165	0.34250577162845025
21711	0.2840783867954792	0.5346743546018532	0.18124725860266752
21712	0.25313528876008407	0.5434711225505623	0.2033935886893536
21713	0.34025925456704426	0.49587583299413557	0.16386491243882018
21714	0.20053028764343866	0.5820479158137211	0.2174217965428403
21715	0.22570677735690994	0.5899119674493288	0.18438125519376125
21716	0.24011664548587625	0.5764010384956658	0.18348231601845796
21717	0.21445207029739452	0.5628305552010678	0.2227173745015377
21718	0.18585923610571006	0.5602210248776185	0.2539197390166714
21719	0.1569689158321116	0.3885386187591439	0.45449246540874444
21720	0.1914333562167194	0.5873176839607607	0.22124895982252
21721	0.19839521981492095	0.5965140279435825	0.20509075224149642
21722	0.19337567165696554	0.603954492674451	0.20266983566858354
21723	0.20311398610529707	0.5866563111724276	0.2102297027222754
21724	0.3227434162644	0.49743764278982167	0.17981894094577838
21725	0.2020469052871894	0.37920619319226173	0.41874690152054883
21726	0.27611552631319886	0.476854344398421	0.24703012928838017
21727	0.2991549332805732	0.4519753903939513	0.24886967632547566
21728	0.24584312504941536	0.5613560082950387	0.19280086665554594
21729	0.16288294759480337	0.6038559261960174	0.23326112620917927
21730	0.2081274566013839	0.56737561436866	0.22449692902995608
21731	0.23379686306374178	0.5847111731474673	0.18149196378879084
21732	0.18916679205013162	0.6334003908250304	0.17743281712483805
21733	0.21446408984348242	0.578349603830854	0.2071863063256635
21734	0.21212130066164214	0.5656556391448876	0.22222306019347032
21735	0.42226559500796906	0.44106778124005036	0.1366666237519807
21736	0.22957591355496415	0.40410102713491286	0.366323059310123
21737	0.18989092252242817	0.46258634276126637	0.3475227347163055
21738	0.1566237931976185	0.7131174305045231	0.1302587762978583
21739	0.2547632476902529	0.5578758582423834	0.18736089406736367
21740	0.22497037467061518	0.5384209019373516	0.23660872339203326
21741	0.1978617320835225	0.605286606229006	0.1968516616874715
21742	0.24944739859996906	0.4922927535035518	0.25825984789647916
21743	0.1930952472596978	0.628816202538549	0.17808855020175307
21744	0.31492303483844936	0.4833725625586272	0.20170440260292338
21745	0.20699428979231718	0.5930662398704337	0.19993947033724915
21746	0.2102374077744668	0.5997158278290052	0.19004676439652793
21747	0.1757113750071927	0.4875563860351124	0.33673223895769494
21748	0.23294999794042878	0.46813018956256247	0.2989198124970087
21749	0.27720727786721294	0.4927659283213968	0.23002679381139035
21750	0.2098478588179893	0.548668684164228	0.24148345701778268
21751	0.22267488164234037	0.5707903456123737	0.20653477274528595
21752	0.168810502826446	0.66720996512901	0.16397953204454405
21753	0.22469122330507213	0.5838088308527394	0.19149994584218843
21754	0.32346006041100495	0.45732294021285563	0.21921699937613945
21755	0.18658679302913622	0.5913546057375613	0.2220586012333026
21756	0.17875275253378153	0.6168119275673383	0.20443531989888009
21757	0.19827269809718687	0.5685399370054288	0.23318736489738434
21758	0.29119800740362545	0.5167901269341256	0.19201186566224895
21759	0.16163801263823244	0.554490019126002	0.28387196823576555
21760	0.16962351349529514	0.6900525060322367	0.14032398047246827
21761	0.188788901224671	0.6564109212095395	0.15480017756578937
21762	0.2370532795881447	0.5092564508862101	0.25369026952564516
21763	0.22143339347751684	0.4622444213678572	0.3163221851546259
21764	0.26785935623479123	0.5473388508384049	0.1848017929268038
21765	0.1975963967899593	0.6062281813813121	0.1961754218287285
21766	0.2591752025901528	0.5526445613189166	0.18818023609093065
21767	0.2079115940683274	0.6069883909816979	0.1851000149499748
21768	0.21767612966734878	0.5773586187502308	0.20496525158242052
21769	0.2467759796636815	0.55933850509155	0.19388551524476855
21770	0.28724524934836626	0.4986157782482384	0.21413897240339538
21771	0.21913882967757334	0.5886146948321095	0.19224647549031712
21772	0.15917521808758503	0.49722803201986404	0.34359674989255096
21773	0.20473262224474434	0.5419392650762693	0.25332811267898625
21774	0.2578059290710657	0.5909965897898874	0.1511974811390469
21775	0.3031421107331527	0.5172582099091113	0.179599679357736
21776	0.23675574191704138	0.5035380159017602	0.2597062421811984
21777	0.216857453203164	0.6279633251907334	0.15517922160610265
21778	0.20785765647217286	0.6295921924890835	0.16255015103874365
21779	0.26244086621746754	0.5347777706604749	0.20278136312205758
21780	0.21604977088835528	0.5991605230287078	0.1847897060829369
21781	0.17249039004648042	0.6041004155130274	0.2234091944404922
21782	0.25106735402341324	0.5762110423187677	0.17272160365781897
21783	0.2189546306210535	0.6064357012712897	0.1746096681076568
21784	0.1949301401773469	0.6106853129067746	0.1943845469158785
21785	0.21672174140515718	0.5946362889720684	0.18864196962277438
21786	0.2066635474827273	0.5901627293634519	0.2031737231538208
21787	0.24542399723933708	0.540955924157476	0.21362007860318696
21788	0.16169771859850784	0.6288747464963037	0.20942753490518837
21789	0.22889879321626874	0.5881749431045739	0.1829262636791574
21790	0.1855769308169971	0.5050111283874883	0.30941194079551465
21791	0.2185765109432801	0.5807916707393888	0.20063181831733112
21792	0.2285722948010782	0.5644997751106571	0.2069279300882647
21793	0.1773088457710111	0.6694449044697054	0.15324624975928364
21794	0.20429624883958378	0.623777067062276	0.17192668409814038
21795	0.30720394159190795	0.4740520753207741	0.21874398308731793
21796	0.30703912440206027	0.4935794926165052	0.19938138298143457
21797	0.3816603010575191	0.4402326185181282	0.17810708042435275
21798	0.487018523441952	0.37900719782684034	0.1339742787312077
21799	0.12542917011182725	0.626268047376779	0.2483027825113938
21800	0.14882599717625866	0.6116191313921159	0.23955487143162543
21801	0.3664169618676179	0.4478041931749373	0.18577884495744473
21802	0.19750889672097227	0.5934528852731233	0.20903821800590444
21803	0.22206076251184925	0.5754573588205455	0.2024818786676053
21804	0.2526298114375717	0.5352284772384884	0.21214171132393983
21805	0.18759006451846927	0.6085017569097003	0.20390817857183033
21806	0.19652274382721424	0.6235169242798808	0.1799603318929049
21807	0.29131369043764277	0.508526848832753	0.20015946072960414
21808	0.25390360708138315	0.5464212019305891	0.1996751909880278
21809	0.25892243582054536	0.5159462323425227	0.22513133183693193
21810	0.1828432970166097	0.5895207861782463	0.22763591680514403
21811	0.23176266980489216	0.5628814941812061	0.2053558360139017
21812	0.2761497791105939	0.5392279256733848	0.18462229521602136
21813	0.2212756626990473	0.5541918201911962	0.22453251710975658
21814	0.20619531851178388	0.6259213404406757	0.1678833410475405
21815	0.1643802311846347	0.5308550236008835	0.3047647452144817
21816	0.19463845921541897	0.5647031062516289	0.24065843453295221
21817	0.21408320868743985	0.5835880401622728	0.2023287511502873
21818	0.2559559317414024	0.5486061030417828	0.19543796521681484
21819	0.25754337189916404	0.563297467343103	0.17915916075773292
21820	0.216880202877568	0.6195713797990983	0.16354841732333358
21821	0.24638311699421367	0.563846255947528	0.18977062705825834
21822	0.2613110322990569	0.5555534159354187	0.18313555176552443
21823	0.1622004871216609	0.6256969488741398	0.21210256400419908
21824	0.27036649977811367	0.509664282775687	0.21996921744619924
21825	0.2768612367962941	0.5256511849805845	0.19748757822312132
21826	0.22161547185528066	0.6126539835511405	0.16573054459357878
21827	0.25980614799612045	0.5469732546608542	0.1932205973430254
21828	0.17714007609692675	0.696372107201807	0.12648781670126616
21829	0.19820704788103138	0.6012743768018087	0.2005185753171599
21830	0.1924780470820974	0.6299993805613197	0.17752257235658292
21831	0.2631367574863308	0.508811980710394	0.2280512618032752
21832	0.2601256625348018	0.5943857410190875	0.14548859644611076
21833	0.3853141127472907	0.4633161413855129	0.15136974586719643
21834	0.20229988320759737	0.5449610539765829	0.25273906281581976
21835	0.25896208277093136	0.502749115145857	0.23828880208321165
21836	0.2295177703768919	0.5768199917215605	0.1936622379015476
21837	0.1886720990669064	0.507273450219112	0.3040544507139816
21838	0.22319155301995255	0.5613938529449155	0.21541459403513194
21839	0.1888255516002849	0.3693144050387849	0.4418600433609301
21840	0.20706544454441037	0.6350182646516167	0.157916290803973
21841	0.16177173952266535	0.6505320847509065	0.18769617572642805
21842	0.20843687534755376	0.5568103225913112	0.234752802061135
21843	0.21829529291764255	0.5647828400462808	0.2169218670360767
21844	0.1566237931976185	0.7131174305045231	0.1302587762978583
21845	0.219612575175103	0.6017375286001319	0.17864989622476513
21846	0.24435700365748755	0.5321684021860059	0.2234745941565065
21847	0.2829014617090635	0.4974622631880143	0.21963627510292222
21848	0.21324178538497382	0.63207902565878	0.154679188956246
21849	0.1655847451164862	0.49927306835770935	0.33514218652580446
21850	0.2325272991323727	0.6089597854119841	0.15851291545564303
21851	0.1953597254429989	0.6490573947722199	0.15558287978478114
21852	0.1775866824253159	0.6037663673911445	0.21864695018353972
21853	0.21703653777190093	0.5855325037632273	0.19743095846487174
21854	0.2735413627950569	0.5032619297458174	0.22319670745912568
21855	0.26117012346702057	0.5605319105438209	0.17829796598915862
21856	0.27248937685755803	0.52689015962287	0.20062046351957208
21857	0.19918643196359123	0.4900747468118057	0.310738821224603
21858	0.18502329648941457	0.6139637473498732	0.20101295616071224
21859	0.19871142679152903	0.6195324491464456	0.18175612406202535
21860	0.19709212963682593	0.5046693395434522	0.298238530819722
21861	0.23735555844544837	0.5349707278479794	0.2276737137065722
21862	0.21981210378441754	0.44641421699818484	0.3337736792173976
21863	0.27329860269126494	0.5097786733945918	0.21692272391414316
21864	0.2154209364400463	0.4908391423706449	0.29373992118930875
21865	0.18597656407670698	0.4983303033349387	0.3156931325883543
21866	0.3201827874381299	0.5097025994763098	0.1701146130855603
21867	0.20769108954219348	0.5342646036342854	0.2580443068235212
21868	0.20241542973285123	0.5956649632323672	0.20191960703478154
21869	0.18783671314946324	0.5992900487022351	0.21287323814830167
21870	0.18127860555419306	0.648317682904539	0.17040371154126796
21871	0.2612121591995004	0.491628685637849	0.2471591551626506
21872	0.22567577583389684	0.6280078291912723	0.14631639497483082
21873	0.26912371538819263	0.5542948481713922	0.17658143644041516
21874	0.23234899837150494	0.5494195705853003	0.21823143104319465
21875	0.27904824684174084	0.45969174382091504	0.2612600093373441
21876	0.23110968134849463	0.5590365383794015	0.2098537802721039
21877	0.21079165569498978	0.5003047146179661	0.2889036296870441
21878	0.23952346480890227	0.5580531272400434	0.2024234079510543
21879	0.1778411972382736	0.4549833617495619	0.3671754410121645
21880	0.24907116311027022	0.533982466760994	0.21694637012873574
21881	0.19855500244876328	0.5539859838629285	0.24745901368830828
21882	0.19514817141037138	0.5967044758289822	0.2081473527606464
21883	0.25280425625068065	0.5456955120957343	0.2015002316535851
21884	0.1607302015512153	0.5255498679501739	0.31371993049861086
21885	0.21742266028315893	0.5317506270199412	0.2508267126968998
21886	0.16940860630188434	0.5799471979103659	0.25064419578774977
21887	0.18519379907881278	0.5894302614798962	0.22537593944129106
21888	0.2104197401801869	0.6075910592743274	0.18198920054548556
21889	0.21655099490487403	0.589328712110766	0.19412029298435995
21890	0.24307470444719487	0.5874674862892314	0.16945780926357373
21891	0.17582989002307578	0.6512630202006242	0.1729070897763
21892	0.3376286695002272	0.49865084227018325	0.16372048822958957
21893	0.15769169629074156	0.6558591259749247	0.18644917773433378
21894	0.18864366751365486	0.5880747370031106	0.2232815954832345
21895	0.19475783159567012	0.5881386223814901	0.21710354602283993
21896	0.15923467928924	0.5182771598881353	0.3224881608226247
21897	0.26066792871279465	0.5332817791449012	0.20605029214230416
21898	0.18346182051037907	0.581351000735198	0.2351871787544229
21899	0.34861029198558285	0.5056155009831772	0.1457742070312399
21900	0.2764297954999375	0.5131196296692611	0.2104505748308014
21901	0.2755511931965623	0.5244193353008537	0.20002947150258393
21902	0.14824617847278476	0.6018900476101159	0.24986377391709924
21903	0.20871579086128436	0.6258044561924199	0.16547975294629572
21904	0.1566237931976185	0.7131174305045231	0.1302587762978583
21905	0.22593692217975594	0.5707761258164257	0.20328695200381844
21906	0.21124357022687223	0.6237118440627013	0.16504458571042646
21907	0.21703124234657722	0.5823355638925609	0.20063319376086192
21908	0.3274978766332043	0.5095716238852169	0.16293049948157873
21909	0.1918898619167308	0.6134148067352747	0.19469533134799455
21910	0.19542176565963504	0.5734235971759597	0.23115463716440518
21911	0.22593692217975594	0.5707761258164257	0.20328695200381844
21912	0.2523952599413223	0.5580682950382938	0.1895364450203839
21913	0.25075858382849486	0.5902572963928947	0.15898411977861043
21914	0.18040881913789483	0.6473025191273021	0.17228866173480317
21915	0.19770327893261389	0.6094636185494899	0.1928331025178963
21916	0.14021594444636282	0.4525470297987795	0.40723702575485765
21917	0.17776633811853873	0.6203805119568476	0.20185314992461353
21918	0.2272351642932076	0.5566676443302647	0.2160971913765276
21919	0.11217285024084984	0.33235745701866726	0.555469692740483
21920	0.273649528491689	0.5698509283641241	0.1564995431441869
21921	0.2731599246934543	0.5547071399717771	0.17213293533476864
21922	0.28358485043939946	0.5246637523619908	0.19175139719860965
21923	0.25067843452743566	0.4863709219321405	0.26295064354042386
21924	0.2132126525112305	0.5027172089436908	0.2840701385450787
21925	0.2400033606928748	0.5631626217231459	0.1968340175839793
21926	0.18530948717462137	0.5361861822452317	0.2785043305801469
21927	0.1755928899321488	0.6996192183877791	0.12478789168007201
21928	0.295788050397183	0.493117756331479	0.21109419327133805
21929	0.2314606439715927	0.5690188241554608	0.1995205318729465
21930	0.28325870475683945	0.5248753601503792	0.1918659350927814
21931	0.36473423446986486	0.46656566196128846	0.1687001035688467
21932	0.2977607201765033	0.4942360265549103	0.20800325326858643
21933	0.34346182856784774	0.45676628871408326	0.19977188271806903
21934	0.15987639964149938	0.5878180227249818	0.25230557763351874
21935	0.1644775332186386	0.6027450137689683	0.2327774530123932
21936	0.20876854741730652	0.5809134599137231	0.21031799266897033
21937	0.20667852979976895	0.590039471412944	0.20328199878728703
21938	0.197605875250343	0.6072420051485292	0.1951521196011278
21939	0.2159875770624182	0.5837636558468292	0.20024876709075265
21940	0.23033403145662532	0.5602191614699176	0.20944680707345714
21941	0.1995617494907174	0.6288581862691699	0.17158006424011274
21942	0.24028006234643293	0.5244936367660479	0.23522630088751914
21943	0.23137949906552158	0.5238035623070374	0.244816938627441
21944	0.17942879556288305	0.5144253553629989	0.30614584907411796
21945	0.1721106266122705	0.5738092746776263	0.25408009871010323
21946	0.19599015064992623	0.6321799468423559	0.17182990250771793
21947	0.2122137319538706	0.4636268987826647	0.32415936926346467
21948	0.2444297828448008	0.4961658393690225	0.2594043777861767
21949	0.1943129977102964	0.6268394539259214	0.1788475483637821
21950	0.23428004766809726	0.5878953704614152	0.17782458187048758
21951	0.23679348667902697	0.6021623268179846	0.16104418650298852
21952	0.23690690775319218	0.5544412372112474	0.2086518550355604
21953	0.2456106165934703	0.5395578752618274	0.21483150814470228
21954	0.26095135093105454	0.5054992677472863	0.2335493813216592
21955	0.2612400871711061	0.5187222419759009	0.22003767085299306
21956	0.24214074458737583	0.5561615683890438	0.2016976870235804
21957	0.16681224552074309	0.5987986210183046	0.23438913346095225
21958	0.23354285863171997	0.579270495382847	0.18718664598543294
21959	0.22059099769531504	0.5551919534681651	0.22421704883651988
21960	0.2984266874997188	0.4872242089983832	0.21434910350189804
21961	0.2608627968832981	0.50474783985309	0.23438936326361187
21962	0.2384027014644122	0.5648845826507259	0.19671271588486186
21963	0.17510646962619913	0.6776097657394091	0.14728376463439163
21964	0.19652362045278374	0.634105588234804	0.1693707913124123
21965	0.282149913189875	0.5388386719624121	0.17901141484771296
21966	0.2127954903860408	0.5497181226742185	0.23748638693974064
21967	0.3267033334902297	0.5110726644021045	0.16222400210766583
21968	0.32424528875956055	0.4583308855357583	0.21742382570468122
21969	0.16791603753491405	0.4886160825872237	0.3434678798778622
21970	0.20948296093784624	0.6057562972095246	0.1847607418526291
21971	0.21331644875930186	0.6196136661633392	0.16706988507735904
21972	0.234947387551198	0.6150594513454716	0.14999316110333044
21973	0.2324826003474903	0.585108829057174	0.1824085705953357
21974	0.23370130856636662	0.5720255184713545	0.19427317296227886
21975	0.23370130856636662	0.5720255184713545	0.19427317296227886
21976	0.248777430723193	0.5355537116627139	0.2156688576140931
21977	0.40082144108167456	0.44346566109733343	0.15571289782099212
21978	0.23069593315822887	0.5123922230575587	0.25691184378421233
21979	0.27602883163969993	0.5383478861435026	0.18562328221679747
21980	0.16459437459199702	0.545467858130984	0.28993776727701903
21981	0.23204799510477683	0.5718651768825919	0.1960868280126313
21982	0.19964123658003813	0.4807884417978557	0.3195703216221062
21983	0.1840038696748345	0.6405548602387452	0.1754412700864204
21984	0.20716233744882656	0.615285562427228	0.17755210012394543
21985	0.2640937011262153	0.46360012875120143	0.27230617012258335
21986	0.17431220210626971	0.5413926094119694	0.28429518848176083
21987	0.21526580377077706	0.5266022424358576	0.2581319537933653
21988	0.1871806954488204	0.5718481308581356	0.24097117369304405
21989	0.21130089299163898	0.5157275296450167	0.27297157736334443
21990	0.17364746166434974	0.594393839126199	0.2319586992094513
21991	0.17894713504855836	0.46351471962407964	0.357538145327362
21992	0.16110557822279098	0.6757269726117625	0.16316744916544654
21993	0.22284795006476268	0.5604450095727661	0.21670704036247118
21994	0.20595527134653058	0.5512980847344424	0.24274664391902706
21995	0.2273099292904725	0.5612241660434588	0.21146590466606868
21996	0.18661926519985578	0.632371732688742	0.18100900211140214
21997	0.19178188767553225	0.6030171357782556	0.20520097654621217
21998	0.21610355016655122	0.49020973373592835	0.29368671609752034
21999	0.16445509830779917	0.6413232167510834	0.19422168494111736
22000	0.22593692217975594	0.5707761258164257	0.20328695200381844
22001	0.22593692217975594	0.5707761258164257	0.20328695200381844
22002	0.18558763304117307	0.5777125828671098	0.23669978409171719
22003	0.16953726569662622	0.50614129152821	0.32432144277516384
22004	0.27315101738760633	0.5304642688033226	0.19638471380907097
22005	0.16094055949391856	0.5293887147024987	0.3096707258035827
22006	0.19669220339307358	0.5673155085612482	0.2359922880456782
22007	0.18377885512318215	0.5156534130354086	0.3005677318414094
22008	0.14462433983177544	0.42906771244990394	0.42630794771832076
22009	0.3074693701364677	0.506368419816373	0.1861622100471592
22010	0.199861101783022	0.49586378973417017	0.3042751084828079
22011	0.19966145202952165	0.6257014165672279	0.17463713140325046
22012	0.251470095248937	0.5591632891963532	0.1893666155547098
22013	0.17590138841753927	0.6560840043823681	0.1680146072000926
22014	0.1757637291382907	0.6244127928055427	0.1998234780561667
22015	0.20099571728381163	0.6107947167977085	0.18820956591847984
22016	0.1980483874717722	0.621017561484336	0.18093405104389176
22017	0.1694544265734946	0.5892991303741548	0.2412464430523506
22018	0.19568138833856943	0.47660653749806	0.32771207416337056
22019	0.24330046050193183	0.5734761791269614	0.18322336037110679
22020	0.36290373937774445	0.48904346438866275	0.1480527962335928
22021	0.20531532855410428	0.5922834992731701	0.20240117217272555
22022	0.1566237931976185	0.7131174305045231	0.1302587762978583
22023	0.2552452879696523	0.5602268210259991	0.18452789100434855
22024	0.34757427358547555	0.48210745305678826	0.17031827335773617
22025	0.24207310241256555	0.5692161333931168	0.18871076419431754
22026	0.1679027903667944	0.5236066790278527	0.3084905306053529
22027	0.19812576652243263	0.5835420033864656	0.2183322300911019
22028	0.3178295189785572	0.41801386276857533	0.26415661825286757
22029	0.365595965098492	0.4428569359506399	0.19154709895086808
22030	0.2023195719177535	0.6058097054738992	0.19187072260834726
22031	0.17910371413873485	0.47499076944188645	0.3459055164193787
22032	0.28237661216680826	0.405662154613508	0.3119612332196837
22033	0.32566884304557914	0.4710088283862172	0.20332232856820365
22034	0.21925042404656836	0.5474933537422086	0.23325622221122305
22035	0.22229231467975386	0.5626982160267117	0.21500946929353448
22036	0.17100184497759427	0.5830389825684146	0.2459591724539912
22037	0.27571057230259655	0.5416532431511529	0.1826361845462505
22038	0.18686635594452855	0.6408820486660065	0.17225159538946502
22039	0.1866498313411789	0.6335828615378692	0.1797673071209519
22040	0.20878934293271287	0.5633944616856523	0.22781619538163475
22041	0.18815304477300454	0.6180878712073183	0.19375908401967717
22042	0.17266136945159302	0.5363102108682625	0.29102841968014453
22043	0.2195003672450236	0.4989643888280239	0.2815352439269526
22044	0.1960046801101055	0.5928922484804907	0.21110307140940376
22045	0.22163329391907696	0.6029904414675583	0.17537626461336475
22046	0.18156692785094605	0.6322038298677627	0.18622924228129129
22047	0.264081682572858	0.5414677643757013	0.19445055305144063
22048	0.20098857341819834	0.6196733331679021	0.17933809341389972
22049	0.20609214304066278	0.5959915986437865	0.19791625831555068
22050	0.1812997689161779	0.6720350569697252	0.1466651741140968
22051	0.2365690367046064	0.5324654689281653	0.23096549436722832
22052	0.257025358657062	0.5732315496290098	0.16974309171392818
22053	0.21429520080929598	0.5978655565176241	0.1878392426730799
22054	0.1294623411377667	0.6033391844234942	0.267198474438739
22055	0.15500168602044437	0.6412861277253672	0.2037121862541884
22056	0.22464862495744253	0.4889383744732983	0.2864130005692591
22057	0.15832205982607014	0.4762003822214345	0.3654775579524953
22058	0.21119058877359917	0.6068597139493392	0.18194969727706156
22059	0.18025307072063304	0.44831617128823875	0.37143075799112824
22060	0.24615350916185588	0.5452339941936146	0.20861249664452955
22061	0.1264467698192273	0.4627629336274592	0.41079029655331345
22062	0.25589082292816684	0.5071708733635443	0.2369383037082889
22063	0.21701319426709004	0.4817344381833814	0.30125236754952844
22064	0.1833836995582613	0.6247117572376341	0.19190454320410444
22065	0.13903601976591054	0.3735919019375304	0.487372078296559
22066	0.3054950004936991	0.5151997674530336	0.1793052320532673
22067	0.2784736439496601	0.5021247532642916	0.21940160278604823
22068	0.22039442866735284	0.5774916602142299	0.20211391111841717
22069	0.21622267339970783	0.5581322038556449	0.22564512274464724
22070	0.20376101889377238	0.47174781666467347	0.3244911644415541
22071	0.23876512079992102	0.5396480337408815	0.22158684545919743
22072	0.2506505054691449	0.513957955713061	0.235391538817794
22073	0.16625514298396257	0.514483632388004	0.31926122462803347
22074	0.2116517410741315	0.5955176457754462	0.19283061315042221
22075	0.17535567605071883	0.45361406103679613	0.37103026291248503
22076	0.20669167438763184	0.5103788483938627	0.2829294772185055
22077	0.25388616030943234	0.5565849047157273	0.1895289349748404
22078	0.20727445007873732	0.428439771330499	0.36428577859076366
22079	0.1747713804228554	0.5237079682688643	0.3015206513082803
22080	0.21697089919162882	0.5618607785205062	0.221168322287865
22081	0.40082144108167456	0.44346566109733343	0.15571289782099212
22082	0.17936073931723198	0.5299062631571525	0.2907329975256155
22083	0.2104418956708391	0.5583137082901696	0.23124439603899136
22084	0.21984219320290876	0.5847169073820003	0.19544089941509094
22085	0.2173548897820797	0.5828742007849241	0.19977090943299622
22086	0.25529556046971863	0.5432300105946692	0.2014744289356121
22087	0.22106192322134782	0.6016153714973425	0.17732270528130978
22088	0.22357566447915367	0.4477426207549147	0.32868171476593155
22089	0.25062971822724056	0.5402927360000295	0.20907754577272994
22090	0.23653758690240023	0.5675496787114982	0.19591273438610157
22091	0.18384955752142973	0.5707420929303184	0.2454083495482518
22092	0.37538576547152663	0.47390468314019357	0.15070955138827982
22093	0.27918948057361603	0.5305936784213823	0.1902168410050017
22094	0.25492795668698637	0.5652069875971967	0.17986505571581704
22095	0.2264658246422173	0.5937659754536109	0.17976819990417178
22096	0.26945253558712734	0.539218512076017	0.19132895233685568
22097	0.30570083685744104	0.524350670497307	0.16994849264525197
22098	0.33324051199741117	0.49629473620265574	0.17046475179993315
22099	0.15759831000862734	0.6898863947441224	0.15251529524725035
22100	0.17000559682520888	0.5877825106935223	0.24221189248126884
22101	0.2054781323296249	0.5357523667297776	0.2587695009405976
22102	0.2469713832280395	0.5638467932965407	0.18918182347541979
22103	0.2643669954830117	0.536515169875591	0.19911783464139732
22104	0.34650738868313563	0.4388654369235507	0.2146271743933136
22105	0.20055759213133628	0.642943414296225	0.1564989935724387
22106	0.31837593752944526	0.4471728870388797	0.234451175431675
22107	0.21887969477175406	0.5395228155891484	0.2415974896390975
22108	0.25071463403114147	0.5356040900650973	0.21368127590376113
22109	0.2620280392358641	0.48272461761321495	0.25524734315092096
22110	0.23048697485692507	0.5738271711134	0.19568585402967495
22111	0.24604605700010326	0.568004704365524	0.18594923863437274
22112	0.17650797682240865	0.635906341206605	0.18758568197098632
22113	0.21108902584330674	0.5965601779083738	0.1923507962483195
22114	0.21116148440834695	0.6325724328711798	0.15626608272047326
22115	0.18263736229454297	0.6054208326370868	0.21194180506837024
22116	0.1729482024557623	0.48418015740038833	0.3428716401438493
22117	0.20282437213232482	0.5420999347944135	0.2550756930732617
22118	0.20510979210541946	0.6460764058789942	0.1488138020155864
22119	0.20241763962658962	0.5425326447109927	0.25504971566241763
22120	0.23661536801039307	0.5799168934680238	0.1834677385215831
22121	0.3216878890011684	0.4902643800813236	0.18804773091750798
22122	0.32090977068815146	0.4904141512651458	0.18867607804670275
22123	0.20283818261065228	0.61120482930957	0.18595698807977767
22124	0.2607816499285809	0.5056710511974785	0.23354729887394077
22125	0.27118526300902235	0.485146051249616	0.2436686857413616
22126	0.21322506667738136	0.6008013391402033	0.18597359418241538
22127	0.1566237931976185	0.7131174305045231	0.1302587762978583
22128	0.15657636378461032	0.4646149068079335	0.3788087294074562
22129	0.19367106723415548	0.5599935521243445	0.24633538064149993
22130	0.22102771905808416	0.5999457521355749	0.17902652880634107
22131	0.2447872594086152	0.5527685913036334	0.20244414928775142
22132	0.2097722866421206	0.43907845523135	0.3511492581265294
22133	0.21559894300935853	0.6036864312464545	0.18071462574418695
22134	0.1981000158891314	0.5332345951939844	0.2686653889168842
22135	0.2388570826441624	0.6160051988445631	0.14513771851127458
22136	0.25312836412594825	0.5677448151421077	0.1791268207319441
22137	0.23164178414533462	0.5381672356152402	0.23019098023942525
22138	0.26065789510809917	0.5251810305460733	0.2141610743458275
22139	0.18002206253577757	0.5496216498464646	0.2703562876177578
22140	0.2090817705436093	0.5975198902983183	0.19339833915807245
22141	0.18293101974139825	0.6651409028450013	0.15192807741360043
22142	0.2510900306499901	0.5295302789033394	0.2193796904466706
22143	0.10107996964796336	0.2564003601149864	0.6425196702370504
22144	0.10107996964796336	0.2564003601149864	0.6425196702370504
22145	0.16553795695287246	0.5462714833559925	0.2881905596911351
22146	0.29308117045678866	0.5182425049350738	0.18867632460813757
22147	0.21210246482397468	0.5929396538876173	0.19495788128840802
22148	0.1824970451485353	0.6088530182048876	0.2086499366465771
22149	0.18253774194122646	0.5832988179222839	0.23416344013648976
22150	0.2145244625367937	0.5613911738552129	0.22408436360799341
22151	0.23342273837995	0.5598518798037992	0.20672538181625078
22152	0.15639859400947356	0.6190983147645762	0.22450309122595022
22153	0.1954075188980949	0.5938351477610209	0.21075733334088423
22154	0.15639590029144274	0.619699586439629	0.2239045132689283
22155	0.2158222866803249	0.5936884803822234	0.19048923293745165
22156	0.23994617316732228	0.5663941784517139	0.19365964838096375
22157	0.21053024762203026	0.6284087192542757	0.1610610331236942
22158	0.2510297453278098	0.5520733313562133	0.19689692331597689
22159	0.19116437058577176	0.6007990282107118	0.2080366012035164
22160	0.2114240043365752	0.5661434454898046	0.22243255017362024
22161	0.1843193234141529	0.4529719678022779	0.36270870878356914
22162	0.23095003673536482	0.5535832190785382	0.215466744186097
22163	0.2043135135701121	0.5695140021079237	0.22617248432196418
22164	0.2057360928127557	0.6255369874167642	0.16872691977048013
22165	0.19899415303700393	0.45360868496105	0.3473971620019461
22166	0.1575041443445918	0.6994803357735948	0.1430155198818132
22167	0.2081717202043023	0.5544832285963246	0.23734505119937305
22168	0.1809843557974348	0.5442617095348337	0.27475393466773157
22169	0.23656637798828456	0.5572068829158017	0.20622673909591377
22170	0.2994895184934221	0.518103170938505	0.182407310568073
22171	0.17427136519023578	0.45390918453478935	0.3718194502749749
22172	0.26911805778840553	0.535968738260886	0.1949132039507084
22173	0.2067029711211271	0.6104551725465137	0.18284185633235936
22174	0.22620312717099836	0.5508990395221626	0.22289783330683907
22175	0.24817983808135569	0.5667575255069003	0.18506263641174403
22176	0.2174322746868804	0.4764123818318411	0.3061553434812785
22177	0.1943237618690411	0.4407617726157884	0.3649144655151705
22178	0.16410933939328073	0.662636791461157	0.17325386914556243
22179	0.18880490844076442	0.6025807645909614	0.20861432696827412
22180	0.19910055236136373	0.5920714333754037	0.20882801426323264
22181	0.24955668723376945	0.5327522812264536	0.21769103153977692
22182	0.2773251389094015	0.5650146604161174	0.15766020067448103
22183	0.2510900306499901	0.5295302789033394	0.2193796904466706
22184	0.23121952205402124	0.5633028635715338	0.20547761437444495
22185	0.2589062574745531	0.5887295918892445	0.15236415063620243
22186	0.16515901636377603	0.4888534254605009	0.34598755817572296
22187	0.21922089348212956	0.5830138274477622	0.19776527907010832
22188	0.2324826003474903	0.585108829057174	0.1824085705953357
22189	0.15223092243337302	0.3945878755189246	0.45318120204770246
22190	0.2927661918926346	0.5240949227435161	0.18313888536384937
22191	0.24103131645392797	0.5159038991461817	0.2430647843998902
22192	0.2245799372205246	0.604870533460895	0.17054952931858033
22193	0.25482609631993	0.5394554134440454	0.20571849023602476
22194	0.26905044817092233	0.5443391353977476	0.18661041643133006
22195	0.1987653763981871	0.6059672006538629	0.19526742294795008
22196	0.19099427096203375	0.5830138015562194	0.2259919274817469
22197	0.33687643627372765	0.4740304857503029	0.18909307797596953
22198	0.13758671705936779	0.6132908733923765	0.2491224095482556
22199	0.18055292778916138	0.5839440482384597	0.23550302397237893
22200	0.21632865047156077	0.6123220900954908	0.1713492594329485
22201	0.21523865376233323	0.5968949931017804	0.1878663531358864
22202	0.2591344825119248	0.5469365426149814	0.1939289748730938
22203	0.15946646349034216	0.3810632720976188	0.45947026441203903
22204	0.1613201568759917	0.5278698997278694	0.3108099433961389
22205	0.27441120575602196	0.5194867701542941	0.2061020240896839
22206	0.2628523104694416	0.5614289191098927	0.17571877042066567
22207	0.17650750378767366	0.5258524753399682	0.2976400208723582
22208	0.23889854018748138	0.5554338315815243	0.2056676282309944
22209	0.18919810058567332	0.568638534266126	0.24216336514820067
22210	0.22811627409311677	0.5672333649307137	0.20465036097616943
22211	0.19384940715557475	0.5905169586739804	0.21563363417044493
22212	0.20319219165172497	0.5366299645837218	0.26017784376455316
22213	0.24040929524969118	0.5567520409163247	0.2028386638339842
22214	0.3284658150873358	0.47880579641786464	0.19272838849479962
22215	0.21285763973752658	0.6077729864625265	0.17936937379994677
22216	0.20961225837162967	0.5948246611378056	0.19556308049056473
22217	0.15166633041563027	0.4259900337057846	0.4223436358785851
22218	0.18235559517935115	0.4910913325397743	0.3265530722808746
22219	0.24240853062858245	0.5697983695868296	0.18779309978458797
22220	0.19012171449897966	0.5803264203699967	0.22955186513102374
22221	0.204354464279474	0.6278655449486805	0.16777999077184544
22222	0.2572580163140304	0.5301089055955567	0.21263307809041296
22223	0.19669701455964955	0.5723741970495695	0.23092878839078093
22224	0.1693490810440897	0.5939089589860055	0.23674195996990477
22225	0.1781585698742408	0.6146297422558826	0.20721168786987665
22226	0.21386519814946653	0.5912213937937116	0.1949134080568219
22227	0.18876338557096253	0.5475542488670209	0.2636823655620167
22228	0.281094729114271	0.5754664386676968	0.14343883221803222
22229	0.2220122363145104	0.6226185630680764	0.15536920061741313
22230	0.3442588480731508	0.4375245639980461	0.21821658792880314
22231	0.17536267407095676	0.5555177638349117	0.2691195620941315
22232	0.1995903134356663	0.5698559241895191	0.23055376237481465
22233	0.1927116463184972	0.6140864379585989	0.19320191572290413
22234	0.20011974922636688	0.6257593743421186	0.17412087643151444
22235	0.2915008584591199	0.5358637161062898	0.17263542543459034
22236	0.3307878851951939	0.4622678678162242	0.20694424698858183
22237	0.25224941672592	0.4721988771310875	0.27555170614299246
22238	0.1262303739127545	0.7503794013171462	0.12339022477009937
22239	0.22561729261069818	0.6332981946998922	0.14108451268940958
22240	0.17436941184306598	0.46601449552700475	0.3596160926299292
22241	0.21872443628988664	0.49309644087207677	0.2881791228380366
22242	0.2871974976152421	0.5268144067516914	0.18598809563306648
22243	0.11707541068640151	0.487673034129179	0.3952515551844195
22244	0.20441387815161743	0.556347895515653	0.2392382263327295
22245	0.19867226833984739	0.5828749212611294	0.21845281039902323
22246	0.2286738251592434	0.5759512275527927	0.19537494728796395
22247	0.2165308271162821	0.5949666626926257	0.1885025101910923
22248	0.2691158470584952	0.4410330792690647	0.2898510736724401
22249	0.1955347105262893	0.51579576896758	0.28866952050613076
22250	0.24338203626189941	0.5340545784702792	0.22256338526782138
22251	0.23904582527277077	0.5815531211846435	0.17940105354258565
