21257	0.1835519580105991	0.718528372604848	0.09791966938455283
21258	0.09736945968325732	0.8460733507683754	0.056557189548367304
21259	0.17536978453028088	0.629930819867639	0.19469939560208016
21260	0.11483841770375143	0.8061852216294435	0.07897636066680495
21261	0.22275210286699368	0.6205100043202046	0.15673789281280162
21262	0.30310727172564295	0.6189814926616255	0.07791123561273151
21263	0.08885821678614657	0.5452406431700374	0.3659011400438161
21264	0.08263504347191165	0.7413914276980647	0.1759735288300237
21265	0.1388184708580412	0.7663973355343741	0.09478419360758465
21266	0.08156340060142608	0.36624636517736714	0.5521902342212067
21267	0.07947591621620864	0.3904618973964846	0.5300621863873067
21268	0.12689793349036418	0.7102938049462445	0.1628082615633912
21269	0.24366535842989254	0.6540554956956113	0.10227914587449617
21270	0.03012180761307774	0.7278061968008234	0.24207199558609882
21271	0.08460648332971922	0.6281765240215423	0.28721699264873846
21272	0.15451690654832104	0.7136842452549402	0.13179884819673873
21273	0.17375562242052686	0.7464743128325351	0.07977006474693814
21274	0.21120378128849673	0.6643896040772547	0.12440661463424858
21275	0.1321618299968462	0.7189340838748506	0.14890408612830322
21276	0.35149918302599614	0.5745952598294738	0.07390555714453007
21277	0.16772100451937352	0.7462957056865024	0.08598328979412417
21278	0.16457028442296398	0.7066529258665618	0.1287767897104741
21279	0.48455140930012447	0.27468901477206425	0.24075957592781116
21280	0.11148182504630692	0.7148599388869785	0.17365823606671452
21281	0.2640268434212401	0.6325281393238887	0.10344501725487114
21282	0.052122006895910594	0.6418348609776933	0.3060431321263961
21283	0.17601052452177024	0.7217039526115654	0.10228552286666441
21284	0.12011860344923818	0.7358238630961947	0.14405753345456718
21285	0.15873798970305217	0.7107217544188447	0.13054025587810322
21286	0.04937741699661619	0.880141166675144	0.07048141632823984
21287	0.20581926012254767	0.7084033444591871	0.08577739541826529
21288	0.15151425190727658	0.6077479701556662	0.24073777793705728
21289	0.20905947193080296	0.67197972745691	0.11896080061228703
21290	0.12988887850971728	0.7280567055495007	0.14205441594078186
21291	0.17928441259141303	0.742316217554312	0.07839936985427505
21292	0.06353503612511249	0.7132971896822712	0.22316777419261638
21293	0.1069265610737888	0.7610057632236623	0.13206767570254888
21294	0.051500214767883405	0.269809828521554	0.6786899567105626
21295	0.16074110565353752	0.7524291841455266	0.08682971020093579
21296	0.1660901265398884	0.7464029388507711	0.08750693460934049
21297	0.22900307891807412	0.6942593318299939	0.07673758925193193
21298	0.07146476797191197	0.8645839283380307	0.06395130369005729
21299	0.18627075350506428	0.7388869145241967	0.07484233197073893
21300	0.20418671223199614	0.7131074787944057	0.08270580897359815
21301	0.11698407593505282	0.7415250631289574	0.1414908609359897
21302	0.10527992143194605	0.7717006005450197	0.12301947802303433
21303	0.08602886622651491	0.8502008376417344	0.06377029613175055
21304	0.2462121859836147	0.6341118041684071	0.11967600984797828
21305	0.2537679620385503	0.6139062979615383	0.13232573999991148
21306	0.07920166613579614	0.767395931521218	0.15340240234298583
21307	0.13246379428502808	0.7695138343712751	0.09802237134369689
21308	0.08073135012417416	0.7807384343887046	0.13853021548712127
21309	0.11479306729116218	0.780723300912347	0.10448363179649083
21310	0.06732857505946539	0.413603180647273	0.5190682442932616
21311	0.17573625932256418	0.7042299599735348	0.12003378070390099
21312	0.04708900471110572	0.39304335510396093	0.5598676401849333
21313	0.1011785929303442	0.8053272845990685	0.09349412247058708
21314	0.1480284819632068	0.664691297972314	0.1872802200644792
21315	0.31288775016646736	0.5661197914725014	0.12099245836103123
21316	0.1463443615241843	0.45533586419919314	0.3983197742766225
21317	0.2861643213406286	0.5546395446932153	0.15919613396615606
21318	0.05385372934652208	0.31100275199548805	0.6351435186579898
21319	0.10006996568472289	0.6825491346684857	0.21738089964679128
21320	0.1247253443466355	0.7052881820337333	0.16998647361963112
21321	0.09816247242688887	0.6954070696268989	0.20643045794621218
21322	0.209231333299944	0.6375516552509414	0.15321701144911462
21323	0.13446146068103604	0.7968733229097449	0.06866521640921902
21324	0.19264433821854435	0.7278654041419049	0.07949025763955046
21325	0.1534646028382954	0.713453609950732	0.13308178721097247
21326	0.050274230834651136	0.8716454725922193	0.07808029657312954
21327	0.21142250299118714	0.6920117568322008	0.0965657401766119
21328	0.14494440492863025	0.719612523393112	0.13544307167825778
21329	0.0356624660351286	0.5963958439764047	0.36794168998846666
21330	0.1266845269066997	0.6906207458989346	0.1826947271943656
21331	0.12064894815499701	0.5551801532928498	0.32417089855215325
21332	0.23352431509021043	0.6996379949172759	0.06683768999251359
21333	0.12915841371554374	0.7707961892595409	0.1000453970249154
21334	0.14048982328336093	0.714820504899819	0.14468967181682005
21335	0.14343633421259008	0.7090882436463625	0.1474754221410475
21336	0.014698571118617386	0.8363339859863562	0.14896744289502642
21337	0.2692793947160726	0.6443267293552062	0.0863938759287212
21338	0.09564751094467282	0.7430493904334284	0.16130309862189884
21339	0.11809494414214679	0.6537581167482612	0.22814693910959183
21340	0.22770080697356546	0.5924684164957669	0.1798307765306677
21341	0.21387715920928696	0.6923240071342652	0.09379883365644766
21342	0.1313230731490833	0.6207526801180535	0.2479242467328631
21343	0.22753269545244004	0.6335943022902817	0.13887300225727828
21344	0.4320102405872355	0.3965004835235136	0.17148927588925086
21345	0.18528263480593724	0.7505846259368423	0.06413273925722039
21346	0.11384942730705823	0.8204418621680617	0.06570871052487996
21347	0.0761853259209672	0.7897562767889926	0.13405839729004013
21348	0.22038201268470523	0.7039968468253414	0.07562114048995348
21349	0.06683642256313628	0.7733182976561176	0.15984527978074606
21350	0.22543547717024204	0.5739211541194733	0.20064336871028468
21351	0.05659267852285346	0.8174160557931023	0.1259912656840442
21352	0.16950356874610464	0.7630011960570126	0.06749523519688262
21353	0.23764551973244197	0.6985421657473495	0.06381231452020841
21354	0.15803336124778863	0.7510453175964883	0.09092132115572286
21355	0.28046105470750615	0.6714300341886962	0.04810891110379776
21356	0.28046105470750615	0.6714300341886962	0.04810891110379776
21357	0.24044002402124273	0.6013626593652774	0.15819731661347977
21358	0.21944900485621122	0.7242151659121645	0.05633582923162427
21359	0.21944900485621122	0.7242151659121645	0.05633582923162427
21360	0.08384508359329468	0.7222891286441732	0.1938657877625322
21361	0.16525341206809466	0.783529103577225	0.05121748435468029
21362	0.051085221134459534	0.4311406102336881	0.5177741686318525
21363	0.1723102633373138	0.731416554156301	0.0962731825063851
21364	0.6592574883728904	0.2722940739564615	0.06844843767064801
21365	0.12396099347764855	0.8166266412569625	0.05941236526538893
21366	0.03722044528886692	0.9047810204361267	0.057998534275006404
21367	0.10036935008591334	0.73176270485558	0.16786794505850663
21368	0.1764401318498796	0.6937986810485195	0.12976118710160092
21369	0.21918326639774735	0.6170755568782227	0.16374117672402996
21370	0.17988352858537104	0.769698870491243	0.05041760092338612
21371	0.3187987259750498	0.5389981078540091	0.14220316617094098
21372	0.06748886254002869	0.8019674458417017	0.13054369161826965
21373	0.15387079871048215	0.6881401175490048	0.15798908374051304
21374	0.07974880774548265	0.863184566471246	0.05706662578327134
21375	0.19629261647621712	0.7382926182954933	0.06541476522828957
21376	0.3893102824074843	0.5406964438636566	0.06999327372885912
21377	0.32403083483301826	0.6017299569687483	0.07423920819823333
21378	0.04592179801822629	0.8488165931854814	0.10526160879629233
21379	0.1951591148330255	0.6709600173965778	0.13388086777039676
21380	0.6103535114831361	0.3278886677136074	0.061757820803256404
21381	0.3399565082032014	0.5137707691187879	0.14627272267801059
21382	0.11991285897452474	0.7892292248457591	0.09085791617971613
21383	0.2330644328548566	0.6675677681454989	0.09936779899964439
21384	0.12170398937301947	0.6120435376930167	0.26625247293396376
21385	0.10764557558624317	0.7366521678730953	0.15570225654066147
21386	0.22626483609302825	0.659533035151822	0.11420212875514966
21387	0.23098080018762945	0.6766406076126082	0.09237859219976217
21388	0.05383798463043705	0.832068582155098	0.11409343321446479
21389	0.17028928541935875	0.771618684900651	0.05809202967999011
21390	0.1247185803839705	0.7910042762693665	0.0842771433466629
21391	0.28858283832590087	0.6686748854010577	0.042742276273041446
21392	0.2447924203147133	0.6382433164660054	0.11696426321928137
21393	0.0767807764641195	0.7785199968742923	0.1446992266615881
21394	0.14995147893773275	0.7409065149658614	0.1091420060964059
21395	0.20444974278033415	0.5974596220887456	0.19809063513092018
21396	0.11600909840927844	0.7436600579599421	0.1403308436307795
21397	0.10072393081176845	0.7548474806746452	0.1444285885135862
21398	0.0933109861252343	0.7610842603672014	0.1456047535075642
21399	0.13723109482136567	0.7398139550955535	0.12295495008308088
21400	0.15661185065058628	0.770397848774731	0.0729903005746826
21401	0.08407329814496882	0.741569689049847	0.1743570128051841
21402	0.15538994192072594	0.75430207895936	0.09030797911991402
21403	0.09597781213653354	0.5797013008573192	0.3243208870061473
21404	0.14332886634986788	0.5790549635829687	0.2776161700671634
21405	0.05625037410703426	0.7060276009948131	0.23772202489815267
21406	0.11251340119541471	0.7002153846473643	0.1872712141572209
21407	0.013457572134112224	0.5236103253512269	0.46293210251466094
21408	0.0655644916439811	0.8382358846754036	0.09619962368061526
21409	0.24818291520878646	0.6926059784849296	0.05921110630628403
21410	0.24818291520878646	0.6926059784849296	0.05921110630628403
21411	0.17219704355116935	0.77136954963582	0.056433406813010366
21412	0.18070128050927758	0.7613385507473085	0.05796016874341387
21413	0.14711473595647365	0.7398039998974973	0.11308126414602904
21414	0.08054330344533056	0.5394270690749684	0.380029627479701
21415	0.17690520610824204	0.6748628444907974	0.14823194940096063
21416	0.1727801199111648	0.7539471631019171	0.073272716986918
21417	0.507495009801511	0.43234482392793083	0.06016016627055824
21418	0.274963987289071	0.6744588525784129	0.05057716013251597
21419	0.23076196545382407	0.6543771534360997	0.11486088111007631
21420	0.2939322986027215	0.6516820394114542	0.05438566198582425
21421	0.1929772446918457	0.6568665452079003	0.15015621010025396
21422	0.16047607803586048	0.767074129111997	0.0724497928521426
21423	0.06878754060894149	0.8747596880309656	0.05645277136009289
21424	0.17086926211653006	0.7634854268527415	0.06564531103072835
21425	0.20696191212183476	0.6203352150510575	0.17270287282710772
21426	0.22302701188936477	0.5542863062156909	0.2226866818949443
21427	0.16433336711722937	0.7581051145954042	0.07756151828736639
21428	0.16398693735394848	0.709311227946417	0.12670183469963445
21429	0.18220810306919089	0.7173660742654421	0.1004258226653671
21430	0.19652250006958427	0.6227987708900301	0.18067872904038565
21431	0.026231913242991744	0.3800808419408341	0.5936872448161742
21432	0.259269072372333	0.652393374229368	0.08833755339829898
21433	0.17928047773427513	0.6976950747573135	0.12302444750841136
21434	0.12627971843621436	0.6426372007306488	0.23108308083313692
21435	0.1286525487662647	0.7002252070365174	0.1711222441972178
21436	0.2055502156108793	0.7054089117863862	0.08904087260273445
21437	0.21962093378206002	0.693628233609553	0.08675083260838701
21438	0.28868581584972647	0.5771100967446002	0.13420408740567322
21439	0.16194847625702447	0.7013311349041033	0.1367203888388722
21440	0.2446084194790036	0.6771482746583087	0.07824330586268768
21441	0.13411810374840735	0.7977476095972231	0.06813428665436944
21442	0.13411810374840735	0.7977476095972231	0.06813428665436944
21443	0.5070652440362974	0.3431024044446822	0.14983235151902033
21444	0.38071634376113167	0.5156112478125825	0.10367240842628582
21445	0.11728495155120085	0.7028836602597947	0.1798313881890045
21446	0.21534519866219115	0.7052415171282864	0.07941328420952233
21447	0.12485568560970865	0.7716650875369521	0.10347922685333932
21448	0.08680700886100283	0.7424754525088056	0.17071753863019168
21449	0.16060917880446768	0.7536320895049554	0.08575873169057673
21450	0.15561923019822757	0.7580461339322914	0.08633463586948091
21451	0.027177654072300803	0.482957682512629	0.48986466341507023
21452	0.20239762360897098	0.7214757268430406	0.07612664954798838
21453	0.20239762360897098	0.7214757268430406	0.07612664954798838
21454	0.047174644452772356	0.8932835048886901	0.05954185065853749
21455	0.19588420376723006	0.730263030308333	0.07385276592443706
21456	0.1986983299772591	0.7238263016035434	0.07747536841919747
21457	0.208495245883878	0.7172964178132105	0.07420833630291146
21458	0.045466890419057125	0.4291648874218141	0.5253682221591287
21459	0.15860817254482937	0.7515904716072712	0.08980135584789938
21460	0.15860817254482937	0.7515904716072712	0.08980135584789938
21461	0.0933049816366298	0.7432700802141895	0.16342493814918066
21462	0.5602357450025286	0.38398410257390553	0.05578015242356582
21463	0.1428150563242657	0.7784109609339406	0.07877398274179369
21464	0.0768443001635572	0.6598552394185251	0.2633004604179177
21465	0.2227056632741425	0.7086184783438241	0.06867585838203344
21466	0.16387671675975188	0.6724753031856959	0.1636479800545523
21467	0.042048907798665124	0.4871253857214401	0.47082570647989486
21468	0.1389681846604609	0.7765958389205556	0.0844359764189835
21469	0.15497851062499374	0.7590255436508127	0.08599594572419356
21470	0.1683873101722045	0.7560265229795539	0.0755861668482415
21471	0.22270576936591893	0.6390080237765371	0.13828620685754398
21472	0.1274810281732453	0.7147324503592456	0.15778652146750913
21473	0.05225521193763016	0.5650446366303021	0.3827001514320678
21474	0.18264180655245088	0.6404601291819746	0.1768980642655745
21475	0.19530846541277755	0.701705805819269	0.10298572876795342
21476	0.205301480446802	0.6885380019200227	0.10616051763317523
21477	0.13412962180310417	0.6215671965359894	0.24430318166090648
21478	0.21941648936160038	0.7009372970219966	0.07964621361640306
21479	0.024214876823738175	0.7089050898894113	0.26688003328685045
21480	0.11301676555556389	0.8090417905353027	0.07794144390913348
21481	0.2710837572456601	0.6646851871940327	0.06423105556030718
21482	0.4756773654823374	0.45665044621220785	0.0676721883054547
21483	0.21025455984700994	0.5512993950823998	0.23844604507059022
21484	0.0687168146570642	0.8653734695354309	0.0659097158075048
21485	0.17791231166016763	0.745157156950793	0.0769305313890393
21486	0.04551633903542925	0.46056732427902464	0.49391633668554613
21487	0.09244291967067571	0.4361809165086676	0.47137616382065667
21488	0.013617036783601941	0.7468902040080021	0.23949275920839605
21489	0.03814988929049791	0.6690578252778088	0.2927922854316933
21490	0.08788982498029667	0.7845686941929239	0.12754148082677944
21491	0.165671377543361	0.720466619407418	0.11386200304922102
21492	0.23564862295397906	0.7107497688508406	0.05360160819518014
21493	0.16421550378174554	0.7244450554724423	0.11133944074581224
21494	0.31910711039792267	0.6067941785893566	0.07409871101272085
21495	0.13569088546215588	0.7151342927423191	0.14917482179552502
21496	0.14871736728831467	0.776277727844338	0.07500490486734723
21497	0.04574001484927476	0.8429733608236974	0.11128662432702781
21498	0.23788782648913154	0.6923236880547533	0.06978848545611512
21499	0.08134207551655398	0.8524083616109558	0.06624956287249023
21500	0.3039222820654544	0.5954202168594409	0.10065750107510461
21501	0.10032436800591704	0.8137631416266314	0.08591249036745152
21502	0.1024913607052939	0.8058557887152524	0.0916528505794536
21503	0.26778055602934875	0.6390131543409757	0.0932062896296754
21504	0.12440646179043931	0.7896683254798974	0.08592521272966332
21505	0.17538942284998424	0.7085325023144396	0.11607807483557604
21506	0.2825784444625597	0.6443319098313076	0.07308964570613263
21507	0.15962987233040615	0.740825920195287	0.09954420747430677
21508	0.060030214150524765	0.8744434880781348	0.06552629777134049
21509	0.1527269802080593	0.7655656003615063	0.08170741943043432
21510	0.052260212534261434	0.5460698317117595	0.40166995575397907
21511	0.08651489362014016	0.6901426395717186	0.2233424668081411
21512	0.1603210033310559	0.7310165224960259	0.1086624741729183
21513	0.10605618840396952	0.5931995331504218	0.30074427844560864
21514	0.19194933846647144	0.5558552541164907	0.25219540741703783
21515	0.15630034483874763	0.7782983381653885	0.06540131699586377
21516	0.07561809823608727	0.7248903188435124	0.19949158292040045
21517	0.29223043461477155	0.6637357950293692	0.04403377035585925
21518	0.03153266477602723	0.554232931681655	0.4142344035423178
21519	0.2546490566638036	0.6826702522432665	0.06268069109292992
21520	0.17221105749927026	0.7742454146379455	0.05354352786278416
21521	0.18690540988969118	0.6557555905804945	0.1573389995298143
21522	0.19184799749027392	0.6821284523983953	0.1260235501113308
21523	0.722798649686129	0.22378756195939972	0.0534137883544712
21524	0.07212782095984405	0.8568620315337884	0.07101014750636768
21525	0.21134059337773028	0.715516824410866	0.07314258221140359
21526	0.2605006918609392	0.5896305376308683	0.14986877050819256
21527	0.4341697306350487	0.5234392085819933	0.04239106078295804
21528	0.12170398937301947	0.6120435376930167	0.26625247293396376
21529	0.2841544965064611	0.624696938763599	0.09114856472993993
21530	0.48070448523039927	0.4503709269098037	0.06892458785979698
21531	0.08714671197453194	0.8420131647856356	0.07084012323983241
21532	0.1766012390575491	0.7455417853609334	0.0778569755815174
21533	0.18005051357619806	0.768700062841344	0.05124942358245793
21534	0.18813177823313185	0.7026445166299516	0.10922370513691633
21535	0.08112447889921982	0.41219591697924957	0.5066796041215307
21536	0.23848249053270396	0.46599910426978974	0.29551840519750633
21537	0.07040634186580319	0.7074399385102866	0.2221537196239102
21538	0.08857680767565508	0.7584293239119869	0.15299386841235804
21539	0.3293783787683642	0.5889120373990256	0.08170958383261019
21540	0.16921901796523772	0.7669357175003229	0.06384526453443952
21541	0.26039588581524	0.6239233120990925	0.11568080208566749
21542	0.10224184754128789	0.29747710893722223	0.6002810435214899
21543	0.26299635212996647	0.5434764128250537	0.19352723504497985
21544	0.31777115792349436	0.5622336487204195	0.11999519335608617
21545	0.1251901613628069	0.7039651385735803	0.1708447000636126
21546	0.39815801842178217	0.5236577221285854	0.07818425944963232
21547	0.1727409311877902	0.336205587945253	0.4910534808669568
21548	0.18619563559014693	0.7137571073504504	0.1000472570594026
21549	0.7573212145254552	0.20029418070655178	0.04238460476799314
21550	0.12700481000947408	0.7875767523934196	0.08541843759710623
21551	0.3352677668653075	0.6098747398739912	0.054857493260701294
21552	0.4582088210043396	0.42401221881360174	0.1177789601820587
21553	0.169200410498231	0.7092616887491534	0.12153790075261561
21554	0.040017533277087944	0.5396394052268534	0.42034306149605855
21555	0.041169755650173154	0.2995203031578872	0.6593099411919398
21556	0.1434651963998619	0.5884883422143022	0.2680464613858357
21557	0.09474341144589504	0.7834713594337356	0.12178522912036933
21558	0.2010041607631543	0.717882461767288	0.0811133774695575
21559	0.13843883779752494	0.28789894846190317	0.5736622137405719
21560	0.1866028387051267	0.7615025448205951	0.05189461647427806
21561	0.23323178164715563	0.7211506775721531	0.04561754078069132
21562	0.21023874149083702	0.7121555419038664	0.07760571660529657
21563	0.2718328042624369	0.6184369790803838	0.10973021665717932
21564	0.3656065282099479	0.5425190819611714	0.09187438982888063
21565	0.14220128533761991	0.7679819092408896	0.08981680542149036
21566	0.14220128533761991	0.7679819092408896	0.08981680542149036
21567	0.1586508325552631	0.7846454377602919	0.05670372968444478
21568	0.2053396947203839	0.6501070215016246	0.14455328377799154
21569	0.11948389146527783	0.7636634341268117	0.11685267440791024
21570	0.22362635300198455	0.6099256556504398	0.16644799134757557
21571	0.06596739850109268	0.8165684675007979	0.1174641339981094
21572	0.12321381756966761	0.7987576918655925	0.07802849056473982
21573	0.18387190757746516	0.6648243794768663	0.15130371294566855
21574	0.05834489472028748	0.6386053520008419	0.30304975327887057
21575	0.12139994436114505	0.7770869832532123	0.10151307238564244
21576	0.046212893281333066	0.8952840014504059	0.05850310526826109
21577	0.16101025102024327	0.7668766968862547	0.07211305209350188
21578	0.0752256046655876	0.5524192234118712	0.37235517192254114
21579	0.14191287612023648	0.7133668584806537	0.14472026539910987
21580	0.18726331829137113	0.7310582908660604	0.08167839084256852
21581	0.1993980837912459	0.6715853449886531	0.129016571220101
21582	0.24579445405168002	0.6906828338516636	0.0635227120966564
21583	0.09413658988297806	0.7548110480127463	0.1510523621042756
21584	0.2932138955233272	0.567738029042765	0.1390480754339077
21585	0.2001266979948869	0.5785304534991361	0.22134284850597705
21586	0.048546939454386255	0.508951088320502	0.44250197222511184
21587	0.06955852157379762	0.6253146282959511	0.30512685013025137
21588	0.28758509286036166	0.6093697576196514	0.10304514951998685
21589	0.27078074363516624	0.6221200404935684	0.10709921587126525
21590	0.18298935677245268	0.6208794369439071	0.19613120628364014
21591	0.10633156098759437	0.7376632260648294	0.15600521294757627
21592	0.3233623019897461	0.6166862475148345	0.05995145049541931
21593	0.14685237318019562	0.6914463722665504	0.16170125455325415
21594	0.24779557072337854	0.7027668366889687	0.04943759258765279
21595	0.30842567107500835	0.5400142142017192	0.15156011472327244
21596	0.375202158321414	0.49289098406047643	0.13190685761810952
21597	0.1802552991498708	0.7345815231591549	0.08516317769097431
21598	0.2190795846474135	0.7183498737659356	0.06257054158665082
21599	0.1603500246509081	0.76826226680849	0.071387708540602
21600	0.08224562920409088	0.8128446177366305	0.10490975305927852
21601	0.0809840167040529	0.39408527096548673	0.5249307123304604
21602	0.24150147256838003	0.6522062400186471	0.10629228741297285
21603	0.24503009315287513	0.6473730286428333	0.10759687820429155
21604	0.2421032620605356	0.6504911539477071	0.10740558399175737
21605	0.4843148693019986	0.45299141260673464	0.06269371809126685
21606	0.05476898224536101	0.5707842453419681	0.374446772412671
21607	0.09611852535544034	0.5752978769806888	0.32858359766387085
21608	0.18278388252454736	0.5297248973273092	0.28749122014814343
21609	0.047033716613279604	0.8749372122378231	0.07802907114889734
21610	0.3017608761829175	0.6283381488802694	0.06990097493681312
21611	0.31806105790946554	0.634371704067625	0.04756723802290949
21612	0.0599506744489078	0.413007358836702	0.5270419667143903
21613	0.11018196045141859	0.7908343675727615	0.0989836719758199
21614	0.1664626782518038	0.7185531991707589	0.11498412257743744
21615	0.21684957420710296	0.705561060346961	0.07758936544593616
21616	0.27579755900819564	0.6491543520468336	0.07504808894497074
21617	0.16341297723674075	0.6867886108282878	0.14979841193497137
21618	0.13789903804679549	0.756735707032061	0.10536525492114346
21619	0.13804763835233427	0.5813975701908575	0.2805547914568083
21620	0.07836156815813627	0.6447913890508364	0.2768470427910274
21621	0.20570793988974914	0.5928762116032424	0.20141584850700853
21622	0.13314229559402938	0.7937647054567586	0.073092998949212
21623	0.21235897619398872	0.6115143004134617	0.17612672339254964
21624	0.1521426179653962	0.8071261943399696	0.04073118769463426
21625	0.24450596312173536	0.6976547713068567	0.05783926557140784
21626	0.29035615686827265	0.5906776670682655	0.11896617606346184
21627	0.12777033504249566	0.6216197297254632	0.25060993523204106
21628	0.18842733154076372	0.7496888784277158	0.06188379003152039
21629	0.14375940754812008	0.6508529199753758	0.20538767247650427
21630	0.0662743847008827	0.602798053606232	0.3309275616928853
21631	0.14186387216764884	0.7722235897968331	0.08591253803551792
21632	0.12431236704189862	0.47135180952715033	0.40433582343095104
21633	0.17944837428907046	0.7296512476008803	0.09090037811004918
21634	0.31731271826038715	0.6301894970326779	0.052497784706934746
21635	0.19739111465104442	0.7417133632116425	0.06089552213731303
21636	0.10992643082702414	0.7136953678327843	0.17637820134019153
21637	0.13133944646969967	0.756405790324801	0.11225476320549936
21638	0.24978887004400666	0.5519308548781082	0.19828027507788507
21639	0.05345653528943295	0.8635789813771381	0.08296448333342898
21640	0.1390586440439778	0.7677436171689842	0.09319773878703803
21641	0.20655066633536437	0.715975863269526	0.07747347039510953
21642	0.19264433821854435	0.7278654041419049	0.07949025763955046
21643	0.11691954106398568	0.7197573266572598	0.16332313227875456
21644	0.17843040317512515	0.7293171511421251	0.0922524456827497
21645	0.2874756532921962	0.5988589525315229	0.11366539417628092
21646	0.22259296882020485	0.6587257450435139	0.11868128613628137
21647	0.19831363546814243	0.7267221197510189	0.07496424478083866
21648	0.026602068674992128	0.9102054445134863	0.06319248681152168
21649	0.16938286530619373	0.7442358598110183	0.08638127488278792
21650	0.08261049996627572	0.8127548029792154	0.10463469705450895
21651	0.18647899300373108	0.7450463470066944	0.0684746599895744
21652	0.23633881510620944	0.7236260483106706	0.04003513658311991
21653	0.21674835852053728	0.5739703896071696	0.20928125187229293
21654	0.22985461714177713	0.6811322408423098	0.08901314201591294
21655	0.059618280106311206	0.8090233378487238	0.131358382044965
21656	0.16347640729298596	0.7570882964388922	0.07943529626812179
21657	0.0831137941086703	0.5192342522318768	0.39765195365945294
21658	0.1844012406551646	0.47380348755671114	0.3417952717881243
21659	0.24168102772775055	0.6802103345175404	0.07810863775470911
21660	0.07808422366912716	0.7027908667019513	0.2191249096289214
21661	0.036294467954826555	0.847469398565399	0.1162361334797745
21662	0.10038682140323578	0.8336404503502636	0.0659727282465007
21663	0.42458035150005785	0.4970699155948246	0.07834973290511756
21664	0.13471404583103605	0.7599573873109206	0.10532856685804344
21665	0.16960623376324113	0.6569717040793817	0.17342206215737724
21666	0.26667786127940124	0.6692428956600865	0.06407924306051227
21667	0.12018733359069944	0.7079806063040142	0.17183206010528632
21668	0.30697840885324723	0.5458624410319289	0.14715915011482383
21669	0.2919545963330889	0.6497564045730616	0.05828899909384963
21670	0.17721509756355192	0.7532563209287476	0.06952858150770048
21671	0.028710710655529003	0.8862843298728519	0.08500495947161911
21672	0.0830734545934061	0.8159490252652756	0.10097752014131826
21673	0.14351151852479682	0.7376954945850026	0.11879298689020058
21674	0.20345319706986845	0.6730218725900938	0.12352493034003777
21675	0.12418819149672412	0.7919854376137573	0.08382637088951843
21676	0.134384246536127	0.6897376511038892	0.17587810235998372
21677	0.19823807790968853	0.7383987160717989	0.0633632060185126
21678	0.09864671234171596	0.47093187146405385	0.43042141619423013
21679	0.1927318122407564	0.6735452379365525	0.13372294982269106
21680	0.1755701829691497	0.760682143517155	0.06374767351369519
21681	0.1774733725794607	0.7231783628503048	0.09934826457023456
21682	0.14815730182318532	0.5950598870004564	0.25678281117635815
21683	0.12586514052487696	0.8250156162002464	0.0491192432748766
21684	0.45040079564304847	0.5065694357781202	0.04302976857883143
21685	0.14322253343635336	0.7922788285704888	0.06449863799315785
21686	0.2343835761246905	0.692801690465588	0.07281473340972143
21687	0.267263181079974	0.645542723901167	0.08719409501885889
21688	0.11705621233987941	0.6137171674142032	0.2692266202459174
21689	0.22737941875759163	0.7059184131275235	0.06670216811488472
21690	0.2413426686142115	0.6917041422343427	0.06695318915144567
21691	0.2179696197484753	0.6799494958459262	0.10208088440559832
21692	0.28196887602455006	0.5521023579098361	0.16592876606561383
21693	0.06150399869572042	0.38453081560493	0.5539651856993496
21694	0.1958873783145151	0.6795627068193834	0.12454991486610144
21695	0.38001603660221095	0.5368421066337762	0.08314185676401284
21696	0.07244098809108608	0.8526782155024275	0.07488079640648644
21697	0.19034599442661826	0.720585641133046	0.08906836444033565
21698	0.11852488219389161	0.7742233579760373	0.10725175983007118
21699	0.1435448675241816	0.7238685769788683	0.13258655549694998
21700	0.13425083164890197	0.6958433054112119	0.16990586293988622
21701	0.2403603314511061	0.7165091458650812	0.04313052268381281
21702	0.1313848709654669	0.6595896575301713	0.2090254715043618
21703	0.07984485436675214	0.7097737006739551	0.2103814449592928
21704	0.06966009298618728	0.7331011916569391	0.19723871535687368
21705	0.036055289808283014	0.45535308280474723	0.5085916273869698
21706	0.13074577505048923	0.7514731005097706	0.11778112443974016
21707	0.2049932356261804	0.6692821037051527	0.12572466066866686
21708	0.14190400508658213	0.5204681860445189	0.3376278088688991
21709	0.08685264832741739	0.5586616674990827	0.3544856841734998
21710	0.17352518637239886	0.7451855023942918	0.08128931123330906
21711	0.24949556607011306	0.6813920980600886	0.0691123358697983
21712	0.15473483569592503	0.7032462022428038	0.14201896206127118
21713	0.32394527984037463	0.6084020644231042	0.06765265573652118
21714	0.12237433744293535	0.7466969587250718	0.13092870383199276
21715	0.2042299005116631	0.7276835092130364	0.0680865902753005
21716	0.1338956021615523	0.7722289405712105	0.09387545726723708
21717	0.15685207169770818	0.7616631591934672	0.08148476910882473
21718	0.123006822805467	0.7582397170698109	0.11875346012472199
21719	0.06523393386783567	0.49190130081134703	0.44286476532081726
21720	0.14826580070347284	0.6036990730490907	0.24803512624743643
21721	0.16219127346050302	0.7172993057748411	0.12050942076465576
21722	0.05608196391261953	0.7507082208931729	0.19320981519420757
21723	0.16018585380133038	0.7134728202707025	0.12634132592796712
21724	0.31468593651104837	0.5848124954063442	0.10050156808260746
21725	0.0997577164404938	0.3553991619324282	0.5448431216270779
21726	0.27776180700396935	0.6149785311321294	0.10725966186390112
21727	0.32662988570459445	0.4147568682632908	0.25861324603211483
21728	0.20771333510756262	0.6360800382566548	0.15620662663578258
21729	0.19102517173611586	0.6958952653493046	0.1130795629145796
21730	0.051741297902254985	0.5755855463861207	0.37267315571162435
21731	0.1769584091097053	0.6712946778226353	0.15174691306765947
21732	0.05649372019963019	0.8726510802090894	0.07085519959128043
21733	0.2169788833901649	0.6936952589965818	0.08932585761325333
21734	0.14357611771476794	0.7830631772537014	0.07336070503153047
21735	0.35988410147279065	0.591401553957778	0.04871434456943132
21736	0.11166471155150624	0.33445040820093896	0.5538848802475548
21737	0.20101362436798653	0.6468696952482379	0.15211668038377554
21738	0.16562111366716545	0.7741696182064167	0.06020926812641784
21739	0.24226498840965263	0.6769033490189207	0.08083166257142659
21740	0.18473060567094157	0.6676347154785417	0.1476346788505168
21741	0.16274854044154538	0.7720628786638623	0.06518858089459226
21742	0.15476989822355808	0.6885306388573608	0.15669946291908118
21743	0.011199131299942648	0.9223315711569883	0.06646929754306907
21744	0.3438954127292071	0.5789835458582102	0.07712104141258282
21745	0.22556841515206852	0.6974190119297511	0.07701257291818031
21746	0.21061640061185138	0.7109106049060957	0.07847299448205276
21747	0.10940354388187253	0.6885345717799295	0.20206188433819797
21748	0.11072501114331668	0.5488873958162446	0.34038759304043875
21749	0.2918880711498744	0.5976763254174632	0.11043560343266234
21750	0.1043805554426208	0.6613015949646194	0.2343178495927598
21751	0.180061440880211	0.7110864348336858	0.1088521242861031
21752	0.05956824402903702	0.8522040234588274	0.08822773251213543
21753	0.2252636304223686	0.6781576248693871	0.09657874470824424
21754	0.16015091626979752	0.7407735990209319	0.09907548470927069
21755	0.12104972932798364	0.5793913334298874	0.29955893724212906
21756	0.1829938242921704	0.7072669673595827	0.10973920834824673
21757	0.1829938242921704	0.7072669673595827	0.10973920834824673
21758	0.19286695793415207	0.6469207210058684	0.1602123210599796
21759	0.10806266413931376	0.6243529471492385	0.2675843887114477
21760	0.10700944064516078	0.8284569812567409	0.06453357809809816
21761	0.18893183913235304	0.7356462385027717	0.07542192236487526
21762	0.25268811869553415	0.6365948131527118	0.11071706815175392
21763	0.08986449111276	0.4126712416924449	0.49746426719479525
21764	0.25951908545239766	0.6651649291907207	0.07531598535688167
21765	0.11255527230504565	0.8203580979803492	0.06708662971460522
21766	0.3569576581277875	0.60210461593539	0.04093772593682266
21767	0.211072708932062	0.7081827318414927	0.08074455922644504
21768	0.12304219045859538	0.8281202210864285	0.04883758845497611
21769	0.1381740990845244	0.8114581558522476	0.050367745063227914
21770	0.19722074462382633	0.7321843446867029	0.07059491068947067
21771	0.23514846115085472	0.619716097436143	0.1451354414130023
21772	0.08619296386857454	0.6003043171292181	0.3135027190022075
21773	0.08598874006562496	0.7665792042178183	0.14743205571655665
21774	0.08302134965085252	0.8661791620527927	0.05079948829635483
21775	0.27204749957672186	0.6687436356012618	0.05920886482201632
21776	0.06619677416873643	0.7914225716382258	0.14238065419303783
21777	0.1521963975731524	0.7890850388089437	0.05871856361790392
21778	0.16774451337887109	0.7785446737827418	0.05371081283838702
21779	0.3168347146236791	0.6265985914477307	0.05656669392859026
21780	0.1968278817961812	0.7195639861803064	0.08360813202351236
21781	0.13384548670903848	0.7378934217502344	0.12826109154072698
21782	0.3132621333340345	0.6221807673049787	0.06455709936098684
21783	0.3719723649972857	0.5968868482099899	0.031140786792724293
21784	0.23604048725316543	0.6695103608239655	0.09444915192286892
21785	0.15437181928385785	0.7628298617576151	0.08279831895852695
21786	0.15437181928385785	0.7628298617576151	0.08279831895852695
21787	0.26953336371815	0.5218112581367901	0.20865537814505983
21788	0.056099538757698166	0.7445749758966898	0.19932548534561204
21789	0.175036653423846	0.7530658215529767	0.07189752502317717
21790	0.22700150081891246	0.6129673755877724	0.1600311235933152
21791	0.09248904055843159	0.6966877186502868	0.2108232407912816
21792	0.21216735914347842	0.6258260214910362	0.16200661936548547
21793	0.17557695743293014	0.754656728686243	0.06976631388082688
21794	0.17850401702529148	0.7562716449670313	0.06522433800767723
21795	0.3948118187076041	0.47084840803505595	0.13433977325733992
21796	0.3633993615985487	0.522129567181549	0.11447107121990237
21797	0.24613874253856513	0.6589457981729127	0.09491545928852226
21798	0.6879247926674429	0.22183109013196456	0.09024411720059271
21799	0.042870212172524826	0.729977917236243	0.2271518705912322
21800	0.06886964856861957	0.8372507867323367	0.09387956469904375
21801	0.4480673337066743	0.48470482377560004	0.06722784251772573
21802	0.2578294866754975	0.6776481228447314	0.06452239047977097
21803	0.2586818206566963	0.6818013778498476	0.059516801493455895
21804	0.17280022252355823	0.6164258893607909	0.21077388811565087
21805	0.27127296929455125	0.665720760358281	0.06300627034716785
21806	0.5365441912165939	0.40279201578378254	0.0606637929996236
21807	0.16512899839516387	0.6714080802591355	0.16346292134570053
21808	0.2484483338853186	0.6697528740131894	0.08179879210149192
21809	0.16835374271215908	0.6700574662222083	0.16158879106563243
21810	0.2486792772497134	0.670981051985955	0.08033967076433152
21811	0.3120063159553363	0.5403935137647448	0.14760017027991898
21812	0.5144712340830139	0.44201053871378204	0.043518227203204106
21813	0.16685564122154672	0.6349804852982205	0.19816387348023276
21814	0.18710273402319355	0.7361918253859518	0.07670544059085453
21815	0.014414193401050041	0.695235643846081	0.29035016275286896
21816	0.10470107756914475	0.7585884769507757	0.1367104454800796
21817	0.13003339116011028	0.7952989734379557	0.074667635401934
21818	0.341318013780674	0.5224987065084788	0.13618327971084707
21819	0.3041787109654197	0.5819571356473588	0.1138641533872214
21820	0.06807058782239692	0.887722143582903	0.04420726859470011
21821	0.22647201617885981	0.7232414778433155	0.05028650597782469
21822	0.131340560765133	0.8147113571989291	0.05394808203593781
21823	0.06528058134019533	0.7534984916783668	0.181220926981438
21824	0.13257024710246862	0.6588616504323773	0.2085681024651541
21825	0.21776338650537327	0.6169781406712443	0.16525847282338238
21826	0.06611917293449489	0.8528330162212397	0.08104781084426543
21827	0.15248817941329862	0.7508029323458044	0.09670888824089706
21828	0.10393459640457477	0.8494037397268198	0.04666166386860544
21829	0.12219626316395878	0.7996453731347847	0.0781583637012566
21830	0.07759939382724677	0.8598900480161004	0.06251055815665285
21831	0.17857736875669913	0.6822591547779546	0.13916347646534627
21832	0.22762148235692434	0.709492311782249	0.06288620586082659
21833	0.2852321534760303	0.5905715620317172	0.12419628449225249
21834	0.12447258014755584	0.6293205366651422	0.2462068831873018
21835	0.19205450404202073	0.701245041346453	0.10670045461152607
21836	0.2656182364092942	0.6000820603710642	0.13429970321964166
21837	0.12841748196892075	0.5282408550502297	0.3433416629808496
21838	0.2548664118549399	0.6364253161344643	0.10870827201059578
21839	0.12944064536086367	0.6135807764621527	0.2569785781769836
21840	0.0383061330539711	0.8140099265851979	0.14768394036083102
21841	0.10771432090246681	0.7762014446108808	0.1160842344866525
21842	0.13349985576875548	0.5548559111403599	0.3116442330908846
21843	0.14663603457742788	0.6638134445702772	0.18955052085229487
21844	0.08206767324855939	0.8592486549480046	0.058683671803435915
21845	0.19368907550409084	0.7457862140497195	0.06052471044618956
21846	0.2941484424079978	0.5487387657842909	0.1571127918077112
21847	0.28925948046612215	0.6450365094587068	0.06570401007517106
21848	0.16858770982309582	0.6830709836638919	0.1483413065130124
21849	0.0774402801268534	0.4690233659174916	0.453536353955655
21850	0.2628898819821469	0.6936318168436563	0.043478301174196786
21851	0.1432044105181585	0.8159169526580655	0.04087863682377591
21852	0.1822277903885631	0.7132569160028982	0.1045152936085388
21853	0.17760929415486582	0.6793994527192306	0.14299125312590355
21854	0.22573143851834732	0.6639055035361642	0.11036305794548852
21855	0.21849339671873558	0.7379341383405045	0.043572464940759975
21856	0.2590030340600751	0.6878468745855212	0.05315009135440382
21857	0.17781076045519062	0.5198547251690908	0.30233451437571857
21858	0.11664787897915536	0.7503621330489261	0.13298998797191872
21859	0.18982609648759854	0.7190761017563307	0.09109780175607075
21860	0.05282797837637368	0.6283227850209526	0.3188492366026737
21861	0.1989971993016031	0.7025744804991177	0.09842832019927912
21862	0.15008624651095306	0.5878964167496331	0.2620173367394139
21863	0.26956199809968273	0.6713696216218964	0.059068380278420894
21864	0.07639978149064386	0.7289956821211211	0.19460453638823508
21865	0.08855168223070407	0.38758721188011097	0.5238611058891849
21866	0.3939387221305717	0.5357191916525311	0.07034208621689723
21867	0.1922861622019015	0.7376839408289696	0.07002989696912883
21868	0.1948711394253871	0.7244199818575251	0.0807088787170877
21869	0.1948711394253871	0.7244199818575251	0.0807088787170877
21870	0.0822293341417383	0.8328393517978175	0.084931314060444
21871	0.127870246451341	0.5782697482361808	0.29386000531247813
21872	0.051139483211395644	0.8555706934090942	0.09328982337951015
21873	0.1970990741026284	0.6823821656694902	0.12051876022788144
21874	0.18733196058767532	0.6925895044553078	0.12007853495701688
21875	0.3383232861399426	0.5284044908425569	0.13327222301750039
21876	0.2271812085174267	0.6881538009324656	0.08466499055010773
21877	0.03836576246902438	0.45498229514573874	0.506651942385237
21878	0.11735916274534682	0.764842996678193	0.11779784057646026
21879	0.11138483428426381	0.6439940385456103	0.24462112717012582
21880	0.15944595669124928	0.6931330351294092	0.1474210081793416
21881	0.12675490341028975	0.7337649818141488	0.13948011477556144
21882	0.11842467129543637	0.8102754849281822	0.07129984377638136
21883	0.14927978604374992	0.7404253131199369	0.11029490083631321
21884	0.18619563559014693	0.7137571073504504	0.1000472570594026
21885	0.11991541833370815	0.6287147601532229	0.251369821513069
21886	0.12248600240119682	0.7515481420026053	0.12596585559619777
21887	0.09702985249788187	0.7014351593135094	0.2015349881886086
21888	0.18015351420564552	0.7344288997695051	0.08541758602484932
21889	0.15497851062499374	0.7590255436508127	0.08599594572419356
21890	0.3324492036784162	0.6282285627946275	0.03932223352695632
21891	0.08313938457915186	0.790290489855626	0.1265701255652221
21892	0.292687013208013	0.6260833055939581	0.081229681198029
21893	0.06984007054953219	0.846389544638174	0.08377038481229382
21894	0.18177751828505043	0.7176026423478561	0.10061983936709351
21895	0.18366362493155405	0.7557635538942864	0.06057282117415954
21896	0.10931150711872255	0.5701624335458452	0.3205260593354323
21897	0.13862009753287877	0.7597233235584254	0.10165657890869567
21898	0.10113205699909315	0.7099762825268751	0.18889166047403175
21899	0.43423561327487953	0.529769006984355	0.03599537974076538
21900	0.16509382775167306	0.6483207785830402	0.18658539366528673
21901	0.27798659327255026	0.6750212457954624	0.04699216093198727
21902	0.06308854947448019	0.6981435633067613	0.23876788721875852
21903	0.13355403777087596	0.7940537675669179	0.07239219466220607
21904	0.022525435001529814	0.8957729832300204	0.08170158176844973
21905	0.12375145493731081	0.7636862419416092	0.11256230312108001
21906	0.07623761109596526	0.8559026029799623	0.06785978592407245
21907	0.08085220260681467	0.713690045899012	0.20545775149417345
21908	0.3254279901558497	0.6120830076407738	0.062489002203376415
21909	0.18025356188259653	0.7297828124524951	0.0899636256649083
21910	0.18927477842262638	0.7272996102334289	0.0834256113439446
21911	0.19630451991044326	0.7229371067737036	0.08075837331585309
21912	0.26207476817855674	0.6825895013179638	0.0553357305034794
21913	0.37611164717187356	0.5495801344381059	0.0743082183900206
21914	0.05613959441416	0.8998821250398437	0.04397828054599635
21915	0.23599613068238598	0.7096221768304928	0.05438169248712124
21916	0.009022805137128954	0.5010856503457947	0.4898915445170764
21917	0.147426018150273	0.7511681232032913	0.1014058586464357
21918	0.2366128659760093	0.6798246072161556	0.08356252680783499
21919	0.12301251298092082	0.438359390759689	0.43862809625939025
21920	0.10606235738669274	0.811699383526078	0.08223825908722925
21921	0.10606235738669274	0.811699383526078	0.08223825908722925
21922	0.14266277404239902	0.7798459282147219	0.07749129774287898
21923	0.32500613759960223	0.5320943654256648	0.14289949697473295
21924	0.06263614989177892	0.4960773358953731	0.4412865142128479
21925	0.2009120890002872	0.6972769615351365	0.10181094946457615
21926	0.0725723925333927	0.5866657869594007	0.3407618205072065
21927	0.08904862233638462	0.8615982729459954	0.0493531047176198
21928	0.16377520110455848	0.6430063221181428	0.19321847677729878
21929	0.21449605264552848	0.679719782339872	0.10578416501459946
21930	0.20586090018675915	0.7197814045102214	0.07435769530301951
21931	0.7177553823873691	0.23673662719302757	0.045507990419603295
21932	0.20707217749798057	0.7412223660205762	0.051705456481443084
21933	0.2079376297276273	0.7448735079358504	0.04718886233652225
21934	0.11167305177188203	0.6716994720797173	0.2166274761484007
21935	0.0974359220452401	0.7196480511630403	0.18291602679171948
21936	0.26610427874149384	0.6845677219314403	0.0493279993270657
21937	0.15083053705254684	0.7906491229985484	0.058520339948904786
21938	0.10549538859488876	0.7122508773632071	0.18225373404190404
21939	0.07392831853944162	0.7638049736027058	0.16226670785785255
21940	0.20880535739261366	0.6939206546295837	0.09727398797780247
21941	0.18980908793062232	0.7365854601246428	0.07360545194473472
21942	0.263451771798811	0.4051123897986384	0.33143583840255064
21943	0.11408210573818622	0.7443598220519441	0.14155807220986974
21944	0.030946075523489557	0.6744389728825152	0.29461495159399526
21945	0.10675779628784715	0.6664495352802637	0.22679266843188906
21946	0.2107524636154	0.7415640545591935	0.04768348182540646
21947	0.09036704075291536	0.7132746926626387	0.19635826658444588
21948	0.20130754221458502	0.6538262243661489	0.144866233419266
21949	0.07707456382854486	0.8461855720258025	0.0767398641456528
21950	0.11145719115359505	0.833219317343136	0.0553234915032689
21951	0.09014510750866034	0.8627197621998953	0.047135130291444366
21952	0.22359405358796383	0.7115055893389415	0.06490035707309456
21953	0.22359405358796383	0.7115055893389415	0.06490035707309456
21954	0.1206429003095842	0.6906353493731926	0.18872175031722324
21955	0.17351031629688127	0.6776444053007823	0.14884527840233644
21956	0.20273110050864118	0.7069050385221348	0.09036386096922389
21957	0.11378041904557155	0.6486908762155507	0.2375287047388777
21958	0.14557684137053692	0.7480292151134122	0.10639394351605082
21959	0.15220346176577393	0.7109786802101384	0.13681785802408755
21960	0.11836927454791735	0.8145083547889661	0.0671223706631166
21961	0.12111604538851799	0.8107565027009601	0.06812745191052179
21962	0.16480686815599777	0.7723448628810373	0.0628482689629649
21963	0.18792575488859184	0.7234556758979891	0.08861856921341908
21964	0.18792575488859184	0.7234556758979891	0.08861856921341908
21965	0.18350459101807146	0.6915595122950732	0.1249358966868555
21966	0.20075660481737514	0.5266034110952115	0.2726399840874134
21967	0.36039936244510185	0.5967063292600643	0.04289430829483376
21968	0.4218986999136309	0.46908351235340345	0.10901778773296573
21969	0.238695985775619	0.3369631061070361	0.4243409081173448
21970	0.1901578380328446	0.7196265349870753	0.09021562698008008
21971	0.17294605850398714	0.7536836777808581	0.07337026371515482
21972	0.15309851723196552	0.7648894987500476	0.08201198401798677
21973	0.255913236577486	0.6656025577639411	0.07848420565857288
21974	0.1971588813694528	0.720241734819167	0.08259938381138014
21975	0.1971588813694528	0.720241734819167	0.08259938381138014
21976	0.2797508308992152	0.6137403110656376	0.10650885803514713
21977	0.36327560726980074	0.4957551308660501	0.14096926186414918
21978	0.19846045885901265	0.6369680683397475	0.16457147280123985
21979	0.17307641474738453	0.7156315483951113	0.11129203685750415
21980	0.14266565926926933	0.2848189812473175	0.5725153594834131
21981	0.09750689565250974	0.8006562143257252	0.10183689002176505
21982	0.12915906408474898	0.3125663715316184	0.5582745643836327
21983	0.5080656262758559	0.4069760936133519	0.0849582801107922
21984	0.08548902051769758	0.8299519965968285	0.08455898288547375
21985	0.19516894559245676	0.6373005492407958	0.1675305051667475
21986	0.13629725625435954	0.7171772011677762	0.1465255425778643
21987	0.13279897680297903	0.7235238736135189	0.143677149583502
21988	0.12058214450560782	0.6638209194135526	0.2155969360808397
21989	0.13204995238393047	0.6134938207315057	0.25445622688456376
21990	0.1348599621395534	0.7366099313176724	0.12853010654277405
21991	0.061516231206921346	0.6632571609833083	0.27522660780977026
21992	0.09213231141375107	0.7656961430508501	0.1421715455353987
21993	0.21832918050970238	0.6050400658319942	0.17663075365830352
21994	0.24505626257930668	0.5314174304904266	0.22352630693026673
21995	0.14081798068609627	0.8010417759182342	0.058140243395669526
21996	0.22249020985601467	0.6982680658032132	0.07924172434077205
21997	0.040242871666237655	0.6205886421799346	0.33916848615382783
21998	0.12467809064971229	0.6589420070665835	0.2163799022837043
21999	0.15149235330289798	0.776112498763387	0.07239514793371499
22000	0.07165752745356481	0.8719979230744794	0.056344549471955836
22001	0.07165752745356481	0.8719979230744794	0.056344549471955836
22002	0.14817686614904366	0.7430250067401342	0.10879812711082198
22003	0.05236548757471099	0.7468291264438772	0.20080538598141184
22004	0.35467282115200827	0.5362912982000841	0.10903588064790753
22005	0.08731191668514658	0.6665116997955387	0.2461763835193146
22006	0.09707111120713528	0.7455892027177627	0.15733968607510182
22007	0.21895865288217478	0.60505732299647	0.17598402412135528
22008	0.1025349997553613	0.6458589254469022	0.25160607479773645
22009	0.09816839615851936	0.7508118241798266	0.15101977966165406
22010	0.15399264237046076	0.706330018235414	0.13967733939412527
22011	0.31986761630671084	0.6429912356825332	0.03714114801075596
22012	0.2595139223246477	0.6821917690030673	0.058294308672285154
22013	0.11760150568953202	0.8016808716273748	0.08071762268309317
22014	0.08793241480803386	0.7318741193351119	0.1801934658568541
22015	0.24609797403247957	0.7124190693233952	0.041482956644125234
22016	0.15217349074719677	0.7732353381155771	0.07459117113722605
22017	0.07290482482640341	0.7921642779006625	0.13493089727293406
22018	0.08487780949627359	0.44452187803712945	0.4706003124665969
22019	0.2394935268085802	0.6982455820125847	0.06226089117883504
22020	0.5733178916730061	0.37030874461046476	0.05637336371652913
22021	0.20248780732855043	0.6763472432199951	0.12116494945145449
22022	0.17557695743293014	0.754656728686243	0.06976631388082688
22023	0.25799973398122716	0.6854634810558284	0.056536784962944474
22024	0.39888162279418404	0.5497430089285834	0.051375368277232554
22025	0.07634389791095685	0.6738725355685077	0.24978356652053546
22026	0.22349631112829324	0.6866158080036465	0.08988788086806014
22027	0.22349631112829324	0.6866158080036465	0.08988788086806014
22028	0.41076188067186553	0.48470477926693095	0.10453334006120361
22029	0.35005495433179395	0.5908331381863383	0.05911190748186781
22030	0.1490776629613622	0.5961341299945145	0.25478820704412314
22031	0.041584304333114754	0.5771278764736371	0.3812878191932483
22032	0.1395411864221586	0.3123429933152343	0.5481158202626071
22033	0.3448064470929652	0.5394629882438683	0.11573056466316656
22034	0.12406846996170863	0.6049650201278908	0.2709665099104006
22035	0.10858027875912128	0.6650782319770934	0.22634148926378536
22036	0.11161290071337289	0.641623147961682	0.2467639513249451
22037	0.28402064529186255	0.6453728761741978	0.07060647853393963
22038	0.19077340392442457	0.7594178508191015	0.04980874525647395
22039	0.25161631779302446	0.7026913295400753	0.04569235266690036
22040	0.07065400317236926	0.7500554371802841	0.17929055964734664
22041	0.09916465649172634	0.7674366583431039	0.13339868516516962
22042	0.1027353368806793	0.4688135670879337	0.4284510960313869
22043	0.16857879927626027	0.5646917820413327	0.26672941868240707
22044	0.43067305160183333	0.5079329257710757	0.06139402262709095
22045	0.12534358887265842	0.7535957988986469	0.12106061222869467
22046	0.06939690152105658	0.8046890080898041	0.12591409038913914
22047	0.3364497050978879	0.5853436411749517	0.07820665372716032
22048	0.07024103092311725	0.8871765624240302	0.04258240665285253
22049	0.21348315241556962	0.7037869016708799	0.08272994591355047
22050	0.047169680856010636	0.8777312283941189	0.07509909074987055
22051	0.17237701445042877	0.6031626246861804	0.2244603608633908
22052	0.1825859012910732	0.6536654347939869	0.16374866391493992
22053	0.04624801786610063	0.8840114723518554	0.06974050978204407
22054	0.03598396272890788	0.6332746843174142	0.330741352953678
22055	0.09362633477693216	0.7660558612633787	0.14031780395968918
22056	0.30066017875322343	0.43712780072298757	0.26221202052378906
22057	0.19591493512121225	0.5900884006691195	0.21399666420966815
22058	0.22995511159099272	0.7111038757668845	0.05894101264212261
22059	0.034585299912240165	0.38354432943002315	0.5818703706577366
22060	0.4319532784138726	0.35823368198799427	0.20981303959813313
22061	0.11149454150061067	0.6000447196395942	0.2884607388597951
22062	0.25145003350903317	0.6802860307535004	0.06826393573746636
22063	0.09592386666494351	0.633606289996898	0.27046984333815843
22064	0.08640083129332908	0.8105457587736765	0.10305340993299439
22065	0.07847061760708664	0.4488176153872587	0.4727117670056547
22066	0.2277363403829417	0.6722112041892879	0.10005245542777043
22067	0.10404548286957326	0.7730245314684204	0.12292998566200629
22068	0.23564396792011946	0.6443803400564997	0.11997569202338088
22069	0.270645370899254	0.5856326198423946	0.14372200925835132
22070	0.028608229701742982	0.5096532556697101	0.46173851462854704
22071	0.10323937957116447	0.7265556555720109	0.1702049648568246
22072	0.266238002643063	0.5508387697263825	0.18292322763055455
22073	0.08342288428002131	0.6408719830288475	0.2757051326911313
22074	0.1796180592631665	0.7484875046054725	0.07189443613136093
22075	0.06829548240880277	0.5240444112755597	0.4076601063156375
22076	0.161507096175634	0.48307563745463017	0.3554172663697359
22077	0.2920879416064236	0.6480722320211617	0.059839826372414695
22078	0.023096717897811606	0.21668552001965824	0.76021776208253
22079	0.040578018667423464	0.6929253091797699	0.2664966721528066
22080	0.1705525379185777	0.7599975570513632	0.06944990503005903
22081	0.3968986457631238	0.5102978133073828	0.09280354092949351
22082	0.09198572262273826	0.474755480571283	0.43325879680597873
22083	0.24727567189772273	0.5532370073566285	0.1994873207456487
22084	0.39752011950163063	0.5403132331949342	0.062166647303435206
22085	0.1690873331337405	0.751124167238911	0.0797884996273485
22086	0.2557393072201957	0.6729122154062811	0.07134847737352312
22087	0.22705503363760102	0.6728973832858139	0.10004758307658505
22088	0.10143932025336895	0.37362622915921384	0.5249344505874172
22089	0.19242327776462576	0.6611074856754996	0.1464692365598747
22090	0.22681229303416475	0.6824442713574429	0.09074343560839222
22091	0.18952434130861415	0.6528892406271992	0.1575864180641867
22092	0.4753477681195342	0.45060841164564	0.0740438202348258
22093	0.19537872500544373	0.7357689754366373	0.06885229955791886
22094	0.23298232178085085	0.6671836341901652	0.09983404402898381
22095	0.14402389402044516	0.7268452867270246	0.12913081925253028
22096	0.31735417892019485	0.5805199232186699	0.10212589786113524
22097	0.32976888989923053	0.6176958937981311	0.052535216302638355
22098	0.2567158359091544	0.6303920244240205	0.11289213966682511
22099	0.09268994116010808	0.8553764724938233	0.05193358634606864
22100	0.1816254020867403	0.6650862465051519	0.1532883514081078
22101	0.07589873103189398	0.6361030830629845	0.2879981859051215
22102	0.24939503115936787	0.6724709878011083	0.07813398103952385
22103	0.316209478699719	0.6222407553048259	0.06154976599545522
22104	0.19837400405877803	0.6922903855725714	0.10933561036865058
22105	0.1577380127719479	0.7732972003796109	0.06896478684844111
22106	0.30610886809077925	0.5129225558693523	0.18096857603986863
22107	0.2409998480385269	0.536055520356291	0.22294463160518208
22108	0.13826187122122294	0.6420423298378762	0.21969579894090088
22109	0.1577305210569302	0.5632614423202894	0.27900803662278045
22110	0.17239620360664146	0.7397175894370148	0.08788620695634375
22111	0.17793551425730256	0.7335345637621734	0.08852992198052405
22112	0.0844511891247171	0.8207698144942377	0.09477899638104519
22113	0.2007901072547135	0.685516043489632	0.11369384925565444
22114	0.08568401148684829	0.8406049852934899	0.07371100321966169
22115	0.138056428053442	0.7794479761421519	0.0824955958044059
22116	0.09344168849795381	0.7505422612557258	0.15601605024632037
22117	0.09344168849795381	0.7505422612557258	0.15601605024632037
22118	0.08172443071207176	0.756033189497189	0.1622423797907392
22119	0.16477944264520303	0.7178300115768375	0.11739054577795967
22120	0.1930998036979744	0.6853949913495242	0.12150520495250135
22121	0.22685016787431547	0.6891187123172676	0.08403111980841689
22122	0.2219138636395023	0.6928548410474257	0.085231295313072
22123	0.30850588247932226	0.62131158291316	0.07018253460751767
22124	0.2306493056712593	0.5886497816499233	0.18070091267881724
22125	0.20188594012797578	0.5459132482650028	0.2522008116070214
22126	0.1724605604909831	0.768822348194444	0.058717091314572895
22127	0.16000325932267123	0.7771930553867122	0.06280368529061647
22128	0.09267081386292159	0.3690070543057979	0.5383221318312806
22129	0.2435553552544157	0.6311366639757375	0.12530798076984676
22130	0.09204095816659787	0.8078483822416317	0.10011065959177036
22131	0.24030633359531417	0.6549124150869946	0.1047812513176913
22132	0.23656557461405966	0.3853581549506611	0.3780762704352792
22133	0.3171453557027804	0.6065308594859289	0.07632378481129072
22134	0.36516804915719847	0.4183553540806442	0.21647659676215728
22135	0.2397932235424869	0.6676232392558124	0.0925835372017008
22136	0.1754109632709003	0.696792582272479	0.1277964544566206
22137	0.17682339308488362	0.7769304405505789	0.0462461663645374
22138	0.2256083196735945	0.6187235911763743	0.15566808915003108
22139	0.18616512829271648	0.4837931251849	0.3300417465223835
22140	0.32687981403085437	0.5505605289428211	0.12255965702632454
22141	0.03811922930812995	0.9045124564182759	0.05736831427359426
22142	0.17423140533109335	0.7538526077966624	0.07191598687224432
22143	0.07282092843749376	0.49842473086425026	0.42875434069825596
22144	0.08264798960567771	0.5016218035767227	0.4157302068175996
22145	0.17276476743988264	0.6960185549878014	0.1312166775723159
22146	0.5047129597808565	0.4331126738115463	0.06217436640759713
22147	0.20934208458723336	0.7194754438351945	0.07118247157757217
22148	0.17064376895118197	0.7639186605514743	0.06543757049734367
22149	0.12636514257994072	0.6157474576987597	0.2578873997212994
22150	0.1948766385711135	0.6908970573362994	0.11422630409258712
22151	0.24128001667282942	0.7080314046716025	0.05068857865556808
22152	0.10170552772418766	0.6608188312652822	0.23747564101053012
22153	0.15783522178896817	0.7430121046804125	0.0991526735306193
22154	0.06201752040625186	0.7461546343002757	0.19182784529347233
22155	0.1648498448117257	0.7401324978728957	0.09501765731537855
22156	0.2948957341522237	0.6291630756907968	0.07594119015697952
22157	0.0659381198551369	0.8729131948102092	0.061148685334653875
22158	0.24340909808234476	0.6821728117561617	0.07441809016149342
22159	0.1859105827173435	0.6971682957783699	0.11692112150428652
22160	0.11356717127183609	0.627291495067004	0.2591413336611599
22161	0.03651234387039306	0.4928399463373056	0.4706477097923014
22162	0.1339732521460952	0.7892260374408838	0.07680071041302089
22163	0.13556365411436727	0.7815425720992696	0.08289377378636313
22164	0.03151538750910588	0.9125526019131559	0.05593201057773824
22165	0.1955424921630821	0.6699730361278341	0.13448447170908384
22166	0.10604507879386166	0.8332748515466492	0.060680069659489154
22167	0.18423565642453762	0.7266774957203417	0.08908684785512062
22168	0.17722281821116992	0.7349681342392883	0.08780904754954162
22169	0.2360729621418485	0.6783369601499046	0.08559007770824685
22170	0.27791578858599336	0.6501504092166487	0.07193380219735795
22171	0.09751491677020441	0.44629396348298894	0.45619111974680665
22172	0.30197351324178096	0.632613518855141	0.06541296790307788
22173	0.09246955378554307	0.8786729584623337	0.028857487752123278
22174	0.16860423499657728	0.7474641537367894	0.08393161126663327
22175	0.3653734353024632	0.5408390271745555	0.09378753752298134
22176	0.2000907032000736	0.43928293343969765	0.3606263633602287
22177	0.02763079935584331	0.2892307338926184	0.6831384667515383
22178	0.04564729058258984	0.8802407487893141	0.07411196062809605
22179	0.1775977437545496	0.726701209098015	0.09570104714743538
22180	0.19113282451745184	0.657323521762819	0.15154365371972903
22181	0.270359649601164	0.5097984677158417	0.21984188268299434
22182	0.27954631407985214	0.6635121547269694	0.05694153119317827
22183	0.12375145493731081	0.7636862419416092	0.11256230312108001
22184	0.12239831614533185	0.7662207569938205	0.11138092686084766
22185	0.47226785620759903	0.49294737534896443	0.034784768443436594
22186	0.10156192334748405	0.605822253024855	0.2926158236276608
22187	0.21223825186821968	0.7096198289946237	0.07814191913715644
22188	0.255913236577486	0.6656025577639411	0.07848420565857288
22189	0.06918792599963404	0.5187984266897595	0.4120136473106066
22190	0.271970549825903	0.6631095332764487	0.06491991689764831
22191	0.2808259378599314	0.5626231154632745	0.1565509466767941
22192	0.16380642493623196	0.7349628234715887	0.10123075159217927
22193	0.30139181834465273	0.6401602265523599	0.05844795510298743
22194	0.32065083784854775	0.608597762719945	0.07075139943150725
22195	0.13649158107007256	0.7640612575227251	0.09944716140720228
22196	0.13649158107007256	0.7640612575227251	0.09944716140720228
22197	0.40815405322810944	0.4277665384506683	0.16407940832122225
22198	0.05629057870031843	0.6349888435969928	0.3087205777026887
22199	0.09575480830743528	0.7413549768292732	0.1628902148632915
22200	0.12562433299176165	0.8062688495496634	0.068106817458575
22201	0.15189692663912005	0.7665483454948113	0.08155472786606861
22202	0.17379778220515654	0.7064782183394099	0.11972399945543338
22203	0.15048952255839884	0.6305066025524905	0.21900387488911066
22204	0.05433433176653974	0.727551433859734	0.2181142343737262
22205	0.233929430827206	0.6362891653571537	0.12978140381564018
22206	0.23734878642655377	0.6845411685623062	0.07811004501113993
22207	0.16575138827833827	0.6721714863245535	0.16207712539710828
22208	0.25317034378349085	0.6717782420487205	0.07505141416778853
22209	0.08489945171556273	0.697991001702007	0.2171095465824303
22210	0.24228827648525705	0.6403471127092655	0.11736461080547746
22211	0.17236077548254677	0.5714018235473876	0.25623740097006564
22212	0.05195336723164873	0.6608987169409585	0.2871479158273928
22213	0.3296335934080615	0.5683203445346139	0.1020460620573247
22214	0.5312367077285874	0.393973304288257	0.07478998798315559
22215	0.17582338120234806	0.6839713724212495	0.1402052463764025
22216	0.20613953059666681	0.6239803874890235	0.1698800819143097
22217	0.060086592822695045	0.5273612308502796	0.4125521763270253
22218	0.1463824853000365	0.49157737034698795	0.36204014435297555
22219	0.0783769531572749	0.8666164954445045	0.05500655139822061
22220	0.13921219395367598	0.7379481364749697	0.12283966957135427
22221	0.29413784030626644	0.6369786991541226	0.06888346053961085
22222	0.17625692505251164	0.6760941997536284	0.14764887519385997
22223	0.14012288672425902	0.7909568088087419	0.06892030446699919
22224	0.08450937651231294	0.7354740147431338	0.18001660874455339
22225	0.1091917584880683	0.6440735316784421	0.24673470983348966
22226	0.17072823020263903	0.7254902989236526	0.10378147087370837
22227	0.053181625777736434	0.6446252224492968	0.3021931517729668
22228	0.33510600743485414	0.6119001274035439	0.0529938651616019
22229	0.26855163583523184	0.6751354053310892	0.056312958833678865
22230	0.48641766523217767	0.3785436356765537	0.13503869909126862
22231	0.09688157701845597	0.7926658200324798	0.11045260294906419
22232	0.19460092790872296	0.7411387076688943	0.06426036442238262
22233	0.1555181430739966	0.6489242611553424	0.1955575957706608
22234	0.16703444019282823	0.7540910784558902	0.07887448135128142
22235	0.2002968079180353	0.7508936146973926	0.048809577384571985
22236	0.24098848004061316	0.6634210190688626	0.09559050089052416
22237	0.08201733478630484	0.5439856316340402	0.37399703357965497
22238	0.04227425364375168	0.9270099750625445	0.03071577129370388
22239	0.035690477080434414	0.7863371180014042	0.17797240491816144
22240	0.043311755793216666	0.8665780616391489	0.09011018256763459
22241	0.19580487006141245	0.44335905356783495	0.3608360763707526
22242	0.32521581337047656	0.5878805612500716	0.0869036253794519
22243	0.0771408057712968	0.5298424292642229	0.3930167649644804
22244	0.18855264056243484	0.7209681078287283	0.09047925160883664
22245	0.18855264056243484	0.7209681078287283	0.09047925160883664
22246	0.15084597256539914	0.7641742127019172	0.08497981473268353
22247	0.046818238675247266	0.8102135540563147	0.1429682072684381
22248	0.11737680994510118	0.6727722404911686	0.2098509495637302
22249	0.07645664316504976	0.5171753907666473	0.406367966068303
22250	0.08916697694516441	0.7041925690071761	0.2066404540476594
22251	0.2846116452885968	0.575006980016242	0.1403813746951612
