21257	0.18216911334450592	0.6330806244881897	0.18475026216730445
21258	0.06989982089306213	0.7703039573140688	0.1597962217928692
21259	0.23069864808083032	0.4928983400151504	0.2764030119040192
21260	0.06474874576443317	0.7976805488810343	0.13757070535453242
21261	0.23021901305905165	0.3917936511673169	0.3779873357736316
21262	0.2917162689868945	0.45594417754189376	0.25233955347121173
21263	0.06627988036172713	0.4733258795292017	0.4603942401090712
21264	0.2532615010480572	0.5131591712954295	0.23357932765651318
21265	0.30546670007520216	0.5612240720759559	0.133309227848842
21266	0.14828722708646624	0.3654243962162496	0.4862883766972842
21267	0.02583236119643173	0.3309494607389892	0.643218178064579
21268	0.11835844778665014	0.6081474078789647	0.2734941443343851
21269	0.39401508605361796	0.46138138848187543	0.14460352546450672
21270	0.03881833323555729	0.6961346744371867	0.265046992327256
21271	0.19389889497202253	0.5497102242032931	0.25639088082468436
21272	0.07709059740997178	0.6560933976505109	0.26681600493951735
21273	0.1931990241935064	0.7034984879408194	0.10330248786567425
21274	0.4128820752002941	0.40050639103885155	0.18661153376085432
21275	0.37171737977120467	0.5659593843833874	0.0623232358454078
21276	0.2899258258868982	0.6549669069326183	0.05510726718048358
21277	0.1960786304861205	0.6897474269451076	0.11417394256877189
21278	0.3608260800536586	0.4813303874417969	0.1578435325045445
21279	0.38399866610789823	0.48076951123533285	0.13523182265676878
21280	0.08812373009601127	0.653644967648647	0.25823130225534174
21281	0.3377848456297893	0.5217078339212268	0.14050732044898395
21282	0.06896083326630746	0.4715103926961104	0.4595287740375822
21283	0.330303457571028	0.538427563247605	0.13126897918136707
21284	0.08498585439288207	0.6256396830176671	0.2893744625894507
21285	0.1969824443714391	0.6734297240794735	0.12958783154908737
21286	0.11475350889792557	0.754109563999174	0.1311369271029006
21287	0.3283695310692827	0.5398075340302849	0.13182293490043237
21288	0.21807400184404271	0.5796920079813601	0.20223399017459717
21289	0.29756502462207185	0.5548797957082884	0.14755517966963982
21290	0.08534775112129726	0.7053185397852811	0.20933370909342167
21291	0.30257943227931305	0.5830301870772588	0.1143903806434281
21292	0.2420324150444294	0.4903795127106676	0.26758807224490305
21293	0.29661856045214924	0.5452268450369271	0.1581545945109237
21294	0.04291346644289048	0.3415144461279148	0.6155720874291947
21295	0.16052338425083895	0.3797271075639789	0.459749508185182
21296	0.20922709949185508	0.4911721762314261	0.2996007242767187
21297	0.13091632945387266	0.589907572392815	0.27917609815331235
21298	0.07006408252378996	0.8092825507576514	0.12065336671855859
21299	0.28197814814206085	0.590312093200848	0.12770975865709125
21300	0.19885082736343745	0.6281518893074395	0.17299728332912306
21301	0.2235026373174191	0.5201765292622129	0.256320833420368
21302	0.10560184152278669	0.7456842824774099	0.1487138759998034
21303	0.16047817743123463	0.719668801218306	0.11985302135045925
21304	0.2994300270338659	0.5040402914347026	0.19652968153143155
21305	0.24780192713634164	0.5227292824356574	0.229468790428001
21306	0.04927219150493002	0.661542408481215	0.289185400013855
21307	0.1999871999600949	0.6045428589681718	0.19546994107173327
21308	0.08677335736727046	0.6672617886825596	0.24596485395016993
21309	0.17779504524355613	0.615014703277958	0.20719025147848583
21310	0.06452831242412817	0.48626017101463537	0.4492115165612366
21311	0.3314052012623622	0.5645602799052818	0.10403451883235595
21312	0.03945583353711137	0.43550023726847753	0.525043929194411
21313	0.06136142351682217	0.803209791709118	0.13542878477405992
21314	0.21545754701922348	0.6756902018643856	0.10885225111639084
21315	0.29677283533352794	0.5116537275812125	0.19157343708525942
21316	0.1613474607695996	0.3825994506370795	0.4560530885933208
21317	0.33000177860593793	0.5220982016378698	0.14790001975619224
21318	0.12061552626303794	0.7616622217253205	0.11772225201164158
21319	0.23384191642209604	0.58806778223927	0.17809030133863388
21320	0.22691033404730304	0.49277326734030213	0.2803163986123949
21321	0.19379562279239446	0.43772539348295747	0.3684789837246479
21322	0.37277007506150117	0.49556592957872225	0.13166399535977655
21323	0.0861283364315271	0.759752304490452	0.15411935907802096
21324	0.254689309729117	0.4675503113067404	0.27776037896414263
21325	0.20753667189256947	0.6545547579298996	0.13790857017753086
21326	0.09793454318416044	0.7493108565546024	0.1527546002612372
21327	0.29585356211839603	0.5479124613599846	0.1562339765216193
21328	0.16992470535055743	0.5497818188527801	0.2802934757966625
21329	0.02096335552802598	0.6375486897912396	0.3414879546807345
21330	0.15901900256494486	0.39536970954721273	0.44561128788784243
21331	0.12176633947858463	0.48077330931547185	0.3974603512059435
21332	0.2549876322944666	0.5448180419850164	0.2001943257205171
21333	0.20383434075156165	0.580677276819278	0.2154883824291603
21334	0.2527655646192184	0.5122873611635087	0.234947074217273
21335	0.3051059287547042	0.5607533187666393	0.1341407524786566
21336	0.009838411301326748	0.7499119374578133	0.24024965124086012
21337	0.4599342958035802	0.4484355281214088	0.09163017607501098
21338	0.21568119620452147	0.5182323063419304	0.2660864974535481
21339	0.08530841673316351	0.42786699073491	0.48682459253192656
21340	0.21146590896311168	0.5493934483393964	0.239140642697492
21341	0.2505906435211447	0.5037280808369462	0.2456812756419091
21342	0.2142896493967306	0.4559189603991372	0.32979139020413223
21343	0.2002791752673704	0.43961915838235205	0.3601016663502776
21344	0.29809729403822743	0.5755343224217389	0.1263683835400338
21345	0.26164910795878665	0.5975678302463051	0.14078306179490832
21346	0.14269696634594534	0.694304891151064	0.16299814250299074
21347	0.051334946347808386	0.6255159441225517	0.3231491095296399
21348	0.33977268575864444	0.536444352727874	0.12378296151348145
21349	0.11356738941487249	0.7333833665130485	0.15304924407207904
21350	0.32717846189346406	0.5199202081464529	0.152901329960083
21351	0.07543910605365875	0.7186734822539768	0.20588741169236446
21352	0.3014991598572477	0.5892957427038785	0.10920509743887379
21353	0.3630947902443274	0.526247057914746	0.1106581518409266
21354	0.1654725744093772	0.64652955301261	0.18799787257801276
21355	0.060958608721397925	0.7744070529477557	0.16463433833084642
21356	0.08566147763590054	0.7676935117841587	0.1466450105799408
21357	0.24536826496859193	0.5968116241934326	0.1578201108379755
21358	0.3039898848038858	0.5494747056269568	0.14653540956915745
21359	0.3039898848038858	0.5494747056269568	0.14653540956915745
21360	0.21365387586951903	0.6482170761966627	0.1381290479338183
21361	0.22829938778606923	0.6026513336833796	0.16904927853055113
21362	0.04720980497131584	0.40819639102977795	0.5445938039989062
21363	0.27743898034832576	0.5400396526242389	0.18252136702743538
21364	0.6172142991985317	0.3377765030292842	0.0450091977721841
21365	0.28652815783899144	0.6247726604555616	0.08869918170544705
21366	0.06727995468392879	0.8309981879257766	0.10172185739029461
21367	0.13034454115811697	0.7069833062629144	0.1626721525789686
21368	0.29397416881426486	0.5470430072138028	0.15898282397193234
21369	0.19288205845819925	0.5761202254274629	0.2309977161143379
21370	0.17357932496308107	0.628074112964818	0.19834656207210086
21371	0.18907828196379814	0.5963591857854342	0.2145625322507677
21372	0.08026961453223119	0.7937635665972196	0.12596681887054922
21373	0.30480158990944045	0.5649516982114273	0.1302467118791323
21374	0.07872813147992024	0.7851280280021509	0.13614384051792894
21375	0.30374784941516564	0.5545946419811897	0.14165750860364473
21376	0.412826957027727	0.4489356204543368	0.13823742251793625
21377	0.3195859429318407	0.5135423772790838	0.16687167978907544
21378	0.08987968485580267	0.7646361154818299	0.14548419966236759
21379	0.27931992514447684	0.5702370722604486	0.15044300259507445
21380	0.5048717168861045	0.39232689129643983	0.10280139181745565
21381	0.5783330034503885	0.3572336192702635	0.06443337727934799
21382	0.06850661417012571	0.683161118506455	0.24833226732341931
21383	0.28101368620800415	0.5812509202079066	0.13773539358408932
21384	0.06896169333146544	0.544855908984395	0.3861823976841396
21385	0.20338556480995132	0.43770073535202175	0.358913699838027
21386	0.2146857602520551	0.45481781682809186	0.33049642291985304
21387	0.2478818735744585	0.5955762535256236	0.15654187289991794
21388	0.07261777536432384	0.7076521687634285	0.21973005587224764
21389	0.2949112231104781	0.5862814771820111	0.11880729970751082
21390	0.07148649307758743	0.6813598254934483	0.24715368142896424
21391	0.301700903570636	0.6262688428195838	0.07203025360978019
21392	0.2018272673746057	0.5714327185580099	0.22674001406738428
21393	0.07007892838314622	0.6840603452013757	0.24586072641547796
21394	0.16175783981626063	0.7600638589683693	0.07817830121537009
21395	0.32911825054596405	0.44445450807249337	0.22642724138154266
21396	0.31786072903007523	0.5403358610394713	0.1418034099304535
21397	0.37361354164011207	0.5109532057779868	0.11543325258190124
21398	0.3262487664388021	0.5539882175366572	0.11976301602454074
21399	0.23682369870757022	0.605275634241089	0.15790066705134073
21400	0.19190369580803934	0.6775987731683878	0.13049753102357295
21401	0.19641641644963936	0.6014914090825847	0.20209217446777597
21402	0.19245968433173666	0.6615726897306886	0.14596762593757473
21403	0.1374626965364251	0.4541420919620844	0.4083952115014906
21404	0.19698340777993206	0.6148881923723778	0.1881283998476902
21405	0.1193515075535573	0.551499228347605	0.32914926409883766
21406	0.28965775260430043	0.5324996001670267	0.17784264722867282
21407	0.05139589063383739	0.5039374436842816	0.444666665681881
21408	0.28092360717778053	0.6108203166421313	0.10825607618008819
21409	0.2941791507815471	0.5862659928556874	0.1195548563627656
21410	0.2941791507815471	0.5862659928556874	0.1195548563627656
21411	0.1681674388034255	0.7429026306451045	0.08892993055147007
21412	0.2053540531037217	0.7024300522887652	0.09221589460751307
21413	0.2672006354130324	0.6150260872605456	0.11777327732642194
21414	0.09833272771954403	0.42975739827780857	0.47190987400264744
21415	0.22682819401944584	0.6062960576762318	0.16687574830432225
21416	0.2819057964500348	0.5590347532701752	0.15905945027979
21417	0.42159954095274277	0.4963099349112275	0.08209052413602966
21418	0.3642270807324864	0.5223225923441294	0.11345032692338423
21419	0.29545151801607517	0.5393985184002372	0.16514996358368758
21420	0.09941308038537978	0.7784846658354468	0.12210225377917337
21421	0.25404673480279	0.6017329733926734	0.1442202918045366
21422	0.18122201775802402	0.6688201631407591	0.1499578191012168
21423	0.06363543260056227	0.8561855759220419	0.08017899147739586
21424	0.254309849316052	0.6596488724702763	0.08604127821367183
21425	0.21349294751871342	0.6745561060560045	0.11195094642528212
21426	0.20794420519684603	0.5882690609542643	0.20378673384888962
21427	0.09138605792874903	0.7414697554190468	0.16714418665220418
21428	0.3718890294385459	0.48819936871313907	0.13991160184831505
21429	0.07572286304660726	0.7409443864883364	0.18333275046505643
21430	0.1241154783668287	0.48545456139481064	0.3904299602383606
21431	0.05429990936017298	0.4759351607815227	0.4697649298583045
21432	0.2958470470189951	0.5021842593052275	0.20196869367577747
21433	0.27096684496827955	0.5839220968990004	0.1451110581327199
21434	0.13705064690201096	0.386137904703822	0.4768114483941669
21435	0.20201821618508445	0.5127265481573549	0.28525523565756067
21436	0.2530872032694351	0.5749419377438151	0.17197085898674985
21437	0.2466216817538211	0.5969873549661835	0.15639096327999535
21438	0.297610266199398	0.5394001222285273	0.16298961157207473
21439	0.15813542544290482	0.6174477064884574	0.22441686806863786
21440	0.22330410189887898	0.670768844067852	0.10592705403326896
21441	0.10031082430358791	0.6577310743106667	0.24195810138574542
21442	0.16769041859757036	0.6527759829973684	0.1795335984050613
21443	0.10830642838746392	0.43014491212145173	0.46154865949108437
21444	0.5309794668789705	0.40882373571914626	0.06019679740188329
21445	0.100825770841099	0.6659296803005825	0.2332445488583184
21446	0.26818311458259336	0.574510043238623	0.15730684217878357
21447	0.3078185446984147	0.503303135629567	0.18887831967201832
21448	0.07560620029249439	0.6060047231105548	0.3183890765969507
21449	0.06870781284573485	0.7736392988391182	0.15765288831514693
21450	0.29395887781630875	0.5670734144706872	0.13896770771300415
21451	0.06832937916326193	0.4103658823946702	0.5213047384420678
21452	0.3108950103669967	0.5523746456534684	0.1367303439795349
21453	0.30330396740004806	0.5579419479670121	0.13875408463293978
21454	0.08576096869506554	0.777645324185562	0.13659370711937244
21455	0.27081368523077465	0.5869703679674836	0.14221594680174177
21456	0.1978528926825228	0.605100240020193	0.19704686729728418
21457	0.19372852688616277	0.7179414400089993	0.08833003310483795
21458	0.06864548022313391	0.5089247259609102	0.4224297938159558
21459	0.10553745953191881	0.7667591043317655	0.12770343613631563
21460	0.3101198089846681	0.560343937045705	0.1295362539696269
21461	0.18193944436044218	0.6005783941691208	0.217482161470437
21462	0.48372674129655385	0.4361100967055808	0.08016316199786534
21463	0.2098585912314945	0.6016158642194314	0.18852554454907405
21464	0.07641112221658454	0.4553486559624133	0.4682402218210022
21465	0.3505344545619189	0.5161797057471119	0.13328583969096924
21466	0.2610098005578879	0.4958280037662175	0.24316219567589453
21467	0.03159032186319618	0.5259273766942414	0.44248230144256234
21468	0.2041262688887313	0.6780488799149577	0.11782485119631096
21469	0.0674717536703482	0.841348559219207	0.09117968711044477
21470	0.3749485171644732	0.5083394562145003	0.11671202662102668
21471	0.27058724242692056	0.5678456271633794	0.16156713040970008
21472	0.21008805255578164	0.676945204414778	0.1129667430294403
21473	0.035007587601534905	0.4174639635813515	0.5475284488171137
21474	0.21369662671653059	0.5552178359649904	0.23108553731847906
21475	0.24758646928618944	0.5396084014340161	0.2128051292797945
21476	0.2912610739191799	0.49247315424528243	0.2162657718355376
21477	0.04943907691605377	0.504131613992168	0.4464293090917782
21478	0.28946959803478506	0.6548845124417354	0.05564588952347954
21479	0.040570606527373036	0.5309605272734446	0.42846886619918245
21480	0.22724058665158173	0.6454257856562718	0.12733362769214648
21481	0.28151794200870145	0.5784110103814253	0.1400710476098732
21482	0.31984123143221294	0.5541447882080085	0.1260139803597785
21483	0.2569064030262998	0.5139892105293868	0.22910438644431336
21484	0.059607737487019016	0.820315926375356	0.12007633613762494
21485	0.2453171362347675	0.6244891631805791	0.1301937005846533
21486	0.021564770802604303	0.2159261129697333	0.7625091162276624
21487	0.055403294735834135	0.26538705901112575	0.6792096462530401
21488	0.08195041623926946	0.7967927570719138	0.12125682668881672
21489	0.31011005699329786	0.564516046656739	0.1253738963499632
21490	0.22942841647996945	0.6329928292655843	0.13757875425444627
21491	0.2252006207487964	0.5276904841824536	0.24710889506874997
21492	0.2759611282197295	0.5811129491404309	0.1429259226398396
21493	0.19093046049887547	0.6432070276574673	0.16586251184365722
21494	0.2926044170370882	0.559317442746988	0.1480781402159238
21495	0.1499774180474642	0.5628477889290477	0.28717479302348814
21496	0.06407817937906132	0.7444053514636869	0.1915164691572518
21497	0.11211262981705476	0.7820520574123966	0.10583531277054867
21498	0.2061462368447716	0.4682800345703951	0.32557372858483324
21499	0.06821855525773506	0.8098116926608568	0.12196975208140809
21500	0.3060386063258486	0.4920117242130129	0.20194966946113838
21501	0.13537189789610835	0.48253991502306204	0.38208818708082964
21502	0.07229003406971685	0.7616242195523802	0.16608574637790294
21503	0.30350759875244465	0.5509174098740918	0.14557499137346358
21504	0.2280514083932392	0.6204888843273916	0.15145970727936922
21505	0.06835049471223874	0.7929641831175649	0.13868532217019644
21506	0.26490970794435537	0.5899440373084034	0.1451462547472412
21507	0.28523260773403786	0.5392269879511636	0.17554040431479853
21508	0.2223868709163718	0.580514429101916	0.1970986999817122
21509	0.24813859770531235	0.5328362551177797	0.21902514717690796
21510	0.04229109917360881	0.522916802975991	0.4347920978504003
21511	0.15362657591812898	0.6165086249731723	0.22986479910869867
21512	0.2832075559342937	0.5713789071370744	0.14541353692863185
21513	0.09685511627898959	0.48045811653508125	0.4226867671859291
21514	0.22926565050043363	0.5909162180362489	0.17981813146331746
21515	0.161569526587767	0.6204406281724684	0.21798984523976458
21516	0.18929692010534335	0.5824247783718446	0.22827830152281203
21517	0.24083472556571828	0.675150421709896	0.0840148527243857
21518	0.03504857777266382	0.3319254361857717	0.6330259860415646
21519	0.29706144248871463	0.5774181182961976	0.12552043921508776
21520	0.2614394555900845	0.6070801057445905	0.13148043866532502
21521	0.37222870297137717	0.2730495603652946	0.3547217366633283
21522	0.5474049379961048	0.3594521591747206	0.0931429028291746
21523	0.569183452069333	0.36204145533910415	0.06877509259156299
21524	0.07240339790573493	0.7658106329964406	0.16178596909782447
21525	0.30374784941516564	0.5545946419811897	0.14165750860364473
21526	0.4376174473100587	0.47485342691838534	0.08752912577155589
21527	0.21626705591429124	0.6944370677913495	0.08929587629435917
21528	0.0595854984863351	0.4692104362412646	0.4712040652724003
21529	0.3162363539397769	0.5562212656551475	0.12754238040507557
21530	0.38854726490963354	0.4642747643725221	0.14717797071784441
21531	0.11648299850516544	0.7355346842653191	0.1479823172295155
21532	0.08280645191133294	0.4642265410334495	0.45296700705521753
21533	0.30374784941516564	0.5545946419811897	0.14165750860364473
21534	0.2651569303692371	0.6046093719142279	0.13023369771653498
21535	0.05888578207262681	0.4861747018889555	0.4549395160384177
21536	0.29949873919472497	0.5687967616516466	0.13170449915362845
21537	0.15966052871321934	0.6796704439702735	0.16066902731650706
21538	0.20729704936870502	0.6459378158016955	0.1467651348295995
21539	0.3133863014327724	0.519789783462085	0.16682391510514258
21540	0.08305605246962328	0.7987946893806536	0.11814925814972319
21541	0.319241525696395	0.521339606276962	0.159418868026643
21542	0.1362867863977471	0.4016657723410267	0.4620474412612262
21543	0.47794416527661127	0.42675949548431563	0.09529633923907306
21544	0.20143481378690128	0.5782220037023096	0.2203431825107891
21545	0.2749429196563081	0.6185217117136436	0.1065353686300482
21546	0.3467881129530623	0.523660482750044	0.1295514042968936
21547	0.0656714168183765	0.46328192996832146	0.47104665321330214
21548	0.20870832285253135	0.5963240952476376	0.19496758189983102
21549	0.5640406973187547	0.3447901145648979	0.09116918811634724
21550	0.0745592949670163	0.6718245886886158	0.253616116344368
21551	0.19007108874157483	0.5806265568420717	0.22930235441635347
21552	0.34931646452677534	0.5217002114169281	0.1289833240562965
21553	0.22794217024665545	0.5945248306465744	0.17753299910677028
21554	0.050016699295011534	0.4235938695052636	0.5263894311997248
21555	0.02481790527896326	0.2703310665487955	0.7048510281722411
21556	0.15459725019207185	0.34865448373125785	0.4967482660766704
21557	0.14821643151465455	0.49869021766247085	0.3530933508228746
21558	0.30602360044314386	0.570148944070433	0.12382745548642304
21559	0.11829154303371106	0.4342653730330733	0.4474430839332156
21560	0.09827528836791381	0.7267749368980657	0.17494977473402046
21561	0.2706854003837739	0.5976363779251568	0.1316782216910693
21562	0.06593265685590037	0.827134814220713	0.10693252892338662
21563	0.33992376826026044	0.4872571642079693	0.17281906753177023
21564	0.4330776433858069	0.41756568901397184	0.14935666760022132
21565	0.29202916955739044	0.5880702880991983	0.11990054234341124
21566	0.3076525877866941	0.5611146981173063	0.13123271409599963
21567	0.16985598917327735	0.6129207838346314	0.21722322699209118
21568	0.2542549732261078	0.5369373927178398	0.20880763405605243
21569	0.19214871992389895	0.6090206148926695	0.19883066518343157
21570	0.20504635059634124	0.56251109786899	0.23244255153466878
21571	0.11140325008379952	0.6433092618845202	0.24528748803168038
21572	0.2711139421886756	0.6047493975092911	0.12413666030203327
21573	0.3086093861150918	0.5583974134147142	0.13299320047019406
21574	0.08048545516998139	0.5242887713696127	0.3952257734604059
21575	0.17181930419446945	0.5762675145959949	0.25191318120953565
21576	0.09049588922938953	0.7970968156575632	0.11240729511304731
21577	0.27999975539407734	0.6037616394371612	0.11623860516876136
21578	0.025302369970407957	0.5274418251006949	0.44725580492889705
21579	0.0516345371568926	0.7838387732838802	0.16452668955922714
21580	0.22410783977468568	0.6873266220226412	0.08856553820267304
21581	0.19127989994961656	0.45259074773895225	0.35612935231143106
21582	0.2892630807786583	0.5520222720227328	0.1587146471986088
21583	0.17102922995055891	0.5483498576864865	0.2806209123629546
21584	0.2552951326721804	0.4198215342881068	0.3248833330397128
21585	0.055964587171187546	0.44125050149248	0.5027849113363324
21586	0.050388375302667425	0.38738942194671355	0.5622222027506191
21587	0.03129708784966895	0.4147458423815123	0.5539570697688189
21588	0.0992429872174436	0.8096374496999499	0.09111956308260649
21589	0.32031190927576075	0.5563653172663374	0.12332277345790182
21590	0.26847036285039716	0.5122453964781881	0.21928424067141475
21591	0.10426568411352394	0.5082254966248513	0.38750881926162484
21592	0.31152948681680825	0.5451945400227541	0.14327597316043764
21593	0.2307124093052846	0.6330419545988875	0.1362456360958279
21594	0.2507523722878506	0.6232199109137331	0.12602771679841626
21595	0.2740969560527258	0.5488167205860794	0.17708632336119473
21596	0.3955116007243985	0.45767700353167656	0.14681139574392496
21597	0.244592176073575	0.5655134791972752	0.18989434472914968
21598	0.35234788704911835	0.5348798537130796	0.11277225923780217
21599	0.1018494819571079	0.7591577813927015	0.13899273665019057
21600	0.0433935155438226	0.7532247651687596	0.20338171928741777
21601	0.09280473240444477	0.37711562825517203	0.5300796393403832
21602	0.4298511851595842	0.46523548838618306	0.10491332645423275
21603	0.2627496774827854	0.538550425452519	0.19869989706469557
21604	0.2099905600695108	0.6031916854266155	0.18681775450387367
21605	0.28196532818640535	0.5989708592249398	0.11906381258865482
21606	0.0679134011518953	0.5083051474624726	0.4237814513856321
21607	0.19532598081358862	0.5256196233224557	0.27905439586395564
21608	0.2547617632864846	0.5922702608576831	0.1529679758558324
21609	0.3205377359145605	0.4798014946886608	0.19966076939677865
21610	0.3347259092824775	0.5439083507799949	0.1213657399375276
21611	0.2984777917952808	0.5491551978593711	0.15236701034534822
21612	0.0531236949335873	0.4305555749629883	0.5163207301034244
21613	0.19044430141507657	0.6615202094672095	0.14803548911771405
21614	0.3484397425533723	0.401036636804105	0.25052362064252276
21615	0.40990973031585504	0.5018456176424804	0.08824465204166458
21616	0.3621819662307125	0.5462064071136724	0.09161162665561513
21617	0.2465035966088806	0.5820420756061322	0.1714543277849872
21618	0.1817012100703612	0.5561621061089286	0.26213668382071026
21619	0.21463640670702733	0.4641443469108073	0.32121924638216526
21620	0.03522712223635628	0.6250697118234488	0.33970316594019473
21621	0.17803990540768563	0.5865995491320606	0.2353605454602538
21622	0.17522023595965094	0.7078591132827277	0.11692065075762142
21623	0.14951030609953259	0.5443594911878209	0.3061302027126465
21624	0.1193508413819007	0.7690759577262347	0.11157320089186466
21625	0.3018906538296446	0.5785609164129264	0.11954842975742894
21626	0.5347729651426241	0.38563495421329674	0.07959208064407923
21627	0.24432805038552344	0.44168988107281426	0.31398206854166216
21628	0.27711847429214076	0.5935309993486454	0.1293505263592138
21629	0.08832023560409255	0.6526333886468505	0.259046375749057
21630	0.0441092945929017	0.6271059324163903	0.32878477299070796
21631	0.2587489632320383	0.6254253406080067	0.11582569615995505
21632	0.12362571636218395	0.5491256487115609	0.32724863492625517
21633	0.18256681984766254	0.42508266231623015	0.39235051783610736
21634	0.36227088734456897	0.48872509441026507	0.14900401824516601
21635	0.24814336405614798	0.610920186470974	0.14093644947287795
21636	0.25394707358579877	0.5788821148444921	0.16717081156970914
21637	0.3129214802071867	0.5369884312541178	0.15009008853869552
21638	0.16039470677876722	0.55337503361024	0.28623025961099274
21639	0.05030123670105282	0.7831606264342622	0.16653813686468497
21640	0.21851515297080262	0.5980055060998253	0.18347934092937207
21641	0.31134307351389234	0.5490585355860661	0.13959839090004153
21642	0.254689309729117	0.4675503113067404	0.27776037896414263
21643	0.23574022431124228	0.5942179158128428	0.1700418598759149
21644	0.27942748678678997	0.6295414698879155	0.09103104332529459
21645	0.1225994499401454	0.6964380340985019	0.18096251596135265
21646	0.3286012489571416	0.4788319012780762	0.19256684976478225
21647	0.2799482589967982	0.5829231973918471	0.13712854361135474
21648	0.3175736407730189	0.5079302708564555	0.17449608837052563
21649	0.23943305060433157	0.6096373073539187	0.15092964204174977
21650	0.1351059606023564	0.45894055955069785	0.40595347984694574
21651	0.29344094099805035	0.5460323207961135	0.1605267382058361
21652	0.2570311612188991	0.6256536799305644	0.11731515885053648
21653	0.13122128324462717	0.629065863826908	0.2397128529284648
21654	0.2940790243006693	0.6052060908570474	0.10071488484228344
21655	0.07467745588770291	0.6813262627260663	0.24399628138623078
21656	0.3035278879325492	0.5614194318736638	0.1350526801937869
21657	0.04968088941755263	0.3646406119470064	0.5856784986354409
21658	0.13354301622889034	0.48888180786218866	0.37757517590892103
21659	0.2670306481654316	0.5674189804406587	0.16555037139390968
21660	0.1855205732641487	0.590324503763509	0.22415492297234227
21661	0.1437577648862674	0.47645570545648336	0.37978652965724913
21662	0.30374784941516564	0.5545946419811897	0.14165750860364473
21663	0.16400610053145315	0.5971663846249349	0.23882751484361203
21664	0.1837954721668451	0.5415304988353027	0.27467402899785226
21665	0.12774138987263853	0.7200519754598956	0.15220663466746587
21666	0.07353500746817558	0.8087603220298811	0.11770467050194326
21667	0.15904088751926806	0.3966604506876556	0.4442986617930764
21668	0.5668318784069287	0.3565058396849901	0.07666228190808104
21669	0.1889654125657955	0.5647931320484246	0.24624145538577982
21670	0.2866445722271804	0.5407247367352225	0.17263069103759712
21671	0.07105462006854364	0.7722924144622397	0.15665296546921662
21672	0.2839996835540974	0.5512381409524749	0.16476217549342767
21673	0.2528097554414099	0.5783029276036038	0.16888731695498635
21674	0.391096524586622	0.4427562310590626	0.16614724435431544
21675	0.07389782331281038	0.6724068568335541	0.2536953198536356
21676	0.23151919207556668	0.6005034695516693	0.16797733837276396
21677	0.31148206642580367	0.5686666134018306	0.11985132017236567
21678	0.06870277450945064	0.41723434145746596	0.5140628840330834
21679	0.18554314577100062	0.5965751884815871	0.21788166574741227
21680	0.2202508554993224	0.5282992661933678	0.2514498783073098
21681	0.3223955641134135	0.5121838679648194	0.16542056792176704
21682	0.0595854984863351	0.4692104362412646	0.4712040652724003
21683	0.25474682098006013	0.6062344588889125	0.13901872013102737
21684	0.36920720085216224	0.5050329213422585	0.12575987780557912
21685	0.1977338608659916	0.7141576631813101	0.08810847595269823
21686	0.20542988305719742	0.6374274522292248	0.15714266471357782
21687	0.3111869577743929	0.5397463114779139	0.14906673074769328
21688	0.1700064435519895	0.38569799728486515	0.4442955591631455
21689	0.3401014387349297	0.5203898894481691	0.13950867181690127
21690	0.3164949160540008	0.5359265400722167	0.1475785438737825
21691	0.29703621352559256	0.5674955963181934	0.13546819015621403
21692	0.18200767511189592	0.6734029924376383	0.1445893324504657
21693	0.044623087777017935	0.4014687347230523	0.5539081774999297
21694	0.26859885906829223	0.5381777472177075	0.19322339371400024
21695	0.40716304544327186	0.5150876838049755	0.07774927075175278
21696	0.07872813147992024	0.7851280280021509	0.13614384051792894
21697	0.30374784941516564	0.5545946419811897	0.14165750860364473
21698	0.19972749617275853	0.6556062359629958	0.14466626786424566
21699	0.30520223013673964	0.5572501068911099	0.13754766297215051
21700	0.13378504929243643	0.516739452605456	0.34947549810210765
21701	0.32923542163718383	0.5718260769943058	0.09893850136851047
21702	0.20832633695146505	0.470952976622733	0.3207206864258019
21703	0.04920515850002184	0.6966810771289115	0.25411376437106664
21704	0.2423757809465909	0.6324094294826672	0.12521478957074184
21705	0.07683374524407661	0.5101418582612949	0.4130243964946286
21706	0.3446180236790926	0.5534843694470554	0.101897606873852
21707	0.2881557729000498	0.5559166173380892	0.15592760976186099
21708	0.05145710176191516	0.4337841791987357	0.514758719039349
21709	0.04809687686620037	0.4476275207402241	0.5042756023935755
21710	0.1039306721982031	0.5339675805982155	0.36210174720358146
21711	0.3633362471983215	0.4998950370646038	0.13676871573707455
21712	0.31494868736772136	0.552837519936845	0.1322137926954336
21713	0.31529841868327446	0.5581244719412322	0.1265771093754933
21714	0.17782007004477457	0.6449450233128606	0.17723490664236471
21715	0.15112606114947974	0.6256057305734973	0.22326820827702293
21716	0.3028642256708666	0.44685602459051943	0.2502797497386139
21717	0.31471264777222563	0.4465189430081877	0.23876840921958667
21718	0.19122573154597325	0.4611564655291485	0.3476178029248781
21719	0.014107448612926286	0.33453038898617443	0.6513621624008993
21720	0.10437549610348856	0.5694037100544991	0.32622079384201236
21721	0.25794146726389083	0.584810313271776	0.15724821946433312
21722	0.043605589916005084	0.6786911259582307	0.27770328412576417
21723	0.20637254313879266	0.6219107375136645	0.17171671934754282
21724	0.271577645052769	0.5311485965790544	0.19727375836817646
21725	0.08842404868189319	0.4515603833554635	0.4600155679626434
21726	0.3898152416042309	0.5064930485104177	0.1036917098853515
21727	0.2510221490474425	0.5449588527720088	0.2040189981805487
21728	0.3194907159033142	0.5588455893981753	0.12166369469851047
21729	0.15363533204365634	0.6165278252937024	0.22983684266264126
21730	0.22029594131776764	0.3881290517072531	0.3915750069749792
21731	0.5544285016535521	0.36714632385504153	0.07842517449140644
21732	0.10466107743734662	0.7507616583876094	0.14457726417504396
21733	0.30845841178194	0.5449148928211083	0.1466266953969518
21734	0.22473736710354025	0.6195353647541771	0.15572726814228255
21735	0.3512986345207792	0.517440294750348	0.1312610707288728
21736	0.05509134005378713	0.2772371063360991	0.6676715536101138
21737	0.0983676596282939	0.3465975143548253	0.5550348260168808
21738	0.1018494819571079	0.7591577813927015	0.13899273665019057
21739	0.35168589792087723	0.4969958306182631	0.15131827146085966
21740	0.24265302820581475	0.4114134470450387	0.3459335247491465
21741	0.21405103243248383	0.6483776253662281	0.13757134220128805
21742	0.3196995937895112	0.35484335041855897	0.3254570557919298
21743	0.41741666364852364	0.4714928708283954	0.1110904655230809
21744	0.34119173157988614	0.5035712936840631	0.15523697473605086
21745	0.2878659580175444	0.5776101680187601	0.1345238739636955
21746	0.3120489998146528	0.5608092449921261	0.12714175519322105
21747	0.23330678940080968	0.5362799485661929	0.23041326203299742
21748	0.055857964910404775	0.49832576045792304	0.44581627463167234
21749	0.2814494602242993	0.5884564775249046	0.13009406225079606
21750	0.2051856394034732	0.5079326676428979	0.2868816929536288
21751	0.28574715158937075	0.5699737131553229	0.14427913525530633
21752	0.06679545090103454	0.8451742264036304	0.08803032269533508
21753	0.3592906442272318	0.5324784368207429	0.10823091895202522
21754	0.4814692547430106	0.41744236931926465	0.10108837593772488
21755	0.15314431106201548	0.6467891843847956	0.20006650455318895
21756	0.056140888151315405	0.7945107282920482	0.1493483835566364
21757	0.19207347730607624	0.6451781304082324	0.16274839228569132
21758	0.36238977084536483	0.4369357681687517	0.20067446098588343
21759	0.15172185896254958	0.6054564851621126	0.24282165587533777
21760	0.018040529155802173	0.8897799102542051	0.0921795605899927
21761	0.09562208565253355	0.7947948579320087	0.10958305641545779
21762	0.24463273058766652	0.5809623086190323	0.17440496079330114
21763	0.08862559488236649	0.41588470844717035	0.49548969667046316
21764	0.3965313850244936	0.48169725456336243	0.12177136041214391
21765	0.21728037894060423	0.6380865613902401	0.1446330596691557
21766	0.3422078017573334	0.5508085534141195	0.10698364482854712
21767	0.32460176968938514	0.5850756351152265	0.09032259519538836
21768	0.16013962613396082	0.5944878064738769	0.24537256739216234
21769	0.2743978482032257	0.5967961308152054	0.12880602098156876
21770	0.2523706595974333	0.5168627797750789	0.23076656062748788
21771	0.25326708858648606	0.627337065005377	0.11939584640813695
21772	0.04585033844529848	0.4292630460186671	0.5248866155360344
21773	0.15803875222262295	0.6076646518359761	0.23429659594140093
21774	0.1826164612968662	0.7182460397613443	0.09913749894178955
21775	0.4271807306436658	0.47859136042922135	0.09422790892711298
21776	0.21232194370422836	0.5130018593558988	0.27467619693987283
21777	0.16122357156466355	0.695029181545719	0.1437472468896174
21778	0.09198709750500055	0.7603884825026692	0.14762441999233028
21779	0.33466068957017314	0.5159675383573785	0.14937177207244837
21780	0.20412779264385897	0.62777579679344	0.16809641056270105
21781	0.12941107074726763	0.6830432810067237	0.18754564824600867
21782	0.326688930722813	0.5700103947506138	0.10330067452657325
21783	0.12753159266442954	0.7470967392018302	0.1253716681337403
21784	0.22366318463069476	0.6234961372887855	0.15284067808051974
21785	0.3100166567093864	0.5746848361890257	0.11529850710158793
21786	0.2949005429348136	0.5872129048500119	0.1178865522151745
21787	0.170285168839213	0.667403617968617	0.16231121319217004
21788	0.053249233042691614	0.70013738812983	0.24661337882747844
21789	0.33366145900809435	0.5392893545532899	0.1270491864386157
21790	0.1715049888964924	0.40957870988715916	0.4189163012163484
21791	0.09346783316051334	0.742666568341365	0.16386559849812168
21792	0.340655541998193	0.5787826079938496	0.08056185000795746
21793	0.09594801743454043	0.7703168626391508	0.1337351199263087
21794	0.2343167823059063	0.598806186973222	0.1668770307208717
21795	0.40942664218466823	0.444103812239362	0.14646954557596978
21796	0.2793465035448141	0.35633393553071563	0.3643195609244702
21797	0.3688075108398258	0.48808748609147595	0.14310500306869822
21798	0.5318995692723786	0.37171264190363884	0.09638778882398251
21799	0.10690478684877248	0.6442803955184189	0.24881481763280874
21800	0.1616827217280516	0.6459556304367868	0.19236164783516158
21801	0.45509693062754425	0.4183402702336966	0.12656279913875904
21802	0.21117296920754644	0.6149168597609338	0.17391017103151976
21803	0.3306335482101153	0.5404605591436041	0.12890589264628063
21804	0.21161674654342158	0.6470472108843424	0.14133604257223606
21805	0.04040295147178607	0.8473548228656775	0.11224222566253637
21806	0.08825847699045732	0.7786142949549869	0.13312722805455576
21807	0.28483992834378635	0.4968292281265557	0.21833084352965784
21808	0.34036875147237955	0.5370993720307715	0.12253187649684895
21809	0.25581436947540626	0.5150825075591433	0.2291031229654504
21810	0.3077772333691601	0.5621577169333293	0.1300650496975106
21811	0.30109805458807876	0.5594711039616301	0.13943084145029114
21812	0.46590876559945416	0.48249132614782275	0.051599908252722974
21813	0.17993754799647663	0.6589952328611574	0.16106721914236607
21814	0.2343167823059063	0.598806186973222	0.1668770307208717
21815	0.0595854984863351	0.4692104362412646	0.4712040652724003
21816	0.18947386836543473	0.5302203891409196	0.2803057424936456
21817	0.2767573998844565	0.6132590882371282	0.10998351187841536
21818	0.3594356848374048	0.40139398573542995	0.2391703294271652
21819	0.25220039935647803	0.4922693633101727	0.25553023733334945
21820	0.10863894735200572	0.7560358903687944	0.13532516227919986
21821	0.3171218028388131	0.5459466260949136	0.13693157106627332
21822	0.25348610171519564	0.5997637267352077	0.14675017154959666
21823	0.14141648702285578	0.6258185320817932	0.23276498089535114
21824	0.2563457062575987	0.5958960183332128	0.14775827540918848
21825	0.2944748574233395	0.5684783198632809	0.13704682271337948
21826	0.10987476283335698	0.7812427845320833	0.10888245263455977
21827	0.3688834959652306	0.5230281369201474	0.10808836711462205
21828	0.005916978395944669	0.9555847466510677	0.03849827495298753
21829	0.212880087289933	0.6299874803505318	0.15713243235953525
21830	0.2914493257199644	0.5613230315723234	0.1472276427077121
21831	0.303309728969871	0.46708760825298395	0.22960266277714506
21832	0.20735381858090174	0.6515008173570569	0.14114536406204128
21833	0.46662415627236065	0.46430854586092324	0.06906729786671602
21834	0.2058818030274981	0.5338449347787898	0.2602732621937121
21835	0.2865047870104568	0.5175224521665298	0.19597276082301338
21836	0.20613616457312517	0.6452693699041261	0.1485944655227487
21837	0.15441924092226753	0.3714936228857684	0.4740871361919641
21838	0.31981055625937216	0.5176464661893547	0.1625429775512731
21839	0.06645800486516819	0.4294781549536148	0.504063840181217
21840	0.2261895140365586	0.6361008290469434	0.13770965691649797
21841	0.039114090790702785	0.7866067148720822	0.17427919433721498
21842	0.13049216389308452	0.501098297816467	0.3684095382904486
21843	0.3067004876525822	0.5115968782638336	0.18170263408358417
21844	0.1018494819571079	0.7591577813927015	0.13899273665019057
21845	0.18974110668045094	0.633927887673995	0.17633100564555398
21846	0.3923511436626449	0.4815391052420457	0.1261097510953094
21847	0.38079396612285404	0.47738941522686673	0.14181661865027914
21848	0.052351706633944686	0.7003124792061323	0.24733581415992303
21849	0.14190124406559582	0.49223268239689605	0.3658660735375081
21850	0.32880810103454255	0.572957869967079	0.0982340289983783
21851	0.2454177386749047	0.6856298750562069	0.06895238626888835
21852	0.16455530686911155	0.6722438604327831	0.16320083269810534
21853	0.26010331651175655	0.5752591727880989	0.1646375107001446
21854	0.23391764247462163	0.3819368192355775	0.3841455382898009
21855	0.18780401696755036	0.6092129287421301	0.20298305429031957
21856	0.28926894014075144	0.5168873368831913	0.1938437229760572
21857	0.05428542060901553	0.5153579014914297	0.4303566778995548
21858	0.1280855211707213	0.6475847766450863	0.22432970218419238
21859	0.2954276162900924	0.5943101275005106	0.11026225620939707
21860	0.08219094193027503	0.4507893740967906	0.4670196839729346
21861	0.3632654393590955	0.5053804682207448	0.13135409242015955
21862	0.17985393767817368	0.3473200504980375	0.4728260118237889
21863	0.3570324393871873	0.48128111730511836	0.16168644330769444
21864	0.17211865001465482	0.4103768206259593	0.41750452935938587
21865	0.03540439535569121	0.43630262222991023	0.5282929824143986
21866	0.3886217270358224	0.4939553534780048	0.1174229194861727
21867	0.14909424171765615	0.6614814321407964	0.18942432614154753
21868	0.3097655272306807	0.5678911578805413	0.12234331488877803
21869	0.2637645423860743	0.48763003747115646	0.2486054201427693
21870	0.09213220459767368	0.7710597673511107	0.13680802805121559
21871	0.2781921435457856	0.5089717854749124	0.21283607097930202
21872	0.12913184099621391	0.729140769876247	0.14172738912753916
21873	0.3524911154049276	0.5078656010438783	0.139643283551194
21874	0.1295314073260362	0.7372541671398741	0.13321442553408966
21875	0.4002209600198103	0.4708621762318998	0.1289168637482899
21876	0.2628720574888641	0.5987547059201695	0.13837323659096645
21877	0.053759350479034435	0.4477986756969845	0.49844197382398103
21878	0.29634020192953947	0.5641642106729595	0.13949558739750104
21879	0.05474003562595285	0.4716235977538522	0.47363636662019487
21880	0.3733490474232448	0.508154692774733	0.11849625980202198
21881	0.16681672912870205	0.6309382500780084	0.20224502079328957
21882	0.10877469682239216	0.6469800302046949	0.24424527297291304
21883	0.21065387199565755	0.5428112238781032	0.24653490412623924
21884	0.2019746410111429	0.5887227988025647	0.20930256018629229
21885	0.1607844450615585	0.48195756450355975	0.3572579904348817
21886	0.10259820479400773	0.7025681467157987	0.19483364849019355
21887	0.09224914616548914	0.6640432725449014	0.24370758128960937
21888	0.2511500044620448	0.6198310635267986	0.12901893201115663
21889	0.2657628623649473	0.6367365686662122	0.09750056896884053
21890	0.301700903570636	0.6262688428195838	0.07203025360978019
21891	0.08652147757596822	0.8108379119231204	0.1026406105009114
21892	0.4791818607435349	0.4508019324532728	0.07001620680319219
21893	0.048420803386994615	0.7997588947770806	0.15182030183592474
21894	0.2124426985883822	0.6195310639049234	0.16802623750669438
21895	0.23846608221254892	0.5675968550747629	0.1939370627126881
21896	0.11605968040565297	0.48300914771784226	0.4009311718765048
21897	0.1765750332115474	0.6194166042477705	0.2040083625406821
21898	0.12345124959992378	0.7019944791315558	0.1745542712685204
21899	0.3473600338311333	0.5465752790386703	0.10606468713019639
21900	0.24557904215641452	0.47538335753937205	0.2790376003042133
21901	0.3920801040243586	0.46403819638961724	0.14388169958602423
21902	0.04496378078871444	0.5572970697877845	0.3977391494235011
21903	0.2346711585991433	0.6274948327612502	0.13783400863960654
21904	0.1018494819571079	0.7591577813927015	0.13899273665019057
21905	0.30374784941516564	0.5545946419811897	0.14165750860364473
21906	0.17676852233439766	0.6963861628457361	0.12684531481986627
21907	0.08816749527784647	0.6956831420828651	0.21614936263928844
21908	0.30397020585596196	0.5085268477000695	0.18750294644396856
21909	0.1207014411598824	0.710577964032812	0.16872059480730553
21910	0.2947186651605554	0.5550422511977994	0.15023908364164523
21911	0.30374784941516564	0.5545946419811897	0.14165750860364473
21912	0.4409296534547246	0.4946003501610638	0.0644699963842116
21913	0.3558258490177203	0.5548947900788331	0.08927936090344644
21914	0.08163996834309324	0.7931163081003979	0.1252437235565088
21915	0.26047424548944087	0.6086648321263978	0.13086092238416136
21916	0.047261741651000125	0.3513449630196882	0.6013932953293117
21917	0.2145755420388362	0.6330553666366983	0.15236909132446552
21918	0.22785150336542484	0.4818856504460387	0.29026284618853654
21919	0.1437577648862674	0.47645570545648336	0.37978652965724913
21920	0.2143868768341444	0.684173602591475	0.1014395205743806
21921	0.32208205292417297	0.5820181874554712	0.09589975962035588
21922	0.27117724265348986	0.502870079673077	0.22595267767343324
21923	0.227123470718973	0.47620499473123484	0.2966715345497923
21924	0.14592517302680638	0.33255182101935704	0.5215230059538366
21925	0.23160599907714527	0.6025873783852388	0.16580662253761588
21926	0.15731388445123462	0.4383330220793568	0.4043530934694087
21927	0.05970626971141958	0.8132978012358204	0.12699592905276008
21928	0.4612236875406388	0.43548202678717185	0.10329428567218935
21929	0.416872760947994	0.481043416169618	0.10208382288238795
21930	0.23939923809773087	0.5263770362814633	0.2342237256208059
21931	0.5085996441217799	0.3985449631231724	0.09285539275504755
21932	0.2468101996243952	0.550362289490976	0.20282751088462872
21933	0.37007711435875434	0.4786967086962174	0.15122617694502835
21934	0.20000333068572382	0.5702231815391164	0.22977348777515966
21935	0.1199409709108771	0.6467417454635855	0.23331728362553739
21936	0.17235009445476526	0.663389784690184	0.16426012085505073
21937	0.26476618447381467	0.6360649097949405	0.09916890573124483
21938	0.20063422160291566	0.5935785093174016	0.2057872690796827
21939	0.07053993717268567	0.665094756894405	0.26436530593290936
21940	0.29418002723985703	0.5553647503231011	0.15045522243704193
21941	0.07675753254848704	0.7937385299880254	0.12950393746348757
21942	0.180454107467926	0.6916807213877451	0.127865171144329
21943	0.19952036001942766	0.4214082108314788	0.3790714291490937
21944	0.1220416049479105	0.42805955806015517	0.4498988369919343
21945	0.10087506079325094	0.45441516668884446	0.4447097725179046
21946	0.22780027408648262	0.6483683656825383	0.12383136023097904
21947	0.13776599773490503	0.4310815960548261	0.431152406210269
21948	0.3027038901590754	0.5070136472129265	0.190282462627998
21949	0.0745592949670163	0.6718245886886158	0.253616116344368
21950	0.2928534325966232	0.5824228352667744	0.12472373213660246
21951	0.18971903870008888	0.6795720153033838	0.1307089459965272
21952	0.31635105915193446	0.5525079192298059	0.13114102161825963
21953	0.3323255961967687	0.5393641285019505	0.1283102753012809
21954	0.23728019263066782	0.4820378762260898	0.28068193114324236
21955	0.24165764046699043	0.621199610239773	0.1371427492932366
21956	0.29930449534569115	0.5779261482676836	0.12276935638662523
21957	0.20020564846565564	0.6289338190651401	0.1708605324692043
21958	0.22763510833479686	0.6463156356804629	0.12604925598474015
21959	0.32911099916301184	0.5037874143418304	0.16710158649515772
21960	0.3411869206244838	0.49204610847563507	0.16676697089988116
21961	0.3407370950757272	0.5344419454815804	0.12482095944269231
21962	0.25258184949995804	0.5152124716319116	0.2322056788681304
21963	0.086599709874054	0.79312431554548	0.12027597458046602
21964	0.271666725041898	0.6033831977383047	0.12495007721979731
21965	0.3907594391972387	0.48777555125140526	0.12146500955135602
21966	0.2580683218758688	0.5685118981210057	0.17341978000312555
21967	0.4344757900504289	0.4432393812444506	0.1222848287051204
21968	0.36426374731094013	0.5032626958114635	0.13247355687759632
21969	0.12307155933003633	0.5673903499807188	0.3095380906892448
21970	0.3190081674475742	0.5490674381906316	0.13192439436179418
21971	0.21168946155704915	0.6489325449986817	0.1393779934442692
21972	0.25968766840912094	0.6152846106721923	0.1250277209186868
21973	0.24062230281207592	0.6142385130308309	0.1451391841570933
21974	0.27318661928452204	0.6275004123802675	0.09931296833521043
21975	0.27318661928452204	0.6275004123802675	0.09931296833521043
21976	0.2629762193571702	0.6002179756229401	0.13680580501988965
21977	0.39733005857917036	0.48595555887871855	0.11671438254211104
21978	0.08279100885168221	0.7354722345533139	0.1817367565950039
21979	0.28525625117893444	0.5643855271875279	0.15035822163353763
21980	0.04074265947895778	0.4599668059694522	0.49929053455158995
21981	0.28541296984214887	0.5693331138759776	0.14525391628187362
21982	0.11666064972200954	0.463412572354951	0.41992677792303945
21983	0.04830231978889771	0.7736585741176925	0.17803910609340984
21984	0.20817810620407573	0.5653678017965804	0.22645409199934394
21985	0.18165701528832717	0.4282043315492922	0.39013865316238056
21986	0.2217236876713304	0.5573752292666482	0.22090108306202144
21987	0.2200489525651283	0.49978436753437355	0.28016667990049826
21988	0.06161629785384745	0.5233909671204222	0.41499273502573014
21989	0.13840942830649042	0.5645743625926544	0.29701620910085513
21990	0.18934452158316065	0.6213200683201853	0.18933541009665414
21991	0.09801485869281369	0.3945281846227032	0.5074569566844831
21992	0.06407571940392495	0.7804439392756937	0.15548034132038133
21993	0.2671252511792257	0.526166815308144	0.20670793351263028
21994	0.16942497283763158	0.5432119113867356	0.2873631157756328
21995	0.3134419509887659	0.5579063935345515	0.12865165547668256
21996	0.1590322354640178	0.6462957357132205	0.19467202882276163
21997	0.3018554703965434	0.5043736392918093	0.1937708903116473
21998	0.15533183519247046	0.48155141043910277	0.36311675436842683
21999	0.07174154981868512	0.7805571670071655	0.14770128317414932
22000	0.30374784941516564	0.5545946419811897	0.14165750860364473
22001	0.30374784941516564	0.5545946419811897	0.14165750860364473
22002	0.19154047876777425	0.6035684168466725	0.20489110438555327
22003	0.13020705816259626	0.4935874532639437	0.37620548857346
22004	0.3575314398294386	0.5046460139099164	0.13782254626064486
22005	0.055075580183437604	0.43667523451039253	0.5082491853061698
22006	0.28523260773403786	0.5392269879511636	0.17554040431479853
22007	0.24961548272204045	0.5152495163842453	0.2351350008937142
22008	0.08196085137690907	0.4313385463288157	0.4867006022942752
22009	0.5658169547092365	0.334943732537683	0.09923931275308041
22010	0.21870648981202845	0.621702312622603	0.15959119756536855
22011	0.20234664449224607	0.6394511216005997	0.15820223390715416
22012	0.3707241907921732	0.5120515834261958	0.1172242257816311
22013	0.12859723418191804	0.7434584934218794	0.12794427239620257
22014	0.1983891952678155	0.6794212338285924	0.12218957090359213
22015	0.24640321346315563	0.6354810460609609	0.11811574047588352
22016	0.2059677241313671	0.6158098212413502	0.17822245462728276
22017	0.21201821760220846	0.42261667631383304	0.36536510608395856
22018	0.062059414068798016	0.4694534558826907	0.4684871300485113
22019	0.3251953547340076	0.5597460862028787	0.11505855906311366
22020	0.47252013883422556	0.43471621028231133	0.09276365088346324
22021	0.27705108906259984	0.5709801145662342	0.151968796371166
22022	0.1018494819571079	0.7591577813927015	0.13899273665019057
22023	0.1600674787954912	0.7382289530731311	0.10170356813137778
22024	0.4530017505978115	0.4399905590854654	0.10700769031672311
22025	0.2073783676281549	0.5978078800961062	0.19481375227573886
22026	0.07976022928271906	0.4632870364831191	0.4569527342341619
22027	0.19839306582163074	0.587342212386835	0.21426472179153425
22028	0.2414435502524615	0.4709724672611312	0.2875839824864073
22029	0.3142070596542914	0.4284194961281358	0.25737344421757286
22030	0.2555555704052084	0.6398096277971563	0.10463480179763525
22031	0.049791423622271284	0.4323526442663059	0.5178559321114228
22032	0.07110765855648143	0.4696040043898354	0.4592883370536832
22033	0.35000484553368066	0.5428044844201327	0.10719067004618657
22034	0.31254942357546417	0.5311735921053677	0.15627698431916803
22035	0.20666354117393054	0.6285343104987652	0.16480214832730422
22036	0.19888627637933495	0.4683696147634024	0.33274410885726263
22037	0.31163355555517636	0.5266138739330591	0.1617525705117646
22038	0.22492133718377663	0.6828982631758846	0.09218039964033876
22039	0.2361928396627113	0.667336534484164	0.09647062585312485
22040	0.06798445202390886	0.6773250344899464	0.25469051348614474
22041	0.1797466103172159	0.6904533636477691	0.129800026035015
22042	0.2283060300342261	0.5201911330000919	0.25150283696568204
22043	0.31124807709112745	0.5008392137614364	0.18791270914743632
22044	0.22413391676739353	0.6591020920454518	0.11676399118715466
22045	0.22464861319195817	0.6920058734111492	0.08334551339689264
22046	0.15214142833411903	0.7488680996507254	0.09899047201515555
22047	0.2195431059096854	0.5291243594129261	0.2513325346773885
22048	0.07241247798556555	0.8007714830393998	0.12681603897503457
22049	0.23815590288087102	0.6371256858133884	0.12471841130574053
22050	0.008707901423991613	0.8564658262986666	0.1348262722773417
22051	0.24234388368278031	0.4864457909626217	0.2712103253545979
22052	0.02930541504511837	0.6263964294335865	0.34429815552129495
22053	0.0686389613726757	0.7832328266791655	0.14812821194815876
22054	0.006599344085245286	0.4913557271912498	0.5020449287235048
22055	0.05553335480858196	0.7038378544871643	0.24062879070425375
22056	0.26876662866438283	0.5974981331914652	0.13373523814415192
22057	0.08826431656573569	0.32679269125610844	0.5849429921781559
22058	0.08339722458675862	0.677709543557045	0.23889323185619635
22059	0.025151605314110623	0.4306544477101047	0.5441939469757847
22060	0.19394371926867676	0.5593320547738889	0.24672422595743426
22061	0.0595854984863351	0.4692104362412646	0.4712040652724003
22062	0.22433865871888875	0.5085399979994133	0.267121343281698
22063	0.037454454902758276	0.3830565117473009	0.579489033349941
22064	0.15451958919102546	0.7178357390722074	0.12764467173676716
22065	0.15987485880177424	0.45939969456327384	0.38072544663495184
22066	0.3672604466914506	0.521936923617474	0.11080262969107547
22067	0.39885603762756705	0.45832859937426074	0.14281536299817219
22068	0.1730703178555377	0.662969822790848	0.16395985935361418
22069	0.2715277499041586	0.5709919613076868	0.15748028878815462
22070	0.08669190531195595	0.48574341652324304	0.42756467816480104
22071	0.11056795961178606	0.698249338496879	0.1911827018913349
22072	0.38709870869283514	0.4547785529482752	0.1581227383588898
22073	0.1368327984810041	0.4444002443059906	0.4187669572130054
22074	0.2847731882436019	0.589881386818321	0.12534542493807704
22075	0.05499761262710634	0.364266635030475	0.5807357523424186
22076	0.145783337135052	0.4857591688193907	0.3684574940455574
22077	0.3691718315194193	0.5195085929333385	0.11131957554724212
22078	0.24674370442113613	0.426700501421556	0.3265557941573079
22079	0.05374295528433669	0.48795867275687815	0.45829837195878514
22080	0.27658397007200075	0.5847624591042312	0.13865357082376803
22081	0.39733005857917036	0.48595555887871855	0.11671438254211104
22082	0.0716538551407221	0.41229261496421094	0.516053529895067
22083	0.3422526614972769	0.48886338170218513	0.168883956800538
22084	0.17693220581229693	0.6635238868738429	0.1595439073138601
22085	0.2669383571454308	0.6268626394940547	0.10619900336051444
22086	0.3603417186989693	0.5310724360831947	0.10858584521783592
22087	0.24786583837577988	0.6073572061649305	0.14477695545928965
22088	0.26335486838332295	0.3934686977359376	0.3431764338807395
22089	0.2589869779475769	0.5932151910325246	0.14779783101989846
22090	0.31794013978064556	0.5498682751452619	0.13219158507409243
22091	0.18863712729373558	0.5897873578803227	0.22157551482594176
22092	0.40662702489162256	0.48343052073312087	0.10994245437525674
22093	0.30833146598373384	0.48754769579873036	0.20412083821753588
22094	0.22607461593463074	0.6295849284733334	0.14434045559203595
22095	0.03364774625600199	0.6949300581663808	0.27142219557761715
22096	0.25070784457855283	0.6211134268062791	0.12817872861516794
22097	0.32521962580867914	0.546457083810852	0.1283232903804688
22098	0.2701476258863946	0.5032667622691072	0.22658561184449807
22099	0.06809895121808855	0.7899035802865312	0.14199746849538025
22100	0.13154790518113715	0.622156302710894	0.24629579210796887
22101	0.0653994493758375	0.4599959050272492	0.47460464559691323
22102	0.32099193612370924	0.537425066242216	0.14158299763407473
22103	0.2774931366511958	0.5509140088769197	0.1715928544718846
22104	0.4829035419319399	0.41325460320447993	0.10384185486358019
22105	0.10741474989457717	0.7623444834227047	0.13024076668271814
22106	0.32505446497996815	0.5028189092322245	0.17212662578780738
22107	0.24424608953505558	0.6138498747033135	0.14190403576163088
22108	0.17898293320586556	0.5499092559043636	0.27110781088977093
22109	0.38647151648651823	0.4328100160633205	0.18071846745016124
22110	0.20541827828432452	0.5531872780384399	0.24139444367723545
22111	0.2449218646965309	0.6375723520916672	0.11750578321180188
22112	0.14400665154332337	0.7545598879914437	0.10143346046523288
22113	0.3293689007142928	0.5665549413285025	0.10407615795720472
22114	0.1243436500656975	0.7427088154997931	0.13294753443450946
22115	0.259962667923311	0.5638567802587517	0.1761805518179372
22116	0.24057648670689746	0.4083345527504232	0.3510889605426793
22117	0.423993595744886	0.4537523097742025	0.12225409448091158
22118	0.09243652396838309	0.7437099159711716	0.16385356006044527
22119	0.1411245411925642	0.5930245567122026	0.26585090209523327
22120	0.2322679574148707	0.5165918456443127	0.25114019694081663
22121	0.38804804972627793	0.502693459872898	0.1092584904008239
22122	0.38472231937036333	0.4942439730617886	0.12103370756784809
22123	0.3799876028598873	0.5220238248756062	0.09798857226450651
22124	0.29405521957026504	0.5428869209775369	0.16305785945219806
22125	0.23632902263275107	0.5829355826699616	0.1807353946972873
22126	0.1772338800427058	0.6222900280225446	0.20047609193474955
22127	0.10376594054356252	0.7571382868294774	0.1390957726269601
22128	0.02897623887827035	0.4418610213435278	0.5291627397782018
22129	0.2005645076206739	0.6148448025706466	0.18459068980867951
22130	0.07031854207695448	0.7297989306913442	0.19988252723170144
22131	0.2975350896930732	0.5257619769294308	0.17670293337749593
22132	0.15468643343871094	0.492390430518553	0.35292313604273606
22133	0.220439824162452	0.6580948557696379	0.1214653200679102
22134	0.19538967056429324	0.5646698241966626	0.2399405052390442
22135	0.2613373836088949	0.55422946603941	0.18443315035169505
22136	0.12735284617855203	0.726867394040806	0.1457797597806419
22137	0.293043893233448	0.411428391521145	0.2955277152454071
22138	0.3404243882904254	0.5400291949915987	0.1195464167179758
22139	0.12673178821887654	0.433461906048744	0.43980630573237933
22140	0.2719494934774939	0.5889317340537857	0.13911877246872037
22141	0.08640312115148092	0.7763139977501166	0.1372828810984026
22142	0.27186814816981	0.5854314766798485	0.1427003751503414
22143	0.055964587171187546	0.44125050149248	0.5027849113363324
22144	0.055964587171187546	0.44125050149248	0.5027849113363324
22145	0.13091632945387266	0.589907572392815	0.27917609815331235
22146	0.3819829706472285	0.49717903358749904	0.12083799576527246
22147	0.22261558772088447	0.6575226892652393	0.11986172301387633
22148	0.21099380358455078	0.5964029742936606	0.1926032221217886
22149	0.17374416705502357	0.5946135521006937	0.23164228084428276
22150	0.24702129479356102	0.5795400562341599	0.1734386489722791
22151	0.3464581445680852	0.5059369950229318	0.147604860408983
22152	0.13586740979983275	0.6538248538899972	0.21030773631017002
22153	0.19898129412650412	0.6434035821302103	0.15761512374328554
22154	0.16226132805223806	0.6800461275708201	0.157692544376942
22155	0.27170860058851914	0.583436722412018	0.1448546769994628
22156	0.3800107188255629	0.5124245409768543	0.10756474019758266
22157	0.10848252669074376	0.7577241991955684	0.1337932741136878
22158	0.3160627321729112	0.5486648591181442	0.1352724087089445
22159	0.2591037991811095	0.630451554312505	0.11044464650638541
22160	0.3230435298876283	0.4449047237741539	0.23205174633821762
22161	0.039723945653177856	0.4880418182068269	0.47223423613999505
22162	0.24225301470936114	0.6266205050029454	0.13112648028769358
22163	0.09974065406686128	0.7457500467271285	0.1545092992060102
22164	0.08417821762039099	0.7844351131495114	0.13138666923009754
22165	0.15380987421445666	0.4032195563344118	0.44297056945113167
22166	0.07738430110277879	0.7895917160221939	0.1330239828750273
22167	0.2509641705926404	0.5663020256922572	0.18273380371510237
22168	0.09721378713791715	0.5736054602968841	0.32918075256519874
22169	0.31958043502210104	0.5572495022703238	0.12317006270757523
22170	0.4742901005894781	0.4318948677739672	0.09381503163655461
22171	0.16005851449502959	0.46139805014786983	0.37854343535710056
22172	0.22847475215291924	0.6593779768142461	0.11214727103283463
22173	0.16441648990338786	0.7656804278094741	0.06990308228713801
22174	0.1299134880355216	0.5910368727516018	0.2790496392128766
22175	0.11127027586424472	0.7355671846491818	0.15316253948657346
22176	0.2082305930706685	0.3358983519111459	0.4558710550181856
22177	0.16161019281675293	0.5644700421373745	0.27391976504587257
22178	0.08479685297237724	0.7759255428815524	0.13927760414607035
22179	0.2684266581581364	0.5864839236344427	0.14508941820742097
22180	0.2687681700523502	0.5456548781590035	0.1855769517886462
22181	0.2503332640258352	0.5752707650053561	0.17439597096880863
22182	0.3904586269059139	0.5251331147560061	0.08440825833807997
22183	0.2713400823315385	0.5790479130601497	0.14961200460831178
22184	0.2685609715303233	0.5820282749806455	0.14941075348903118
22185	0.2733364970581142	0.6080829664888315	0.11858053645305425
22186	0.14406965736271107	0.41668761517760466	0.43924272745968423
22187	0.29913371643951825	0.5632388344513796	0.13762744910910216
22188	0.24062230281207592	0.6142385130308309	0.1451391841570933
22189	0.019049001857461164	0.26678505421029947	0.7141659439322392
22190	0.2876943395198757	0.5176179624853391	0.1946876979947852
22191	0.45849474709769433	0.41424218328843815	0.12726306961386746
22192	0.2539883558780561	0.6346266179350357	0.11138502618690813
22193	0.3067714271663316	0.5646075107316174	0.12862106210205104
22194	0.32523681439998736	0.5359787655056709	0.1387844200943418
22195	0.15763589013519178	0.6385212881423671	0.20384282172244114
22196	0.25245031619652214	0.5502095034295185	0.19734018037395937
22197	0.5022735267625108	0.3842690384280905	0.11345743480939863
22198	0.15693973191854013	0.5781539985415685	0.2649062695398913
22199	0.22759741682336118	0.5697649677059289	0.20263761547070996
22200	0.1661856114140521	0.689461338842257	0.14435304974369076
22201	0.26353084400713417	0.5973339631555817	0.1391351928372841
22202	0.09233736778843978	0.7501621142383929	0.15750051797316736
22203	0.05774257043040085	0.4515958266712886	0.49066160289831046
22204	0.08726786105638697	0.5671048777381779	0.345627261205435
22205	0.2727439781990642	0.6040595210834089	0.12319650071752695
22206	0.46402091569527054	0.4436809580059726	0.09229812629875675
22207	0.08796176846641544	0.5131712876344553	0.39886694389912924
22208	0.2920827788242196	0.5622831033765633	0.14563411779921714
22209	0.19210171990977817	0.44492661035338593	0.3629716697368359
22210	0.27953092580661043	0.6051299377389664	0.11533913645442319
22211	0.20392337218538756	0.6350109640550587	0.16106566375955375
22212	0.20518523925958956	0.46242506983642245	0.332389690903988
22213	0.33472448901879603	0.5241684906704187	0.14110702031078537
22214	0.4801630975450389	0.42929954929080844	0.09053735316415264
22215	0.15267755949402104	0.6853315340249034	0.16199090648107553
22216	0.2455604457879286	0.5973808868600645	0.15705866735200685
22217	0.05562742614271078	0.36890160387403803	0.5754709699832511
22218	0.1470729577616816	0.48972650172060245	0.363200540517716
22219	0.21640670332801565	0.654950133192348	0.12864316347963642
22220	0.052667627306853294	0.6595867564952733	0.28774561619787337
22221	0.12059998769485937	0.7334304554115713	0.1459695568935694
22222	0.20273258041568717	0.6578385584618943	0.1394288611224185
22223	0.20093498932739584	0.6426967610533068	0.1563682496192974
22224	0.14644216857456213	0.5722920220996882	0.2812658093257497
22225	0.1686430314876484	0.6477223083641972	0.18363466014815438
22226	0.23903211021758516	0.6266888703960714	0.1342790193863435
22227	0.051615437485619	0.48708889915800063	0.46129566335638045
22228	0.4469020963646116	0.47257835670989107	0.08051954692549718
22229	0.35925817303983193	0.5418623812996812	0.09887944566048686
22230	0.5650467572991462	0.3469881369306039	0.08796510577025003
22231	0.17049506327698147	0.46507467636529154	0.364430260357727
22232	0.19045319954821177	0.6636044494991782	0.14594235095261004
22233	0.11343649041795653	0.6299675132277506	0.2565959963542929
22234	0.26728888238948445	0.6209717137801709	0.11173940383034472
22235	0.35441512195756464	0.4940089074557653	0.15157597058667002
22236	0.4444599629641288	0.4614945882846284	0.09404544875124293
22237	0.1518733349539487	0.40272562885389046	0.44540103619216087
22238	0.0029707282896357366	0.9056985177626835	0.09133075394768077
22239	0.13352356697524662	0.7491321767713014	0.11734425625345199
22240	0.12453960720026787	0.4956364521627104	0.3798239406370217
22241	0.0945029460754602	0.5292899385083234	0.3762071154162163
22242	0.35772434806066866	0.5016386375367061	0.14063701440262516
22243	0.13977154165325212	0.4726503803009214	0.38757807804582656
22244	0.26377566829750354	0.5433071584080915	0.19291717329440497
22245	0.19774542115553068	0.579883894744003	0.22237068410046631
22246	0.36427635655854695	0.5133939627766023	0.12232968066485078
22247	0.10248967944983893	0.6626017234180643	0.2349085971320968
22248	0.18061692635407967	0.47473624921787216	0.3446468244280482
22249	0.05541457450972872	0.45791498536821124	0.48667044012206
22250	0.17890659746748278	0.45371500203126675	0.3673784005012505
22251	0.17450790861111412	0.5911054462274672	0.23438664516141874
